-2.0 4.1601529472659733e-08 0.0
-1.99 1.194608502683938e-07 0.0
-1.98 1.3899504487497223e-07 0.0
-1.97 8.900508055833541e-08 0.0
-1.96 3.3994872209210964e-08 0.0
-1.95 5.4329293640349795e-08 0.0
-1.94 1.335730596452948e-07 0.0
-1.93 1.9471907679344689e-07 0.0
-1.92 1.8321858509786666e-07 0.0
-1.91 1.45641808207837e-07 0.0
-1.9 1.5503161962956754e-07 0.0
-1.89 2.3140411110445833e-07 0.0
-1.88 3.1617439808466705e-07 0.0
-1.87 3.5781745587599395e-07 0.0
-1.8599999999999999 3.7212835879778143e-07 0.0
-1.85 4.080731560071452e-07 0.0
-1.84 4.992198572501524e-07 0.0
-1.83 6.09313585189598e-07 0.0
-1.82 7.073082509650036e-07 0.0
-1.81 8.035365570483282e-07 0.0
-1.8 9.417054060386126e-07 0.0
-1.79 1.094156210068531e-06 0.0
-1.78 1.2595393204107581e-06 0.0
-1.77 1.4422449625841474e-06 0.0
-1.76 1.669076729346321e-06 0.0
-1.75 1.974740890790281e-06 0.0
-1.74 2.316727703389685e-06 0.0
-1.73 2.6233867933897677e-06 0.0
-1.72 2.9490434701471393e-06 0.0
-1.71 3.4110837133224836e-06 0.0
-1.7 3.992119901720992e-06 0.0
-1.69 4.6621805303737985e-06 0.0
-1.68 5.308942958285767e-06 0.0
-1.67 5.95759176096012e-06 0.0
-1.66 6.796750037442061e-06 0.0
-1.65 7.861241128917392e-06 0.0
-1.6400000000000001 9.084473368154968e-06 0.0
-1.63 1.0337355035093614e-05 0.0
-1.62 1.1697971716418366e-05 0.0
-1.6099999999999999 1.319964238783276e-05 0.0
-1.6 1.5101038174999122e-05 0.0
-1.5899999999999999 1.71883722453332e-05 0.0
-1.58 1.9536686917460658e-05 0.0
-1.57 2.2067804006302897e-05 0.0
-1.56 2.491042338324374e-05 0.0
-1.55 2.8102533074614544e-05 0.0
-1.54 3.1650257440142944e-05 0.0
-1.53 3.569716435000244e-05 0.0
-1.52 4.021014184368491e-05 0.0
-1.51 4.528117569351466e-05 0.0
-1.5 5.0647636444857324e-05 0.0
-1.49 5.6522192347648414e-05 0.0
-1.48 6.31445111703231e-05 0.0
-1.47 7.082471783373474e-05 0.0
-1.46 7.924712190958966e-05 0.0
-1.45 8.813751266928069e-05 0.0
-1.44 9.755461020424371e-05 0.0
-1.43 0.0001080647662434153 0.0
-1.42 0.00012025135811402167 0.0
-1.4100000000000001 0.0001336258299347544 0.0
-1.4 0.0001475443425519067 0.0
-1.3900000000000001 0.00016230887657794294 0.0
-1.38 0.00017837448501607426 0.0
-1.37 0.00019669176354153737 0.0
-1.3599999999999999 0.0002168068944259827 0.0
-1.35 0.00023760583365026527 0.0
-1.3399999999999999 0.00025981217770451636 0.0
-1.33 0.00028345115448099244 0.0
-1.3199999999999998 0.0003098361509001206 0.0
-1.31 0.0003383150750772873 0.0
-1.2999999999999998 0.00036812918820033045 0.0
-1.29 0.0003998517226253697 0.0
-1.28 0.0004333479654308479 0.0
-1.27 0.00046964364691844183 0.0
-1.26 0.0005080753661762002 0.0
-1.25 0.000548915593662809 0.0
-1.24 0.0005921780835128249 0.0
-1.23 0.0006376359289756862 0.0
-1.22 0.0006853860595710158 0.0
-1.21 0.0007353346762030854 0.0
-1.2 0.0007886465702963038 0.0
-1.19 0.0008450674504125389 0.0
-1.18 0.0009036438210529524 0.0
-1.17 0.0009636518483523974 0.0
-1.1600000000000001 0.0010258987365291254 0.0
-1.15 0.0010918874838570709 0.0
-1.1400000000000001 0.0011614378823925956 0.0
-1.13 0.0012321870165323953 0.0
-1.12 0.0013034280713662926 0.0
-1.1099999999999999 0.0013765802753344094 0.0
-1.1 0.001452821036433953 0.0
-1.0899999999999999 0.0015319602561506263 0.0
-1.08 0.001610310242444875 0.0
-1.0699999999999998 0.0016881459135550834 0.0
-1.06 0.0017665677215949356 0.0
-1.0499999999999998 0.0018455116632084348 0.0
-1.04 0.0019249090235157415 0.0
-1.03 0.0020009237969358497 0.0
-1.02 0.0020745840298295867 0.0
-1.01 0.0021457262413397044 0.0
-1.0 0.00221272006411125 0.0
-0.99 0.0022761177609194366 0.0
-0.98 0.0023338381762624417 0.0
-0.97 0.002385805886257165 0.0
-0.96 0.0024301289341028495 0.0
-0.95 0.002465608219974534 0.0
-0.94 0.0024935843302199517 0.0
-0.9299999999999999 0.0025141868138563173 0.0
-0.9199999999999999 0.0025248915740180124 0.0
-0.9099999999999999 0.002522891846755044 0.0
-0.8999999999999999 0.0025107089081090506 0.0
-0.8899999999999999 0.0024895143914356647 0.0
-0.8799999999999999 0.002459115992966305 0.0
-0.8699999999999999 0.0024171955520379497 0.0
-0.8599999999999999 0.0023621124881412396 0.0
-0.8499999999999999 0.0022990682579816716 0.0
-0.8400000000000001 0.0022287259404723554 0.0
-0.8300000000000001 0.0021487031516475245 0.0
-0.8200000000000001 0.0020608647703720716 0.0
-0.81 0.001966011101444908 0.0
-0.8 0.0018657655135671677 0.0
-0.79 0.001762452420639326 0.0
-0.78 0.0016552797381133159 0.0
-0.77 0.0015466112317464062 0.0
-0.76 0.0014377678630847295 0.0
-0.75 0.001328129537181284 0.0
-0.74 0.001221280289697386 0.0
-0.73 0.001119129585674448 0.0
-0.72 0.0010201305789537798 0.0
-0.71 0.0009241276391817266 0.0
-0.7 0.0008350727129221062 0.0
-0.69 0.0007535153517648024 0.0
-0.6799999999999999 0.0006772568205454532 0.0
-0.6699999999999999 0.0006074574402069185 0.0
-0.6599999999999999 0.0005447795433638924 0.0
-0.6499999999999999 0.0004886067394122529 0.0
-0.6399999999999999 0.00043900935638400875 0.0
-0.6299999999999999 0.0003956290214771825 0.0
-0.6199999999999999 0.000356990707376723 0.0
-0.6099999999999999 0.0003233215830505885 0.0
-0.5999999999999999 0.0002944196398884948 0.0
-0.5900000000000001 0.0002695131882509458 0.0
-0.5800000000000001 0.0002476733944410716 0.0
-0.5700000000000001 0.00022805637876143153 0.0
-0.56 0.00021140107044331777 0.0
-0.55 0.000196886033159058 0.0
-0.54 0.00018401547671378598 0.0
-0.53 0.00017255186328786595 0.0
-0.52 0.0001621794279445361 0.0
-0.51 0.00015337454194880448 0.0
-0.5 0.0001458073618153743 4.0
-0.49 0.00016209837708814278 4.0
-0.48 0.0002027853241682041 4.0
-0.47 0.00027228456022414856 4.0
-0.45999999999999996 0.00037817122590479634 4.0
-0.44999999999999996 0.0005331707193322947 4.0
-0.43999999999999995 0.0007545031365764576 4.0
-0.42999999999999994 0.0010662334949136404 4.0
-0.41999999999999993 0.0015026039522860698 4.0
-0.4099999999999999 0.0021117024575650393 4.0
-0.3999999999999999 0.002957509056222687 4.0
-0.3899999999999999 0.0041302838712438455 4.0
-0.3799999999999999 0.00575787011712845 4.0
-0.3699999999999999 0.00802334308671435 4.0
-0.3599999999999999 0.011194551958952728 4.0
-0.34999999999999987 0.01567290811877314 4.0
-0.33999999999999986 0.02205663957828386 4.0
-0.33000000000000007 0.03126122512761648 4.0
-0.32000000000000006 0.044719436813558375 4.0
-0.31000000000000005 0.0647031177926967 4.0
-0.30000000000000004 0.09481848224362192 4.0
-0.29000000000000004 0.14087892258537935 4.0
-0.28 0.21229152078235156 4.0
-0.27 0.3243937322557388 4.0
-0.26 0.5022486604621423 4.0
-0.25 0.787040271367125 0.0
-0.24 1.0930437031757743 0.0
-0.22999999999999998 1.3969507818923315 0.0
-0.21999999999999997 1.6785849954210394 0.0
-0.20999999999999996 1.9221452638802354 0.0
-0.19999999999999996 2.1163323861546197 0.0
-0.18999999999999995 2.2542823629199376 0.0
-0.17999999999999994 2.3331732361642636 0.0
-0.16999999999999993 2.353815935402259 0.0
-0.15999999999999992 2.320224961512006 0.0
-0.1499999999999999 2.239791929620109 0.0
-0.1399999999999999 2.123341674929979 0.0
-0.1299999999999999 1.9849956105231488 0.0
-0.11999999999999988 1.8414220788429592 0.0
-0.10999999999999988 1.7107169260195907 0.0
-0.09999999999999987 1.6105141118953794 0.0
-0.08999999999999986 1.5557237087639808 0.0
-0.08000000000000007 1.5561351633702494 0.0
-0.07000000000000006 1.6145387310636627 0.0
-0.06000000000000005 1.725676904979957 0.0
-0.050000000000000044 1.8764063068444767 0.0
-0.040000000000000036 2.047174223105028 0.0
-0.030000000000000027 2.2146647038777014 0.0
-0.020000000000000018 2.3552814972224057 0.0
-0.010000000000000009 2.4487841237317136 0.0
0.0 2.481559175955805 0.0
0.010000000000000231 2.4487867725489587 0.0
0.020000000000000018 2.3552814470205536 0.0
0.03000000000000025 2.2146614264598075 0.0
0.040000000000000036 2.0471741610001457 0.0
0.04999999999999982 1.876411132660389 0.0
0.06000000000000005 1.7256782514106312 0.0
0.06999999999999984 1.6145321290336208 0.0
0.08000000000000007 1.5561311100431414 0.0
0.08999999999999986 1.5557324900725251 0.0
0.10000000000000009 1.610523360408929 0.0
0.10999999999999988 1.710705777845591 0.0
0.1200000000000001 1.8414044458291774 0.0
0.1299999999999999 1.9850089224398761 0.0
0.14000000000000012 2.1233700294629854 0.0
0.1499999999999999 2.2397759422798216 0.0
0.16000000000000014 2.32018454215468 0.0
0.16999999999999993 2.353834286292826 0.0
0.18000000000000016 2.3332234444199504 0.0
0.18999999999999995 2.254262528323723 0.0
0.20000000000000018 2.1162782253433066 0.0
0.20999999999999996 1.9221638761038287 0.0
0.2200000000000002 1.6786344394294075 0.0
0.22999999999999998 1.3969377676506558 0.0
0.2400000000000002 1.0930082190340702 0.0
0.25 0.7870451960366114 0.0
0.26000000000000023 0.5022661248988087 4.0
0.27 0.3243967497035142 4.0
0.28000000000000025 0.21228722960014815 4.0
0.29000000000000004 0.1408734697397104 4.0
0.30000000000000027 0.09481577816922071 4.0
0.31000000000000005 0.06470803577225953 4.0
0.31999999999999984 0.044724720773952634 4.0
0.33000000000000007 0.03125834335784541 4.0
0.33999999999999986 0.02205178126662189 4.0
0.3500000000000001 0.01567359851958497 4.0
0.3599999999999999 0.011197426122469932 4.0
0.3700000000000001 0.008024095404034197 4.0
0.3799999999999999 0.005757258667143597 4.0
0.3900000000000001 0.0041292221055623905 4.0
0.3999999999999999 0.00295662423941387 4.0
0.41000000000000014 0.00211227810938908 4.0
0.41999999999999993 0.0015038354622335028 4.0
0.43000000000000016 0.0010662757659736593 4.0
0.43999999999999995 0.0007537535443939145 4.0
0.4500000000000002 0.0005328472450678773 4.0
0.45999999999999996 0.00037827461357569877 4.0
0.4700000000000002 0.0002725695784528692 4.0
0.48 0.00020305317793812275 4.0
0.4900000000000002 0.00016190962756230002 4.0
0.5 0.00014545572328718103 4.0
0.5100000000000002 0.00015350550761376676 0.0
0.52 0.0001624592254169264 0.0
0.5300000000000002 0.0001725751997987826 0.0
0.54 0.00018382109981671953 0.0
0.5500000000000003 0.00019658724093937134 0.0
0.56 0.00021163591612513645 0.0
0.5699999999999998 0.00022851956754892298 0.0
0.5800000000000001 0.0002474263796282156 0.0
0.5899999999999999 0.00026906326424726924 0.0
0.6000000000000001 0.0002944654078509624 0.0
0.6099999999999999 0.00032379791284493865 0.0
0.6200000000000001 0.0003571317996301508 0.0
0.6299999999999999 0.0003951293287219127 0.0
0.6400000000000001 0.0004389498649108457 0.0
0.6499999999999999 0.0004886961988272878 0.0
0.6600000000000001 0.000544866331926685 0.0
0.6699999999999999 0.0006081680063854432 0.0
0.6800000000000002 0.0006766434833327978 0.0
0.69 0.0007522675384191318 0.0
0.7000000000000002 0.0008362407357378499 0.0
0.71 0.0009254911457661216 0.0
0.7200000000000002 0.0010188793211993322 0.0
0.73 0.0011177975153885014 0.0
0.7400000000000002 0.001222369673561343 0.0
0.75 0.0013289750359066189 0.0
0.7600000000000002 0.0014371588191811637 0.0
0.77 0.0015467370901086463 0.0
0.7800000000000002 0.001654864599106878 0.0
0.79 0.0017618725201119924 0.0
0.8000000000000003 0.0018666058856042006 0.0
0.81 0.00196651688311623 0.0
0.8199999999999998 0.00206116608906418 0.0
0.8300000000000001 0.0021475671176219837 0.0
0.8399999999999999 0.0022270630900667093 0.0
0.8500000000000001 0.0023010618050374057 0.0
0.8599999999999999 0.0023641610090917795 0.0
0.8700000000000001 0.0024156601599119093 0.0
0.8799999999999999 0.002456905606537091 0.0
0.8900000000000001 0.0024897108594590643 0.0
0.8999999999999999 0.0025130252337483097 0.0
0.9100000000000001 0.0025238406246491357 0.0
0.9199999999999999 0.0025230610474646408 0.0
0.9300000000000002 0.0025125228219724173 0.0
0.94 0.002494757159140967 0.0
0.9500000000000002 0.0024669171299713 0.0
0.96 0.0024298448758517427 0.0
0.9700000000000002 0.002385549071156535 0.0
0.98 0.002333099774002153 0.0
0.9900000000000002 0.002276117048362321 0.0
1.0 0.002212976766209074 0.0
1.0100000000000002 0.0021458427323444067 0.0
1.02 0.002075845656837764 0.0
1.0300000000000002 0.0020002499857319526 0.0
1.04 0.0019233453194157568 0.0
1.0500000000000003 0.0018454463574784988 0.0
1.06 0.0017677893801151371 0.0
1.0700000000000003 0.0016898432838122388 0.0
1.08 0.001609245041595048 0.0
1.0899999999999999 0.0015297953849226632 0.0
1.1 0.001452862207829142 0.0
1.1099999999999999 0.0013783677444798798 0.0
1.12 0.0013047359100265975 0.0
1.13 0.0012310666553969694 0.0
1.1400000000000001 0.00115962831594331 0.0
1.15 0.0010920005376144715 0.0
1.1600000000000001 0.0010273918660422628 0.0
1.17 0.0009643223424595374 0.0
1.1800000000000002 0.0009030311378884456 0.0
1.19 0.0008440125198976338 0.0
1.2000000000000002 0.0007886695564055241 0.0
1.21 0.000736007334684716 0.0
1.2200000000000002 0.0006855575609362615 0.0
1.23 0.0006377361761787863 0.0
1.2400000000000002 0.0005918602677121832 0.0
1.25 0.0005488384009810929 0.0
1.2600000000000002 0.000507847910757277 0.0
1.27 0.0004695412295393978 0.0
1.2800000000000002 0.00043394791126616714 0.0
1.29 0.0004001230155615879 0.0
1.3000000000000003 0.0003680017966508751 0.0
1.31 0.0003374827588258196 0.0
1.3200000000000003 0.000309622128390604 0.0
1.33 0.00028416900042100754 0.0
1.3399999999999999 0.000260447981958851 0.0
1.35 0.00023747419822029957 0.0
1.3599999999999999 0.0002158661714098116 0.0
1.37 0.00019638819050893955 0.0
1.38 0.00017894728400305848 0.0
1.3900000000000001 0.000163018359162346 0.0
1.4 0.00014748329205191546 0.0
1.4100000000000001 0.00013291490642812517 0.0
1.42 0.00011990080750259599 0.0
1.4300000000000002 0.00010841876931588933 0.0
1.44 9.807007347942254e-05 0.0
1.4500000000000002 8.819099586725004e-05 0.0
1.46 7.883579894175333e-05 0.0
1.4700000000000002 7.05831947729572e-05 0.0
1.48 6.325913438620277e-05 0.0
1.4900000000000002 5.677625330384313e-05 0.0
1.5 5.072414294833755e-05 0.0
1.5100000000000002 4.5148330662851154e-05 0.0
1.52 4.0142612884661875e-05 0.0
1.5300000000000002 3.56537221902467e-05 0.0
1.54 3.170201077611479e-05 0.0
1.5500000000000003 2.8095391927073486e-05 0.0
1.56 2.4984916158550174e-05 0.0
1.5700000000000003 2.2102243803688795e-05 0.0
1.58 1.9503837937397247e-05 0.0
1.5899999999999999 1.708391174530179e-05 0.0
1.6 1.504358249402256e-05 0.0
1.6099999999999999 1.3304249972483719e-05 0.0
1.62 1.1805674971993663e-05 0.0
1.63 1.0354080272631434e-05 0.0
1.6400000000000001 8.939679396436105e-06 0.0
1.65 7.78221281949253e-06 0.0
1.6600000000000001 6.844998269819706e-06 0.0
1.67 6.089516704383161e-06 0.0
1.6800000000000002 5.338703572773222e-06 0.0
1.69 4.578142981114316e-06 0.0
1.7000000000000002 3.904596702759737e-06 0.0
1.71 3.4263147930418734e-06 0.0
1.7200000000000002 3.0305679057284e-06 0.0
1.73 2.65524842819563e-06 0.0
1.7400000000000002 2.2794035379657583e-06 0.0
1.75 1.9316550446497357e-06 0.0
1.7600000000000002 1.6734684634622468e-06 0.0
1.77 1.468443463259243e-06 0.0
1.7800000000000002 1.2617978653264293e-06 0.0
1.79 1.0799155294622063e-06 0.0
1.8000000000000003 9.435126816920454e-07 0.0
1.81 8.292955187273414e-07 0.0
1.8200000000000003 7.065611512206294e-07 0.0
1.83 5.772589151676419e-07 0.0
1.8399999999999999 4.7014661482038567e-07 0.0
1.85 4.3792377156706216e-07 0.0
1.8599999999999999 4.2425975448191074e-07 0.0
1.87 3.721786566266388e-07 0.0
1.88 2.6209268440096283e-07 0.0
1.8900000000000001 1.795939858620968e-07 0.0
1.9 1.7092971888121702e-07 0.0
1.9100000000000001 2.2236758746424532e-07 0.0
1.92 2.2682280884093154e-07 0.0
1.9300000000000002 1.5675777101818452e-07 0.0
1.94 5.970902486264387e-08 0.0
1.9500000000000002 4.1447733932965154e-08 0.0
1.96 1.0519685313945007e-07 0.0
1.9700000000000002 1.6924854915192477e-07 0.0
1.98 1.3786631055870048e-07 0.0
1.9900000000000002 4.996631453801975e-08 0.0
