-2.0 2.3611041198828293e-59 0.0
-1.99 1.0918025605516674e-58 0.0
-1.98 7.375628293911994e-58 0.0
-1.97 4.6168205632289503e-57 0.0
-1.96 2.855219752648026e-56 0.0
-1.95 1.719639201922971e-55 0.0
-1.94 1.0075155404797809e-54 0.0
-1.93 5.731138779925758e-54 0.0
-1.92 3.161949507385808e-53 0.0
-1.91 1.6907924800804896e-52 0.0
-1.9 8.758713490472202e-52 0.0
-1.89 4.393830214140007e-51 0.0
-1.88 2.1337923241718683e-50 0.0
-1.87 1.002800547463701e-49 0.0
-1.8599999999999999 4.558899137003129e-49 0.0
-1.85 2.0039710040681652e-48 0.0
-1.84 8.512945725214797e-48 0.0
-1.83 3.492690051562142e-47 0.0
-1.82 1.3830158567454625e-46 0.0
-1.81 5.281211539538348e-46 0.0
-1.8 1.9430564914527263e-45 0.0
-1.79 6.880801166212629e-45 0.0
-1.78 2.342591571223166e-44 0.0
-1.77 7.657767388582392e-44 0.0
-1.76 2.4001465343812142e-43 0.0
-1.75 7.201468131912842e-43 0.0
-1.74 2.0649401056604856e-42 0.0
-1.73 5.6480861027320396e-42 0.0
-1.72 1.4709088570701172e-41 0.0
-1.71 3.6407460934784575e-41 0.0
-1.7 8.553260369678119e-41 0.0
-1.69 1.906740000332663e-40 0.0
-1.68 4.04148767529169e-40 0.0
-1.67 8.19693266312721e-40 0.0
-1.66 1.612909706577929e-39 0.0
-1.65 3.1533256143020556e-39 0.0
-1.6400000000000001 6.322623379536094e-39 0.0
-1.63 1.3366722734759525e-38 0.0
-1.62 3.0055249630434055e-38 0.0
-1.6099999999999999 7.116717142367117e-38 0.0
-1.6 1.7551742625960518e-37 0.0
-1.5899999999999999 4.514074235042188e-37 0.0
-1.58 1.2213265860685106e-36 0.0
-1.57 3.476548225225909e-36 0.0
-1.56 1.0231239233369578e-35 0.0
-1.55 3.0288369138934607e-35 0.0
-1.54 8.800111205843754e-35 0.0
-1.53 2.4696264223446955e-34 0.0
-1.52 6.642212832066241e-34 0.0
-1.51 1.7081517500745756e-33 0.0
-1.5 4.203205148698101e-33 0.0
-1.49 9.91540587615869e-33 0.0
-1.48 2.2465148234215205e-32 0.0
-1.47 4.8922495420156935e-32 0.0
-1.46 1.0230390621481779e-31 0.0
-1.45 2.0480935045754663e-31 0.0
-1.44 3.905322169945309e-31 0.0
-1.43 7.042427882469024e-31 0.0
-1.42 1.1901639951541393e-30 0.0
-1.4100000000000001 1.8637750509016445e-30 0.0
-1.4 2.665409163776009e-30 0.0
-1.3900000000000001 3.411959471533525e-30 0.0
-1.38 3.791041157518997e-30 0.0
-1.37 3.462534114786429e-30 0.0
-1.3599999999999999 2.3080700027385318e-30 0.0
-1.35 7.641171189495168e-31 0.0
-1.3399999999999999 7.700746671135065e-33 0.0
-1.33 1.6603280584660704e-30 0.0
-1.3199999999999998 6.836996536068223e-30 0.0
-1.31 1.48934632864768e-29 0.0
-1.2999999999999998 2.2857657260257807e-29 0.0
-1.29 2.659983499693065e-29 0.0
-1.28 2.3694722552501896e-29 0.0
-1.27 1.602166857565514e-29 0.0
-1.26 9.216914422063646e-30 0.0
-1.25 8.122437723902572e-30 0.0
-1.24 1.1808756386539802e-29 0.0
-1.23 1.4038022517390743e-29 0.0
-1.22 1.037590742230663e-29 0.0
-1.21 4.239427127940205e-30 0.0
-1.2 2.729873961612967e-30 0.0
-1.19 6.03677822002753e-30 0.0
-1.18 6.75657342398889e-30 0.0
-1.17 3.8421436279014055e-30 0.0
-1.1600000000000001 9.145861644683485e-30 0.0
-1.15 2.876263068140957e-29 0.0
-1.1400000000000001 4.517094584509133e-29 0.0
-1.13 3.7340641043702874e-29 0.0
-1.12 1.4424450680101982e-29 0.0
-1.1099999999999999 3.9587078947291274e-30 0.0
-1.1 9.98928854596124e-30 0.0
-1.0899999999999999 1.390714343111919e-29 0.0
-1.08 1.0665901363329879e-29 0.0
-1.0699999999999998 9.57273269572952e-30 0.0
-1.06 1.0385656675172848e-29 0.0
-1.0499999999999998 8.735489937658266e-30 0.0
-1.04 8.926715367261255e-30 0.0
-1.03 1.8645510499610097e-29 0.0
-1.02 4.3418492706741813e-29 0.0
-1.01 6.891231553341466e-29 0.0
-1.0 5.948901302889117e-29 0.0
-0.99 1.980352684969375e-29 0.0
-0.98 4.182061659827107e-30 0.0
-0.97 2.0002486666466117e-29 0.0
-0.96 2.1142524037042573e-29 0.0
-0.95 5.21316411187029e-30 0.0
-0.94 8.174347983809633e-33 0.0
-0.9299999999999999 1.5859138167795702e-30 0.0
-0.9199999999999999 2.0559252841244854e-29 0.0
-0.9099999999999999 8.36901396919004e-29 0.0
-0.8999999999999999 2.116989681186971e-28 0.0
-0.8899999999999999 8.0162975465239225e-28 0.0
-0.8799999999999999 4.0450816786629895e-27 0.0
-0.8699999999999999 1.9716487787992164e-26 0.0
-0.8599999999999999 8.864029456297808e-26 0.0
-0.8499999999999999 3.751055415947933e-25 0.0
-0.8400000000000001 1.5474847840383163e-24 0.0
-0.8300000000000001 6.365676809221243e-24 0.0
-0.8200000000000001 2.61966785415902e-23 0.0
-0.81 1.0740034425776006e-22 0.0
-0.8 4.374136971567292e-22 0.0
-0.79 1.7664103684797494e-21 0.0
-0.78 7.053916989670926e-21 0.0
-0.77 2.778059986680571e-20 0.0
-0.76 1.0772289001620291e-19 0.0
-0.75 4.1085877549505455e-19 0.0
-0.74 1.5398238783052342e-18 0.0
-0.73 5.6663335159126e-18 0.0
-0.72 2.0468843300650593e-17 0.0
-0.71 7.259679381614238e-17 0.0
-0.7 2.527984614846372e-16 0.0
-0.69 8.640182236697344e-16 0.0
-0.6799999999999999 2.8975854138967286e-15 0.0
-0.6699999999999999 9.534893524756821e-15 0.0
-0.6599999999999999 3.0788861641598337e-14 0.0
-0.6499999999999999 9.754184052256392e-14 0.0
-0.6399999999999999 3.030792628559519e-13 0.0
-0.6299999999999999 9.23449715671205e-13 0.0
-0.6199999999999999 2.7591888564037365e-12 0.0
-0.6099999999999999 8.084279956797733e-12 0.0
-0.5999999999999999 2.3220292688395415e-11 0.0
-0.5900000000000001 6.536383216331536e-11 0.0
-0.5800000000000001 1.8031522940586915e-10 0.0
-0.5700000000000001 4.874875912600133e-10 0.0
-0.56 1.2913534762189232e-09 0.0
-0.55 3.3506785038297443e-09 0.0
-0.54 8.514626191679947e-09 0.0
-0.53 2.1191723843905238e-08 0.0
-0.52 5.165247198731074e-08 0.0
-0.51 1.2325111071956103e-07 0.0
-0.5 2.8784812419401755e-07 0.0
-0.49 6.580116657676801e-07 0.0
-0.48 1.472321509139846e-06 0.0
-0.47 3.223487568054629e-06 0.0
-0.45999999999999996 6.903331715001158e-06 0.0
-0.44999999999999996 1.4461907978840502e-05 0.0
-0.43999999999999995 2.964039789785537e-05 0.0
-0.42999999999999994 5.9415541209353184e-05 0.0
-0.41999999999999993 0.00011643258750151587 0.0
-0.4099999999999999 0.00022306664349517482 0.0
-0.3999999999999999 0.00041794845456503255 0.0
-0.3899999999999999 0.0007656329093980903 0.0
-0.3799999999999999 0.0013703842368505336 0.0
-0.3699999999999999 0.00239675844599657 0.0
-0.3599999999999999 0.004098812770803891 0.0
-0.34999999999999987 0.006852451103225133 0.0
-0.33999999999999986 0.011187553522570217 0.0
-0.33000000000000007 0.017839627745596005 0.0
-0.32000000000000006 0.027821683302253 0.0
-0.31000000000000005 0.042427481603353565 0.0
-0.30000000000000004 0.06314820442706248 0.0
-0.29000000000000004 0.09175935201906486 0.0
-0.28 0.13053710280558248 0.0
-0.27 0.18176072408019553 0.0
-0.26 0.24675687327996706 0.0
-0.25 0.3268722905154119 0.0
-0.24 0.4251327105998983 0.0
-0.22999999999999998 0.542393891012049 0.0
-0.21999999999999997 0.6728147661722851 0.0
-0.20999999999999996 0.8135190793545517 0.0
-0.19999999999999996 0.9730183968367264 0.0
-0.18999999999999995 1.1465410317407225 0.0
-0.17999999999999994 1.3020983982914986 0.0
-0.16999999999999993 1.438406249832487 0.0
-0.15999999999999992 1.6037346207091956 0.0
-0.1499999999999999 1.7733789670624232 0.0
-0.1399999999999999 1.8387100088211163 0.0
-0.1299999999999999 1.8498328551104164 0.0
-0.11999999999999988 1.9874446123547276 0.0
-0.10999999999999988 2.1229334331511245 0.0
-0.09999999999999987 1.9591970342227956 0.0
-0.08999999999999986 1.7679492761334825 0.0
-0.08000000000000007 2.000409871967351 0.0
-0.07000000000000006 2.1467340450552186 0.0
-0.06000000000000005 1.5965399944051797 0.0
-0.050000000000000044 1.2585428366540827 0.0
-0.040000000000000036 1.8962726008303226 0.0
-0.030000000000000027 2.0405490739140184 0.0
-0.020000000000000018 0.9010063548763887 0.0
-0.010000000000000009 0.7269269963471893 0.0
0.0 2.129614538214782 0.0
0.010000000000000231 1.9540075551950618 2.0
0.020000000000000018 2.345993686516321 2.0
0.03000000000000025 2.959601792471844 2.0
0.040000000000000036 3.613523708548678 2.0
0.04999999999999982 4.203422269947943 2.0
0.06000000000000005 4.666395729880066 2.0
0.06999999999999984 4.966699173483315 2.0
0.08000000000000007 5.089653202114244 2.0
0.08999999999999986 5.038131493987964 2.0
0.10000000000000009 4.829324903817572 2.0
0.10999999999999988 4.491043254128474 2.0
0.1200000000000001 4.057581676216336 2.0
0.1299999999999999 3.565524341982126 2.0
0.14000000000000012 3.049950959332647 2.0
0.1499999999999999 2.541443847530014 2.0
0.16000000000000014 2.0641361238996443 2.0
0.16999999999999993 1.6348545309337859 2.0
0.18000000000000016 1.2632418635805174 2.0
0.18999999999999995 0.9526256256200238 2.0
0.20000000000000018 0.7013447166570377 2.0
0.20999999999999996 0.5042510874070004 2.0
0.2200000000000002 0.3541530705368357 2.0
0.22999999999999998 0.24304087045690873 2.0
0.2400000000000002 0.16301257877831474 2.0
0.25 0.10688607047275393 2.0
0.26000000000000023 0.06852991386357082 2.0
0.27 0.04297304396324549 2.0
0.28000000000000025 0.02636113195282192 2.0
0.29000000000000004 0.01582256456509712 2.0
0.30000000000000027 0.009294487587220901 2.0
0.31000000000000005 0.005344398501566702 2.0
0.31999999999999984 0.0030087378821270646 2.0
0.33000000000000007 0.0016586994614576909 2.0
0.33999999999999986 0.0008956394116578896 2.0
0.3500000000000001 0.00047376558298877565 2.0
0.3599999999999999 0.0002455493905639179 2.0
0.3700000000000001 0.00012472121877090179 2.0
0.3799999999999999 6.209399398319446e-05 2.0
0.3900000000000001 3.030596082605601e-05 2.0
0.3999999999999999 1.4502929238677332e-05 2.0
0.41000000000000014 6.807629814245804e-06 2.0
0.41999999999999993 3.1334889553838647e-06 2.0
0.43000000000000016 1.4138190384621176e-06 2.0
0.43999999999999995 6.278159196381711e-07 2.0
0.4500000000000002 2.7341676103769146e-07 2.0
0.45999999999999996 1.1468111575431464e-07 2.0
0.4700000000000002 4.910844161927371e-08 2.0
0.48 2.167332799176945e-08 2.0
0.4900000000000002 6.623665678193099e-09 2.0
0.5 3.033949158160405e-09 0.0
0.5100000000000002 1.3643121200714289e-09 0.0
0.52 6.02298451248924e-10 0.0
0.5300000000000002 2.610367919682185e-10 0.0
0.54 1.1106709043502821e-10 0.0
0.5500000000000003 4.639452299865618e-11 0.0
0.56 1.9026181013904347e-11 0.0
0.5699999999999998 7.66033792158427e-12 0.0
0.5800000000000001 3.028066442409531e-12 0.0
0.5899999999999999 1.1752108926483664e-12 0.0
0.6000000000000001 4.4782922583177517e-13 0.0
0.6099999999999999 1.6755966309592721e-13 0.0
0.6200000000000001 6.156053687582966e-14 0.0
0.6299999999999999 2.2209012139263193e-14 0.0
0.6400000000000001 7.868121721867468e-15 0.0
0.6499999999999999 2.7374683568501614e-15 0.0
0.6600000000000001 9.353621023785664e-16 0.0
0.6699999999999999 3.1388749387616205e-16 0.0
0.6800000000000002 1.0345409565246918e-16 0.0
0.69 3.349184840564724e-17 0.0
0.7000000000000002 1.0651540166280378e-17 0.0
0.71 3.328250648465068e-18 0.0
0.7200000000000002 1.021611689469182e-18 0.0
0.73 3.0784947705782905e-19 0.0
0.7400000000000002 9.096431910927952e-20 0.0
0.75 2.6328508159667994e-20 0.0
0.7600000000000002 7.468698725947876e-21 0.0
0.77 2.08592245807236e-21 0.0
0.7800000000000002 5.798942828953009e-22 0.0
0.79 1.6331243657262613e-22 0.0
0.8000000000000003 4.745812814920791e-23 0.0
0.81 1.4342434808782313e-23 0.0
0.8199999999999998 4.4596587172305676e-24 0.0
0.8300000000000001 1.3921688016906524e-24 0.0
0.8399999999999999 4.251152696220648e-25 0.0
0.8500000000000001 1.247355709053721e-25 0.0
0.8599999999999999 3.500763961038071e-26 0.0
0.8700000000000001 9.530215289918322e-27 0.0
0.8799999999999999 2.6172944014915914e-27 0.0
0.8900000000000001 7.700415460871232e-28 0.0
0.8999999999999999 2.535298385968345e-28 0.0
0.9100000000000001 9.195533871836192e-29 0.0
0.9199999999999999 3.469727551411884e-29 0.0
0.9300000000000002 1.2941395633673734e-29 0.0
0.94 4.6399883780494e-30 0.0
0.9500000000000002 1.5820452822867494e-30 0.0
0.96 5.1189925305703475e-31 0.0
0.9700000000000002 1.5744065706715728e-31 0.0
0.98 4.616264360839632e-32 0.0
0.9900000000000002 1.2945041853293456e-32 0.0
1.0 3.482523910268011e-33 0.0
1.0100000000000002 9.013145013667543e-34 0.0
1.02 2.249682479318851e-34 0.0
1.0300000000000002 5.426992435008561e-35 0.0
1.04 1.2676231296063353e-35 0.0
1.0500000000000003 2.8714123245320584e-36 0.0
1.06 6.31613758408817e-37 0.0
1.0700000000000003 1.350646741902428e-37 0.0
1.08 2.8104083982604026e-38 0.0
1.0899999999999999 5.6946801232877924e-39 0.0
1.1 1.1243946054502468e-39 0.0
1.1099999999999999 2.1644504027818775e-40 0.0
1.12 4.0639446226866817e-41 0.0
1.13 7.445277812794729e-42 0.0
1.1400000000000001 1.3313297404995494e-42 0.0
1.15 2.3242524130147325e-43 0.0
1.1600000000000001 3.962622189916354e-44 0.0
1.17 6.599085706746932e-45 0.0
1.1800000000000002 1.073694437066905e-45 0.0
1.19 1.7071191145744271e-46 0.0
1.2000000000000002 2.6529024200383434e-47 0.0
1.21 4.030324664600399e-48 0.0
1.2200000000000002 5.9869631788136534e-49 0.0
1.23 8.69775865457229e-50 0.0
1.2400000000000002 1.2360296031240584e-50 0.0
1.25 1.7185331209911557e-51 0.0
1.2600000000000002 2.338198890104903e-52 0.0
1.27 3.113771369963032e-53 0.0
1.2800000000000002 4.059393609728207e-54 0.0
1.29 5.181941277410488e-55 0.0
1.3000000000000003 6.478415114744174e-56 0.0
1.31 7.93375286569404e-57 0.0
1.3200000000000003 9.519446466616469e-58 0.0
1.33 1.119331424023137e-58 0.0
1.3399999999999999 1.2900675041526107e-59 0.0
1.35 1.4577008598706195e-60 0.0
1.3599999999999999 1.6151984046114534e-61 0.0
1.37 1.755452831860837e-62 0.0
1.38 1.871842476879354e-63 0.0
1.3900000000000001 1.9587815382914394e-64 0.0
1.4 2.0121953059074047e-65 0.0
1.4100000000000001 2.0298623609019402e-66 0.0
1.42 2.0115821826663588e-67 0.0
1.4300000000000002 1.9591495983785176e-68 0.0
1.44 1.876143185913653e-69 0.0
1.4500000000000002 1.7675587650041324e-70 0.0
1.46 1.6393375741810307e-71 0.0
1.4700000000000002 1.49784889244459e-72 0.0
1.48 1.3493876328995211e-73 0.0
1.4900000000000002 1.1997394658712992e-74 0.0
1.5 1.0538514509666429e-75 0.0
1.5100000000000002 9.156280239078152e-77 0.0
1.52 7.878537898451518e-78 0.0
1.5300000000000002 6.722288110554908e-79 0.0
1.54 5.6949095267383375e-80 0.0
1.5500000000000003 4.795942625657723e-81 0.0
1.56 4.0191212219987495e-82 0.0
1.5700000000000003 3.354379741924218e-83 0.0
1.58 2.789632714879275e-84 0.0
1.5899999999999999 2.312202462230334e-85 0.0
1.6 1.909847070845169e-86 0.0
1.6099999999999999 1.5714029597602814e-87 0.0
1.62 1.2870991338641977e-88 0.0
1.63 1.0486226374478608e-89 0.0
1.6400000000000001 8.490193727697248e-91 0.0
1.65 6.825060286781535e-92 0.0
1.6600000000000001 5.442527442774247e-93 0.0
1.67 4.3017723945502926e-94 0.0
1.6800000000000002 3.3677325770921046e-95 0.0
1.69 2.609816463624214e-96 0.0
1.7000000000000002 2.0010225426158166e-97 0.0
1.71 1.5173900640406078e-98 0.0
1.7200000000000002 1.1376828733360787e-99 0.0
1.73 8.432108729763538e-101 0.0
1.7400000000000002 6.177117306962105e-102 0.0
1.75 4.472394246971947e-103 0.0
1.7600000000000002 3.2002966810127624e-104 0.0
1.77 2.263314229584305e-105 0.0
1.7800000000000002 1.5820707198458783e-106 0.0
1.79 1.0931143630563957e-107 0.0
1.8000000000000003 7.466271873203751e-109 0.0
1.81 5.04180043239779e-110 0.0
1.8200000000000003 3.3663541439495056e-111 0.0
1.83 2.2226796830781356e-112 0.0
1.8399999999999999 1.4514038539180937e-113 0.0
1.85 9.374436337438878e-115 0.0
1.8599999999999999 5.989599556596976e-116 0.0
1.87 3.786124177398826e-117 0.0
1.88 2.3680078488684058e-118 0.0
1.8900000000000001 1.4655721305907798e-119 0.0
1.9 8.976544819759296e-121 0.0
1.9100000000000001 5.441628032121947e-122 0.0
1.92 3.265151666283776e-123 0.0
1.9300000000000002 1.9394005493958043e-124 0.0
1.94 1.140390935582373e-125 0.0
1.9500000000000002 6.6388480942648926e-127 0.0
1.96 3.826527475330756e-128 0.0
1.9700000000000002 2.1845919908250134e-129 0.0
1.98 1.2270341236356024e-130 0.0
1.9900000000000002 7.682501938252145e-132 0.0
