-2.0 1.536179132488577e-36 0.0
-1.99 1.5380276006797703e-36 0.0
-1.98 6.19196500956749e-36 0.0
-1.97 1.4216744491874828e-35 0.0
-1.96 3.9456453779850956e-35 0.0
-1.95 9.947983340185222e-35 0.0
-1.94 2.517812639988488e-34 0.0
-1.93 6.117777025814442e-34 0.0
-1.92 1.4472548490654678e-33 0.0
-1.91 3.306429646353056e-33 0.0
-1.9 7.308182151322638e-33 0.0
-1.89 1.5594180727833503e-32 0.0
-1.88 3.210070399826747e-32 0.0
-1.87 6.362989991576322e-32 0.0
-1.8599999999999999 1.211918286406768e-31 0.0
-1.85 2.2113305198310355e-31 0.0
-1.84 3.8508755925069846e-31 0.0
-1.83 6.36930439139572e-31 0.0
-1.82 9.94454862765711e-31 0.0
-1.81 1.4540545672273704e-30 0.0
-1.8 1.969856116463357e-30 0.0
-1.79 2.4353374955192707e-30 0.0
-1.78 2.6845568738285194e-30 0.0
-1.77 2.536324435374839e-30 0.0
-1.76 1.897917132387574e-30 0.0
-1.75 9.145225996197852e-31 0.0
-1.74 9.647019521719395e-32 0.0
-1.73 3.03411793130256e-31 0.0
-1.72 2.4667278632572664e-30 0.0
-1.71 7.04537607663554e-30 0.0
-1.7 1.3435297787627547e-29 0.0
-1.69 1.9767915089731153e-29 0.0
-1.68 2.3513104066381364e-29 0.0
-1.67 2.2870637079460674e-29 0.0
-1.66 1.821558098725313e-29 0.0
-1.65 1.2398417764957061e-29 0.0
-1.6400000000000001 9.153835668955113e-30 0.0
-1.63 1.0334085183153198e-29 0.0
-1.62 1.4138816625739268e-29 0.0
-1.6099999999999999 1.6323780699436643e-29 0.0
-1.6 1.3921142595345467e-29 0.0
-1.5899999999999999 8.138927902778265e-30 0.0
-1.58 3.162667020679923e-30 0.0
-1.57 1.702259169973886e-30 0.0
-1.56 2.440182285475768e-30 0.0
-1.55 3.0811871556236652e-30 0.0
-1.54 5.314496108931753e-30 0.0
-1.53 1.3657602454553474e-29 0.0
-1.52 2.7288324071812736e-29 0.0
-1.51 3.6013122926955754e-29 0.0
-1.5 3.0052756024521333e-29 0.0
-1.49 1.418174889577493e-29 0.0
-1.48 5.111859701772711e-30 0.0
-1.47 1.0789800694211551e-29 0.0
-1.46 1.967270259844076e-29 0.0
-1.45 1.8767131932586623e-29 0.0
-1.44 1.5039072132223428e-29 0.0
-1.43 2.451693329520638e-29 0.0
-1.42 4.383077187488376e-29 0.0
-1.4100000000000001 5.147656943605685e-29 0.0
-1.4 3.881274083832856e-29 0.0
-1.3900000000000001 2.0123326877333843e-29 0.0
-1.38 8.529024718668803e-30 0.0
-1.37 3.0552224622998732e-30 0.0
-1.3599999999999999 5.446144760238662e-30 0.0
-1.35 3.1621774859210055e-29 0.0
-1.3399999999999999 1.0354050373745656e-28 0.0
-1.33 2.5773952700437842e-28 0.0
-1.3199999999999998 6.561024309727711e-28 0.0
-1.31 2.082776836864979e-27 0.0
-1.2999999999999998 7.732736604979194e-27 0.0
-1.29 2.9297186068688316e-26 0.0
-1.28 1.0891421486840657e-25 0.0
-1.27 4.032157090889964e-25 0.0
-1.26 1.5086045779336794e-24 0.0
-1.25 5.697968088890325e-24 0.0
-1.24 2.1521165794948774e-23 0.0
-1.23 8.06165654838523e-23 0.0
-1.22 2.9820839665365478e-22 0.0
-1.21 1.087437898377189e-21 0.0
-1.2 3.906285080895592e-21 0.0
-1.19 1.381717647399625e-20 0.0
-1.18 4.811403193747782e-20 0.0
-1.17 1.6492837229361063e-19 0.0
-1.1600000000000001 5.56560238657051e-19 0.0
-1.15 1.8490956438591714e-18 0.0
-1.1400000000000001 6.0487583939363586e-18 0.0
-1.13 1.9482477135336504e-17 0.0
-1.12 6.17853802650735e-17 0.0
-1.1099999999999999 1.9291569888048573e-16 0.0
-1.1 5.930000555264798e-16 0.0
-1.0899999999999999 1.794339272444387e-15 0.0
-1.08 5.344043330152838e-15 0.0
-1.0699999999999998 1.5663964815933803e-14 0.0
-1.06 4.518035330696865e-14 0.0
-1.0499999999999998 1.2822222999693599e-13 0.0
-1.04 3.580075882489313e-13 0.0
-1.03 9.832989149332599e-13 0.0
-1.02 2.6563925492457656e-12 0.0
-1.01 7.057663533259118e-12 0.0
-1.0 1.843911170458975e-11 0.0
-0.99 4.73671762676162e-11 0.0
-0.98 1.1962484625661827e-10 0.0
-0.97 2.969747643262305e-10 0.0
-0.96 7.246358511770945e-10 0.0
-0.95 1.7376813717763158e-09 0.0
-0.94 4.0946675010376025e-09 0.0
-0.9299999999999999 9.480116632227867e-09 0.0
-0.9199999999999999 2.156274338760389e-08 0.0
-0.9099999999999999 4.817690528604604e-08 0.0
-0.8999999999999999 1.0572269662198946e-07 0.0
-0.8899999999999999 2.2784668241073104e-07 0.0
-0.8799999999999999 4.821853340350756e-07 0.0
-0.8699999999999999 1.0019243219232343e-06 0.0
-0.8599999999999999 2.043900121702484e-06 0.0
-0.8499999999999999 4.093021623008145e-06 0.0
-0.8400000000000001 8.04536350461324e-06 0.0
-0.8300000000000001 1.5521165825276307e-05 0.0
-0.8200000000000001 2.9386120020717194e-05 0.0
-0.81 5.459644536605617e-05 0.0
-0.8 9.953109674017012e-05 0.0
-0.79 0.0001780316083471685 0.0
-0.78 0.000312431544512127 0.0
-0.77 0.0005379129252692083 0.0
-0.76 0.0009085591231214168 0.0
-0.75 0.0015054580171681344 0.0
-0.74 0.002447115001916687 0.0
-0.73 0.003902230180859843 0.0
-0.72 0.006104550720156795 0.0
-0.71 0.00936901730879683 0.0
-0.7 0.014107801483877254 0.0
-0.69 0.02084413740224519 0.0
-0.6799999999999999 0.03022119340074224 0.0
-0.6699999999999999 0.04300275393440741 0.0
-0.6599999999999999 0.060062364254414 0.0
-0.6499999999999999 0.0823579931037151 0.0
-0.6399999999999999 0.11089030506103242 0.0
-0.6299999999999999 0.1466443179604278 0.0
-0.6199999999999999 0.19051643264929186 0.0
-0.6099999999999999 0.2432312988014238 0.0
-0.5999999999999999 0.30525533806852795 0.0
-0.5900000000000001 0.3767155412883676 0.0
-0.5800000000000001 0.45733297463187617 0.0
-0.5700000000000001 0.5463799797051635 0.0
-0.56 0.6426682483135975 0.0
-0.55 0.7445719523295932 0.0
-0.54 0.8500863034053707 0.0
-0.53 0.956917862318563 0.0
-0.52 1.0625992296816251 0.0
-0.51 1.164617984684138 0.0
-0.5 1.2605482876063905 0.0
-0.49 1.3481735866915998 0.0
-0.48 1.4255902908127063 0.0
-0.47 1.491284800458685 0.0
-0.45999999999999996 1.544179505059612 0.0
-0.44999999999999996 1.5836467689190836 0.0
-0.43999999999999995 1.609493081285228 0.0
-0.42999999999999994 1.6219180846139674 0.0
-0.41999999999999993 1.621454920119528 0.0
-0.4099999999999999 1.6088991885317023 0.0
-0.3999999999999999 1.5852338527220924 0.0
-0.3899999999999999 1.5515566889265526 0.0
-0.3799999999999999 1.5090155771013685 0.0
-0.3699999999999999 1.4587552864800255 0.0
-0.3599999999999999 1.401877814870384 0.0
-0.34999999999999987 1.339417003020656 0.0
-0.33999999999999986 1.2723269733129914 0.0
-0.33000000000000007 1.2014826693753242 0.0
-0.32000000000000006 1.1276894581342767 0.0
-0.31000000000000005 1.051698058829886 0.0
-0.30000000000000004 0.9742216540895864 0.0
-0.29000000000000004 0.8959534374866857 0.0
-0.28 0.8175832710529946 0.0
-0.27 0.7398104441978776 0.0
-0.26 0.663347729448868 0.0
-0.25 0.588914051845301 0.0
-0.24 0.5172195977194167 0.0
-0.22999999999999998 0.4489512217475754 0.0
-0.21999999999999997 0.3847598726627671 0.0
-0.20999999999999996 0.3252401469056214 0.0
-0.19999999999999996 0.2708928909947258 0.0
-0.18999999999999995 0.22208300125866662 0.0
-0.17999999999999994 0.17902211609967159 0.0
-0.16999999999999993 0.14178532211958803 0.0
-0.15999999999999992 0.11032502240306148 0.0
-0.1499999999999999 0.08444226647162809 0.0
-0.1399999999999999 0.06374715985851732 0.0
-0.1299999999999999 0.04769386320213011 0.0
-0.11999999999999988 0.035696607582236445 0.0
-0.10999999999999988 0.027195143521717157 0.0
-0.09999999999999987 0.02157809755869865 0.0
-0.08999999999999986 0.01811283430748826 0.0
-0.08000000000000007 0.01609623995299489 0.0
-0.07000000000000006 0.015093824416902865 0.0
-0.06000000000000005 0.014863843800159456 0.0
-0.050000000000000044 0.014995926436152225 0.0
-0.040000000000000036 0.01491632431312687 0.0
-0.030000000000000027 0.014470866541598808 0.0
-0.020000000000000018 0.014118486297807115 0.0
-0.010000000000000009 0.014045012964309173 0.0
0.0 0.013517939275594724 0.0
0.010000000000000231 0.012038789220649635 2.0
0.020000000000000018 0.029014253254354937 2.0
0.03000000000000025 0.06230972826700868 2.0
0.040000000000000036 0.11028931311300799 2.0
0.04999999999999982 0.17161093123831073 2.0
0.06000000000000005 0.24512748719554747 2.0
0.06999999999999984 0.3298233406036757 2.0
0.08000000000000007 0.42476197191048487 2.0
0.08999999999999986 0.5290382180841514 2.0
0.10000000000000009 0.6417322788607202 2.0
0.10999999999999988 0.7618623656344591 2.0
0.1200000000000001 0.888339096035931 2.0
0.1299999999999999 1.0199370736552242 2.0
0.14000000000000012 1.1552925831631735 2.0
0.1499999999999999 1.292895675097113 2.0
0.16000000000000014 1.4310313568270447 2.0
0.16999999999999993 1.56772498431871 2.0
0.18000000000000016 1.7008525196020439 2.0
0.18999999999999995 1.828385324138369 2.0
0.20000000000000018 1.9483516038277215 2.0
0.20999999999999996 2.058336920391527 2.0
0.2200000000000002 2.155411002710347 2.0
0.22999999999999998 2.2373616063589696 2.0
0.2400000000000002 2.303672905045446 2.0
0.25 2.353567258298805 2.0
0.26000000000000023 2.383267240278752 2.0
0.27 2.388973741951653 2.0
0.28000000000000025 2.3736644674552587 2.0
0.29000000000000004 2.3440795241930337 2.0
0.30000000000000027 2.296960968741233 2.0
0.31000000000000005 2.2200653669752497 2.0
0.31999999999999984 2.1171317998269794 2.0
0.33000000000000007 2.013350389766075 2.0
0.33999999999999986 1.9142603761811028 2.0
0.3500000000000001 1.7860914857095975 2.0
0.3599999999999999 1.617383368650325 2.0
0.3700000000000001 1.4633765837514137 2.0
0.3799999999999999 1.3603151912896614 2.0
0.3900000000000001 1.2422781629743807 2.0
0.3999999999999999 1.050858426622122 2.0
0.41000000000000014 0.8714565394484708 2.0
0.41999999999999993 0.8029697214168747 2.0
0.43000000000000016 0.7549198130804281 2.0
0.43999999999999995 0.5899204080534715 2.0
0.4500000000000002 0.4011904826424796 2.0
0.45999999999999996 0.3700998924411447 2.0
0.4700000000000002 0.41384329229459654 2.0
0.48 0.31336335657122005 2.0
0.4900000000000002 0.13089985413259153 2.0
0.5 0.11131353199162583 0.0
0.5100000000000002 0.09372018629335559 0.0
0.52 0.07809990231734804 0.0
0.5300000000000002 0.06439569963523557 0.0
0.54 0.052518301758918674 0.0
0.5500000000000003 0.04235184487965256 0.0
0.56 0.03376017830810215 0.0
0.5699999999999998 0.026593387976559423 0.0
0.5800000000000001 0.020694182607415814 0.0
0.5899999999999999 0.015903818271352153 0.0
0.6000000000000001 0.012067296433513843 0.0
0.6099999999999999 0.009037646223833698 0.0
0.6200000000000001 0.006679185170415812 0.0
0.6299999999999999 0.004869735327945833 0.0
0.6400000000000001 0.003501845790797723 0.0
0.6499999999999999 0.0024831319571764782 0.0
0.6600000000000001 0.001735882929225756 0.0
0.6699999999999999 0.0011961099719258643 0.0
0.6800000000000002 0.0008122122403188016 0.0
0.69 0.0005434240850135027 0.0
0.7000000000000002 0.00035818535602504556 0.0
0.71 0.00023254682646970567 0.0
0.7200000000000002 0.00014869145800174195 0.0
0.73 9.362227556705372e-05 0.0
0.7400000000000002 5.804162363455533e-05 0.0
0.75 3.5425959749363323e-05 0.0
0.7600000000000002 2.1285540273155265e-05 0.0
0.77 1.2589038155855367e-05 0.0
0.7800000000000002 7.328472532442724e-06 0.0
0.79 4.198748328827283e-06 0.0
0.8000000000000003 2.3674898064517738e-06 0.0
0.81 1.3137070475400772e-06 0.0
0.8199999999999998 7.173563501692641e-07 0.0
0.8300000000000001 3.854647513632736e-07 0.0
0.8399999999999999 2.0381598681909053e-07 0.0
0.8500000000000001 1.0604477705262937e-07 0.0
0.8599999999999999 5.429180458608824e-08 0.0
0.8700000000000001 2.7350951311214452e-08 0.0
0.8799999999999999 1.3558308709078966e-08 0.0
0.8900000000000001 6.613596078907161e-09 0.0
0.8999999999999999 3.17449947636056e-09 0.0
0.9100000000000001 1.4994319366131377e-09 0.0
0.9199999999999999 6.969515153516599e-10 0.0
0.9300000000000002 3.1879750949318096e-10 0.0
0.94 1.4350853924147725e-10 0.0
0.9500000000000002 6.357795191968469e-11 0.0
0.96 2.7721595390101387e-11 0.0
0.9700000000000002 1.1896824486003218e-11 0.0
0.98 5.025329273018478e-12 0.0
0.9900000000000002 2.0894852575604323e-12 0.0
1.0 8.552188471880191e-13 0.0
1.0100000000000002 3.445888927041813e-13 0.0
1.02 1.3668946758314274e-13 0.0
1.0300000000000002 5.338297482587259e-14 0.0
1.04 2.0527157752227094e-14 0.0
1.0500000000000003 7.772091699178296e-15 0.0
1.06 2.8977162797687545e-15 0.0
1.0700000000000003 1.0639244353501558e-15 0.0
1.08 3.8471054394208565e-16 0.0
1.0899999999999999 1.3701229331499238e-16 0.0
1.1 4.806383778419099e-17 0.0
1.1099999999999999 1.660846736404525e-17 0.0
1.12 5.6530639680223425e-18 0.0
1.13 1.895083752427295e-18 0.0
1.1400000000000001 6.255416582590185e-19 0.0
1.15 2.0324299501117874e-19 0.0
1.1600000000000001 6.497569910173662e-20 0.0
1.17 2.0435717602779704e-20 0.0
1.1800000000000002 6.325330515994984e-21 0.0
1.19 1.9292824608887718e-21 0.0
1.2000000000000002 5.8146162414203595e-22 0.0
1.21 1.7395938141472237e-22 0.0
1.2200000000000002 5.199283428695796e-23 0.0
1.23 1.563771022009188e-23 0.0
1.2400000000000002 4.762874076415226e-24 0.0
1.25 1.4732457096397991e-24 0.0
1.2600000000000002 4.617830856238866e-25 0.0
1.27 1.4566043728945056e-25 0.0
1.2800000000000002 4.579392561081939e-26 0.0
1.29 1.4210500311241738e-26 0.0
1.3000000000000003 4.318411576468343e-27 0.0
1.31 1.2789471843740705e-27 0.0
1.3200000000000003 3.688000112536568e-28 0.0
1.33 1.039641781706082e-28 0.0
1.3399999999999999 2.894800006797485e-29 0.0
1.35 8.101873350231345e-30 0.0
1.3599999999999999 2.330991846337754e-30 0.0
1.37 7.031724308202768e-31 0.0
1.38 2.2385051557702227e-31 0.0
1.3900000000000001 7.439335739236639e-32 0.0
1.4 2.527062735023053e-32 0.0
1.4100000000000001 8.5905834374613e-33 0.0
1.42 2.8774423869498036e-33 0.0
1.4300000000000002 9.40794523590242e-34 0.0
1.44 2.988172370852045e-34 0.0
1.4500000000000002 9.202485175137953e-35 0.0
1.46 2.747055391920961e-35 0.0
1.4700000000000002 7.953169435569077e-36 0.0
1.48 2.2353809419408716e-36 0.0
1.4900000000000002 6.106641086920408e-37 0.0
1.5 1.6233391912874509e-37 0.0
1.5100000000000002 4.2041104987111354e-38 0.0
1.52 1.0618657706151552e-38 0.0
1.5300000000000002 2.618380625731416e-39 0.0
1.54 6.309035847878263e-40 0.0
1.5500000000000003 1.4866971071707902e-40 0.0
1.56 3.4287670529135964e-41 0.0
1.5700000000000003 7.744668880443027e-42 0.0
1.58 1.714271988245523e-42 0.0
1.5899999999999999 3.720514442969087e-43 0.0
1.6 7.921025132897461e-44 0.0
1.6099999999999999 1.6550095697744707e-44 0.0
1.62 3.3948861080224344e-45 0.0
1.63 6.8391468139193626e-46 0.0
1.6400000000000001 1.3535080939056407e-46 0.0
1.65 2.632194639508758e-47 0.0
1.6600000000000001 5.031263453831353e-48 0.0
1.67 9.454339234448663e-49 0.0
1.6800000000000002 1.7468859085539498e-49 0.0
1.69 3.1743423138745257e-50 0.0
1.7000000000000002 5.67373634077404e-51 0.0
1.71 9.976445519122189e-52 0.0
1.7200000000000002 1.7259757103298972e-52 0.0
1.73 2.938347171190523e-53 0.0
1.7400000000000002 4.923067386137966e-54 0.0
1.75 8.118675152951438e-55 0.0
1.7600000000000002 1.3179592733724994e-55 0.0
1.77 2.106374669867415e-56 0.0
1.7800000000000002 3.3146246889839233e-57 0.0
1.79 5.136244109247354e-58 0.0
1.8000000000000003 7.838199153147216e-59 0.0
1.81 1.1781281045774764e-59 0.0
1.8200000000000003 1.7442957205425368e-60 0.0
1.83 2.5441604324075926e-61 0.0
1.8399999999999999 3.656038058005063e-62 0.0
1.85 5.176825050251481e-63 0.0
1.8599999999999999 7.223492984105795e-64 0.0
1.87 9.93358752720944e-65 0.0
1.88 1.3464303734421617e-65 0.0
1.8900000000000001 1.7989707102359132e-66 0.0
1.9 2.3695719643900584e-67 0.0
1.9100000000000001 3.0772603619066046e-68 0.0
1.92 3.94048521122319e-69 0.0
1.9300000000000002 4.9758690107359115e-70 0.0
1.94 6.196713999924879e-71 0.0
1.9500000000000002 7.611885177819433e-72 0.0
1.96 9.219355627920653e-73 0.0
1.9700000000000002 1.1056176400072113e-73 0.0
1.98 1.2664030509821065e-74 0.0
1.9900000000000002 1.8773024374370585e-75 0.0
