-5.0 5.785682237456155e-07 0
-4.99 2.320100720731907e-06 0
-4.98 5.214028935569934e-06 0
-4.97 9.299022053195479e-06 0
-4.96 1.452066272451854e-05 0
-4.95 2.0989757960173194e-05 0
-4.94 2.856425661150957e-05 0
-4.93 3.747099958048842e-05 0
-4.92 4.742924624897669e-05 0
-4.91 5.883240618389003e-05 0
-4.9 7.12012438260495e-05 0
-4.89 8.515350906352444e-05 0
-4.88 9.994324375021931e-05 0
-4.87 0.00011647597890573037 0
-4.86 0.0001336653485370161 0
-4.85 0.0001527692146084586 0
-4.84 0.0001722881637136541 0
-4.83 0.00019388967923927042 0
-4.82 0.00021560055542275825 0
-4.81 0.0002395351715860299 0
-4.8 0.00026321329269811676 0
-4.79 0.00028919631771582785 0
-4.78 0.00031451123737821546 0
-4.77 0.00034210899905936273 0
-4.76 0.00036860819747566026 0
-4.75 0.00039721314438327014 0
-4.74 0.00042431027301294836 0
-4.73 0.00045312515653257387 0
-4.72 0.0004800953682923309 0
-4.71 0.0005081329596786395 0
-4.7 0.0005341182832610307 0
-4.69 0.0005602238479329349 0
-4.68 0.0005842520479220586 0
-4.67 0.000607155479554304 0
-4.66 0.000628176375706532 0
-4.65 0.0006465789064864711 0
-4.64 0.0006635225620740791 0
-4.63 0.0006762188816573011 0
-4.62 0.0006880800001501594 0
-4.61 0.0006941104226048721 0
-4.6 0.0007000619264797576 0
-4.59 0.0006988815727283069 0
-4.58 0.0006984165393540752 0
-4.57 0.0006900608363273248 0
-4.56 0.0006831545624845111 0
-4.55 0.000668374568477564 0
-4.54 0.0006556470572255756 0
-4.53 0.0006359864912956923 0
-4.52 0.0006188313304752183 0
-4.51 0.0005966197861714842 0
-4.5 0.0005772523704302794 0
-4.49 0.0005554971174431639 0
-4.48 0.0005368699946154623 0
-4.47 0.0005190348396333456 0
-4.46 0.0005045795837601516 0
-4.45 0.0004942509440240481 0
-4.4399999999999995 0.0004874380380396969 0
-4.43 0.00048787450234558463 0
-4.42 0.0004916355076074924 0
-4.41 0.0005052294207433661 0
-4.4 0.0005213420891333664 0
-4.39 0.0005490085055718621 0
-4.38 0.0005775810491004768 0
-4.37 0.0006182249414597545 0
-4.36 0.0006574283065006625 0
-4.35 0.0007075519457409542 0
-4.34 0.0007536595498929562 0
-4.33 0.000807527086763381 0
-4.32 0.0008553539176088478 0
-4.31 0.0009055486637534105 0
-4.3 0.0009491054716803618 0
-4.29 0.0009881640621306651 0
-4.28 0.0010217413366380664 0
-4.27 0.0010435978380576307 0
-4.26 0.0010627751521303662 0
-4.25 0.0010651928614771925 0
-4.24 0.0010683408641846207 0
-4.23 0.0010532879462452794 0
-4.22 0.0010423216043222313 0
-4.21 0.0010170433859313436 0
-4.2 0.000998200327896838 0
-4.1899999999999995 0.0009729148900977042 0
-4.18 0.0009554502566877961 0
-4.17 0.0009419838203691816 0
-4.16 0.0009363768635675327 0
-4.15 0.0009446910200682743 0
-4.14 0.0009589764309629833 0
-4.13 0.0009938739520953287 0
-4.12 0.0010308347057365885 0
-4.11 0.001090605670849832 0
-4.1 0.0011465156944132332 0
-4.09 0.001220001351012385 0
-4.08 0.0012844618032120554 0
-4.07 0.0013558008125865097 0
-4.06 0.001415967802818259 0
-4.05 0.001467173551483911 0
-4.04 0.001509886846920221 0
-4.03 0.0015295677725237452 0
-4.02 0.0015474620712183722 0
-4.01 0.001536715525981771 0
-4.0 0.0015312648773104006 0
-3.99 0.0015026532316966214 0
-3.98 0.0014851279318013916 0
-3.9699999999999998 0.001461722441396994 0
-3.96 0.0014514173673891191 0
-3.95 0.0014554617821543388 0
-3.94 0.0014700110478830222 0
-3.9299999999999997 0.0015142157102564923 0
-3.92 0.0015617995064615793 0
-3.91 0.0016436608422327455 0
-3.9 0.0017183592372317423 0
-3.8899999999999997 0.0018157105194105542 0
-3.88 0.0018979220128479291 0
-3.87 0.0019789732094917037 0
-3.86 0.002045521241027927 0
-3.8499999999999996 0.0020853555221519125 0
-3.84 0.0021196174713008806 0
-3.83 0.0021129974966087395 0
-3.8200000000000003 0.0021134901239549786 0
-3.81 0.0020829318114610807 0
-3.8 0.002069147219301071 0
-3.79 0.002053763679888974 0
-3.7800000000000002 0.0020564723493607068 0
-3.77 0.002088957440837071 0
-3.76 0.0021316099894225535 0
-3.75 0.0022209408557063155 0
-3.74 0.0023052700728548128 0
-3.73 0.0024268427218399552 0
-3.7199999999999998 0.0025293449985904267 0
-3.71 0.0026337707463851964 0
-3.7 0.002718192226760811 0
-3.69 0.002764804412713631 0
-3.6799999999999997 0.0028060027359893985 0
-3.67 0.002794083770639513 0
-3.66 0.0027955663103245245 0
-3.65 0.0027665491862198855 0
-3.6399999999999997 0.0027618059916393136 0
-3.63 0.002774312622006465 0
-3.62 0.002807019218136717 0
-3.61 0.002895958717561409 0
-3.5999999999999996 0.0029855154308654746 0
-3.59 0.003130365151486261 0
-3.58 0.003253408012822838 0
-3.5700000000000003 0.003387160618884551 0
-3.56 0.0034946072754914116 0
-3.55 0.003556071739939798 0
-3.54 0.0036106793782395776 0
-3.5300000000000002 0.003598198952475365 0
-3.52 0.0036052677361638427 0
-3.51 0.0035831483902396847 0
-3.5 0.003592800763393546 0
-3.49 0.0036413755489002496 0
-3.48 0.003708717662327454 0
-3.4699999999999998 0.003853429796798441 0
-3.46 0.003985395955472839 0
-3.45 0.004164726326445348 0
-3.44 0.004309905647148298 0
-3.4299999999999997 0.004424395501370469 0
-3.42 0.0045186923906392566 0
-3.41 0.004530101602050479 0
-3.4 0.004558019884526139 0
-3.3899999999999997 0.004534932003241207 0
-3.38 0.004551018008616664 0
-3.37 0.004604765313190836 0
-3.36 0.00468368841725968 0
-3.3499999999999996 0.004856137545449921 0
-3.34 0.005012678232778741 0
-3.33 0.005223475655922468 0
-3.3200000000000003 0.005392943499449911 0
-3.31 0.005514076000748676 0
-3.3 0.00561728171467243 0
-3.29 0.005618816854543195 0
-3.2800000000000002 0.005649951649223225 0
-3.27 0.005646805202026947 0
-3.26 0.005691157336884969 0
-3.25 0.005816768558286853 0
-3.24 0.005954608783803384 0
-3.23 0.00619948529137593 0
-3.2199999999999998 0.006404298130291178 0
-3.21 0.006611404895820779 0
-3.2 0.006777271102413806 0
-3.19 0.006831435234538855 0
-3.1799999999999997 0.006900987403723872 0
-3.17 0.0068894169218511395 0
-3.16 0.006935166795513854 0
-3.15 0.007045564389901975 0
-3.1399999999999997 0.0071845104355559575 0
-3.13 0.007457330610963411 0
-3.12 0.0076903761446014745 0
-3.11 0.007947171986114514 0
-3.0999999999999996 0.00815181592467321 0
-3.09 0.008230384430131606 0
-3.08 0.008324727964579032 0
-3.0700000000000003 0.008323860834415626 0
-3.06 0.008390805757948058 0
-3.05 0.008543196270512612 0
-3.04 0.008721992993882368 0
-3.0300000000000002 0.00905233615495136 0
-3.02 0.009327242903742615 0
-3.01 0.009592749256854313 0
-3.0 0.009808882859063232 0
-2.9899999999999998 0.00986218818159689 0
-2.98 0.009957957414753527 0
-2.9699999999999998 0.009999826601440668 0
-2.96 0.010117442573294005 0
-2.95 0.01039220667327829 0
-2.94 0.010658117116608365 0
-2.93 0.011046957439708873 0
-2.92 0.011356612639105056 0
-2.91 0.011545966043194772 0
-2.9 0.011727685077149452 0
-2.89 0.011748316991952409 0
-2.88 0.01185719448757375 0
-2.87 0.012059168312350637 0
-2.86 0.012300543087424062 0
-2.85 0.012743005511260515 0
-2.84 0.01310684825395329 0
-2.83 0.013421030399051537 0
-2.82 0.013688033777712477 0
-2.81 0.013739646421456411 0
-2.8 0.013876568787612602 0
-2.79 0.014048786458424663 0
-2.78 0.01429097062492186 0
-2.77 0.014774837324716244 0
-2.76 0.015182900148691784 0
-2.75 0.01557940557276085 0
-2.7399999999999998 0.015909151798629687 0
-2.73 0.015990726281368578 0
-2.7199999999999998 0.016163939276097203 0
-2.71 0.016365627022489355 0
-2.6999999999999997 0.016647670972385335 0
-2.69 0.017203739005633635 0
-2.68 0.01766880784941789 0
-2.67 0.018093577674603446 0
-2.66 0.018456013992722366 0
-2.65 0.018544187750565586 0
-2.64 0.018751963605298433 0
-2.63 0.019062738289550834 0
-2.62 0.019433713817777875 0
-2.61 0.02009060400235748 0
-2.6 0.020621815538251678 0
-2.59 0.0209918186366008 0
-2.58 0.021347591782416256 0
-2.57 0.021460403786435905 0
-2.56 0.021727880601569376 0
-2.55 0.022261957733100076 0
-2.54 0.022778452968986 0
-2.53 0.023477590787622054 0
-2.52 0.02403720165402956 0
-2.51 0.024260288157103644 0
-2.5 0.024581129694067103 0
-2.4899999999999998 0.02487586209016106 0
-2.48 0.02529604786203933 0
-2.4699999999999998 0.026108338655055404 0
-2.46 0.026777602389367033 0
-2.4499999999999997 0.02729689093458501 0
-2.44 0.027784294894911507 0
-2.43 0.0279631377930452 0
-2.42 0.02833740969860222 0
-2.41 0.02908179000333606 0
-2.4 0.02976597882980431 0
-2.39 0.03056828858593369 0
-2.38 0.03122989551793396 0
-2.37 0.03144552964034194 0
-2.36 0.03185367699254423 0
-2.35 0.03248989072265554 0
-2.34 0.03316434183646551 0
-2.33 0.034170653182486965 0
-2.32 0.03497623875794726 0
-2.31 0.03530675775491491 0
-2.3 0.03579963336310642 0
-2.29 0.03638221196915525 0
-2.28 0.03707301874962742 0
-2.27 0.03822562093603701 0
-2.26 0.039144395740378105 0
-2.25 0.039572488450679545 0
-2.2399999999999998 0.040149505406460576 0
-2.23 0.04075855723185273 0
-2.2199999999999998 0.04150812964845832 0
-2.21 0.04278764409577374 0
-2.1999999999999997 0.04380641897819065 0
-2.19 0.044270076957746304 0
-2.18 0.044919911967708386 0
-2.17 0.04567898618968562 0
-2.16 0.04655495518568371 0
-2.15 0.04794860713916185 0
-2.14 0.049062497902870414 0
-2.13 0.04949258922165458 0
-2.12 0.05019939843650005 0
-2.11 0.051272430608112735 0
-2.1 0.05234602004613456 0
-2.09 0.05372650565636963 0
-2.08 0.054871690894222835 0
-2.07 0.05527388079445778 0
-2.06 0.05605848894241989 0
-2.05 0.05761463852513428 0
-2.04 0.05894437791967843 0
-2.03 0.060016398122270206 0
-2.02 0.06108651515456352 0
-2.01 0.06179829685650579 0
-2.0 0.06283320534217551 0
-1.9899999999999998 0.06477540104744511 0
-1.98 0.0663017440097724 0
-1.9699999999999998 0.06686014937783569 0
-1.96 0.06783541632202225 0
-1.9499999999999997 0.06952410626715412 0
-1.94 0.07105516652082651 0
-1.9299999999999997 0.07250802947485598 0
-1.92 0.07388288878906564 0
-1.9100000000000001 0.07473307365906774 0
-1.9 0.07598120598608256 0
-1.8900000000000001 0.07834041755541646 0
-1.88 0.08015860702990715 0
-1.87 0.08059409175750093 0
-1.8599999999999999 0.08171079680737886 0
-1.85 0.08434742727560131 0
-1.8399999999999999 0.08636198833222437 0
-1.83 0.08701212462238553 0
-1.8199999999999998 0.08827293255363886 0
-1.81 0.090746348605836 0
-1.7999999999999998 0.09278111743797589 0
-1.79 0.09392698726792287 0
-1.7799999999999998 0.09546746398673778 0
-1.77 0.09772507466000206 0
-1.7599999999999998 0.09976999747705094 0
-1.75 0.10138620826862231 0
-1.7399999999999998 0.10320954939034589 0
-1.73 0.10538208660785416 0
-1.7199999999999998 0.1074891542767366 0
-1.71 0.10944720531525347 0
-1.6999999999999997 0.11151257165981812 0
-1.69 0.11373166722853437 0
-1.6799999999999997 0.11594866768228725 0
-1.67 0.11814060043469513 0
-1.6600000000000001 0.1203950362538186 0
-1.65 0.12272504473435167 0
-1.6400000000000001 0.12508334372503102 0
-1.63 0.12745908661978736 0
-1.62 0.12987648416544678 0
-1.6099999999999999 0.13234200183845865 0
-1.6 0.13484529088148317 0
-1.5899999999999999 0.13738481302989966 0
-1.58 0.139970700610253 0
-1.5699999999999998 0.14260004413454075 0
-1.56 0.14527135921731105 0
-1.5499999999999998 0.14798671262980406 0
-1.54 0.15075093298693282 0
-1.5299999999999998 0.1535678183084213 0
-1.52 0.15644225309918303 0
-1.5099999999999998 0.1593723453084107 0
-1.5 0.16236115075345567 0
-1.4899999999999998 0.16541011351632467 0
-1.48 0.16852097338685182 0
-1.4699999999999998 0.1717001400418779 0
-1.46 0.1749518054156529 0
-1.4499999999999997 0.17827789171069197 0
-1.44 0.18168110182192465 0
-1.4299999999999997 0.1851611990095457 0
-1.42 0.18871771460074416 0
-1.4100000000000001 0.19235620870526754 0
-1.4 0.1960771488639389 0
-1.3900000000000001 0.1998863397193886 0
-1.38 0.20378542323755786 0
-1.37 0.20777439461463865 0
-1.3599999999999999 0.21185209460685625 0
-1.35 0.2160196319295711 0
-1.3399999999999999 0.22027411306183864 0
-1.33 0.22462155894803318 0
-1.3199999999999998 0.22906109628783938 0
-1.31 0.23359601698867746 0
-1.2999999999999998 0.23822590031845023 0
-1.29 0.24294902475888286 0
-1.2799999999999998 0.2477623295547682 0
-1.27 0.2526666536702206 0
-1.2599999999999998 0.2576584195472602 0
-1.25 0.26274227499380604 0
-1.2399999999999998 0.2679170447126545 0
-1.23 0.2731838925379107 0
-1.2199999999999998 0.27854199406141655 0
-1.21 0.28398821260282164 0
-1.1999999999999997 0.28951948301322394 0
-1.19 0.29513528742419676 0
-1.1799999999999997 0.3008323283367831 0
-1.17 0.30661365521107536 0
-1.1600000000000001 0.31247831200214166 0
-1.15 0.31842652126632665 0
-1.1400000000000001 0.32445798465238845 0
-1.13 0.3305686913105051 0
-1.12 0.33675640003440205 0
-1.1099999999999999 0.34301868780882605 0
-1.1 0.34935255726134906 0
-1.0899999999999999 0.3557594021027484 0
-1.08 0.36223805001237364 0
-1.0699999999999998 0.3687887744636473 0
-1.06 0.37541158707897454 0
-1.0499999999999998 0.3821025465876387 0.8
-1.04 0.3889219140654434 0.8
-1.0299999999999998 0.39586749473961763 0.8
-1.02 0.4029384851680108 0.8
-1.0099999999999998 0.4101362218726171 0.8
-1.0 0.41746061882409274 0
-0.9900000000000002 0.4248469410460331 0
-0.9799999999999995 0.4322942400874849 0
-0.9699999999999998 0.43979980384322376 0
-0.96 0.4473622613989256 0
-0.9500000000000002 0.45497632534476884 0
-0.9399999999999995 0.4626386585971612 0
-0.9299999999999997 0.4703453897197843 0
-0.9199999999999999 0.4780921535380412 0
-0.9100000000000001 0.485877809366852 0
-0.9000000000000004 0.49369865268462165 0
-0.8899999999999997 0.5015533705551881 0
-0.8799999999999999 0.5094387834836208 0
-0.8700000000000001 0.5173509069843151 0
-0.8600000000000003 0.525285460853831 0
-0.8499999999999996 0.5332370984583583 0
-0.8399999999999999 0.5411996578806831 0
-0.8300000000000001 0.549169322802778 0
-0.8200000000000003 0.5571389886274039 0
-0.8099999999999996 0.5651069096728104 0
-0.7999999999999998 0.5730662235283712 0
-0.79 0.5810152038484641 0
-0.7800000000000002 0.5889471648288327 0
-0.7699999999999996 0.5968588123743815 0
-0.7599999999999998 0.6047426913658571 0
-0.75 0.6125947271763378 0
-0.7400000000000002 0.6204062803123951 0
-0.7299999999999995 0.6281743513908465 0
-0.7199999999999998 0.6358897767282201 0
-0.71 0.6435512921225706 0
-0.7000000000000002 0.6511501875696025 0
-0.6899999999999995 0.658686013255111 0
-0.6799999999999997 0.666150932833281 0
-0.6699999999999999 0.673544253700397 0
-0.6600000000000001 0.6808588847192647 0
-0.6499999999999995 0.6880938571014228 0
-0.6399999999999997 0.6952427646536965 0
-0.6299999999999999 0.7023050314381669 0
-0.6200000000000001 0.7092752901534395 0
-0.6100000000000003 0.716153739742058 0
-0.5999999999999996 0.7229365835641686 0
-0.5899999999999999 0.729624542553239 0
-0.5800000000000001 0.736215711944437 0
-0.5700000000000003 0.7427108975744142 0
-0.5599999999999996 0.7491101106058204 0
-0.5499999999999998 0.7554140361927455 0
-0.54 0.7616244899126889 0
-0.5300000000000002 0.7677419132338074 0
-0.5199999999999996 0.7737697417602143 0
-0.5099999999999998 0.779707791792806 0
-0.5 0.7855607034462647 0
-0.4900000000000002 0.7913271143684906 0
-0.47999999999999954 0.7970120876054798 0
-0.46999999999999975 0.8026128800287062 0
-0.45999999999999996 0.8081339832848148 0
-0.4500000000000002 0.8135717744969841 0
-0.4399999999999995 0.8189293421387617 0
-0.4299999999999997 0.8242030777920111 0
-0.41999999999999993 0.829394264561396 0
-0.41000000000000014 0.8344998476513829 0
-0.39999999999999947 0.8395192639483311 0
-0.3899999999999997 0.8444497517694779 0
-0.3799999999999999 0.8492889315560347 0
-0.3700000000000001 0.8540336202439381 0
-0.3600000000000003 0.8586795478940156 0
-0.34999999999999964 0.8632228029267083 0
-0.33999999999999986 0.8676572220385482 0
-0.33000000000000007 0.8719788696060236 0
-0.3200000000000003 0.8761801625464406 0
-0.3099999999999996 0.8802586185620686 0
-0.2999999999999998 0.8842064406893129 0
-0.29000000000000004 0.8880238619747424 0
-0.28000000000000025 0.8917046064585995 0
-0.2699999999999996 0.8952516535994858 0
-0.2599999999999998 0.8986618656955616 0
-0.25 0.9019394990086382 0
-0.2400000000000002 0.9050853004811978 0
-0.22999999999999954 0.9081025312615897 0
-0.21999999999999975 0.9109952792370172 0
-0.20999999999999996 0.9137639687894552 0
-0.20000000000000018 0.916414353111937 0
-0.1899999999999995 0.9189436103124585 0
-0.17999999999999972 0.9213570013990033 0
-0.16999999999999993 0.9236496579180147 0
-0.16000000000000014 0.9258245271360718 0
-0.14999999999999947 0.9278768088241383 0
-0.13999999999999968 0.9298062744295613 0
-0.1299999999999999 0.9316101128754424 0
-0.1200000000000001 0.9332852138250334 0
-0.11000000000000032 0.934831570621572 0
-0.09999999999999964 0.9362444133707043 0
-0.08999999999999986 0.937525981130183 0
-0.08000000000000007 0.9386714866940342 0
-0.07000000000000028 0.9396838975643811 0
-0.05999999999999961 0.9405599000094147 0
-0.04999999999999982 0.9413015162181161 0
-0.040000000000000036 0.9419077857711612 0
-0.03000000000000025 0.9423787223654808 0
-0.019999999999999574 0.942715745195936 0
-0.009999999999999787 0.9429168059881637 0
0.0 0.9429849003064336 0
0.009999999999999787 0.9429168059834228 0
0.020000000000000462 0.9427157451869292 0
0.03000000000000025 0.9423787223533289 0
0.040000000000000036 0.9419077857569295 0
0.04999999999999982 0.941301516203492 0
0.0600000000000005 0.9405598999958198 0
0.07000000000000028 0.939683897553237 0
0.08000000000000007 0.9386714866865066 0
0.08999999999999986 0.9375259811269252 0
0.10000000000000053 0.9362444133719798 0
0.11000000000000032 0.934831570627086 0
0.1200000000000001 0.9332852138341757 0
0.1299999999999999 0.9316101128868786 0
0.13999999999999968 0.9298062744424833 0
0.15000000000000036 0.9278768088368151 0
0.16000000000000014 0.9258245271475775 0
0.16999999999999993 0.9236496579272613 0
0.17999999999999972 0.9213570014053498 0
0.1900000000000004 0.918943610315517 0
0.20000000000000018 0.9164143531118453 0
0.20999999999999996 0.9137639687869111 0
0.21999999999999975 0.9109952792324152 0
0.23000000000000043 0.9081025312559423 0
0.2400000000000002 0.9050853004749098 0
0.25 0.901939499002557 0
0.2599999999999998 0.8986618656897158 0
0.27000000000000046 0.8952516535940248 0
0.28000000000000025 0.8917046064533494 0
0.29000000000000004 0.8880238619691864 0
0.2999999999999998 0.8842064406832973 0
0.3100000000000005 0.8802586185552744 0
0.3200000000000003 0.876180162538995 0
0.33000000000000007 0.8719788695981499 0
0.33999999999999986 0.8676572220309663 0
0.35000000000000053 0.8632228029202127 0
0.3600000000000003 0.8586795478898177 0
0.3700000000000001 0.8540336202428755 0
0.3799999999999999 0.8492889315588474 0
0.3899999999999997 0.8444497517764784 0
0.40000000000000036 0.8395192639593032 0
0.41000000000000014 0.8344998476657074 0
0.41999999999999993 0.8293942645778999 0
0.4299999999999997 0.8242030778092395 0
0.4400000000000004 0.8189293421554493 0
0.4500000000000002 0.8135717745117829 0
0.45999999999999996 0.8081339832969816 0
0.46999999999999975 0.8026128800378478 0
0.4800000000000004 0.7970120876118033 0
0.4900000000000002 0.7913271143723783 0
0.5 0.7855607034484786 0
0.5099999999999998 0.7797077917941326 0
0.5200000000000005 0.7737697417609595 0
0.5300000000000002 0.7677419132341615 0
0.54 0.7616244899121188 0
0.5499999999999998 0.7554140361906274 0
0.5600000000000005 0.7491101106012441 0
0.5700000000000003 0.7427108975666272 0
0.5800000000000001 0.7362157119330386 0
0.5899999999999999 0.7296245425384005 0
0.6000000000000005 0.7229365835463297 0
0.6100000000000003 0.7161537397224241 0
0.6200000000000001 0.7092752901330294 0
0.6299999999999999 0.7023050314183478 0
0.6399999999999997 0.6952427646351731 0
0.6500000000000004 0.688093857084675 0
0.6600000000000001 0.6808588847040659 0
0.6699999999999999 0.6735442536861019 0
0.6799999999999997 0.6661509328193963 0
0.6900000000000004 0.6586860132409085 0
0.7000000000000002 0.6511501875550312 0
0.71 0.6435512921077999 0
0.7199999999999998 0.6358897767141065 0
0.7300000000000004 0.6281743513784346 0
0.7400000000000002 0.6204062803027196 0
0.75 0.6125947271700029 0
0.7599999999999998 0.6047426913630862 0
0.7700000000000005 0.5968588123747666 0
0.7800000000000002 0.5889471648317048 0
0.79 0.5810152038529257 0
0.7999999999999998 0.5730662235336618 0
0.8100000000000005 0.5651069096788093 0
0.8200000000000003 0.557138988634312 0
0.8300000000000001 0.549169322811439 0
0.8399999999999999 0.5411996578918599 0
0.8500000000000005 0.5332370984727678 0
0.8600000000000003 0.5252854608715849 0
0.8700000000000001 0.5173509070051447 0
0.8799999999999999 0.509438783506742 0
0.8899999999999997 0.5015533705797215 0
0.9000000000000004 0.49369865270977653 0
0.9100000000000001 0.48587780939252223 0
0.9199999999999999 0.4780921535644132 0
0.9299999999999997 0.47034538974751666 0
0.9400000000000004 0.4626386586270082 0
0.9500000000000002 0.4549763253773255 0
0.96 0.4473622614341031 0
0.9699999999999998 0.43979980388053724 0
0.9800000000000004 0.43229424012627143 0
0.9900000000000002 0.42484694108533566 0
1.0 0.4174606188636807 0
1.0099999999999998 0.4101362219041301 0.8
1.0200000000000005 0.4029384851840969 0.8
1.0300000000000002 0.3958674947412043 0.8
1.04 0.38892191405356125 0.8
1.0499999999999998 0.38210254656249126 0.8
1.0600000000000005 0.3754115870482768 0
1.0700000000000003 0.36878877443418107 0
1.08 0.3622380499835171 0
1.0899999999999999 0.35575940207411466 0
1.1000000000000005 0.34935255723311276 0
1.1100000000000003 0.34301868778152395 0
1.12 0.3367564000088057 0
1.13 0.3305686912870028 0
1.1400000000000006 0.3244579846310359 0
1.1500000000000004 0.31842652124675497 0
1.1600000000000001 0.3124783119836175 0
1.17 0.3066136551931455 0
1.1799999999999997 0.30083232831940376 0
1.1900000000000004 0.29513528740769474 0
1.2000000000000002 0.289519482998239 0
1.21 0.28398821258987966 0
1.2199999999999998 0.27854199405075114 0
1.2300000000000004 0.27318389252920255 0
1.2400000000000002 0.26791704470508465 0
1.25 0.26274227498701525 0
1.2599999999999998 0.2576584195416167 0
1.2700000000000005 0.2526666536659365 0
1.2800000000000002 0.24776232955043961 0
1.29 0.24294902475516522 0
1.2999999999999998 0.2382259003215283 0
1.3100000000000005 0.23359601699710403 0
1.3200000000000003 0.22906109628315482 0
1.33 0.22462155893299762 0
1.3399999999999999 0.22027411308825653 0
1.3500000000000005 0.21601963198815205 0
1.3600000000000003 0.2118520945497741 0
1.37 0.2077743944701421 0
1.38 0.20378542341938605 0
1.3900000000000006 0.19988634014614923 0
1.4000000000000004 0.19607714840578064 0
1.4100000000000001 0.192356207588761 0
1.42 0.18871771583645564 0
1.4299999999999997 0.18516120197618777 0
1.4400000000000004 0.18168109868221644 0
1.4500000000000002 0.17827788412606493 0
1.46 0.1749518132988401 0
1.4699999999999998 0.17170015905822156 0
1.4800000000000004 0.16852095419377708 0
1.4900000000000002 0.16541006713970272 0
1.5 0.1623611963451822 0
1.5099999999999998 0.15937245551806303 0
1.5200000000000005 0.1564421477720273 0
1.5300000000000002 0.1535675635243377 0
1.54 0.15075116957118992 0
1.5499999999999998 0.1479872852291606 0
1.5600000000000005 0.1452708431260892 0
1.5700000000000003 0.14259879455370117 0
1.58 0.13997179265660253 0
1.5899999999999999 0.13738745800457963 0
1.6000000000000005 0.13484305252117731 0
1.6100000000000003 0.13233657797580653 0
1.62 0.12988092223641803 0
1.63 0.12746984704812592 0
1.6400000000000006 0.12507484638897565 0
1.6500000000000004 0.12270442515000216 0
1.6600000000000001 0.12041071804529274 0
1.67 0.11817870554048472 0
1.6799999999999997 0.11592083846349824 0
1.6900000000000004 0.1136639068822717 0
1.7000000000000002 0.11155997010014285 0
1.71 0.10956291746266614 0
1.7199999999999998 0.10741198214779855 0
1.7300000000000004 0.10519296800358119 0
1.7400000000000002 0.10332941902790266 0
1.75 0.10168131440497073 0
1.7599999999999998 0.09959355205471114 0
1.7700000000000005 0.09728793598466699 0
1.7800000000000002 0.095712976062239 0
1.79 0.09453952491418127 0
1.7999999999999998 0.09246215289518299 0
1.8100000000000005 0.0899422796439257 0
1.8200000000000003 0.08865776285077497 0
1.83 0.08799337226830371 0
1.8399999999999999 0.0859408925203838 0
1.8500000000000005 0.08325406259855585 0
1.8600000000000003 0.08211847875265355 0
1.87 0.08167978216608644 0
1.88 0.07983173249652128 0
1.8900000000000006 0.07742830115428968 0
1.9000000000000004 0.07615857662999834 0
1.9100000000000001 0.07529495697089561 0
1.92 0.07389624888934712 0
1.9299999999999997 0.07241879805015217 0
1.9400000000000004 0.0708594078658006 0
1.9500000000000002 0.06913604032952601 0
1.96 0.0681398455478394 0
1.9699999999999998 0.06757154977566991 0
1.9800000000000004 0.06601455578758271 0
1.9900000000000002 0.06403282990637367 0
2.0 0.06297536372349798 0
2.01 0.06224716574725232 0
2.0200000000000005 0.061154664020251485 0
2.0300000000000002 0.06006292357324104 0
2.04 0.058708195616148595 0
2.05 0.0571202077369358 0
2.0600000000000005 0.056320781393434674 0
2.0700000000000003 0.05591351635299869 0
2.08 0.05474907715455618 0
2.09 0.05334272433412047 0
2.1000000000000005 0.05224999729523225 0
2.1100000000000003 0.051158031623579396 0
2.12 0.050438867608645695 0
2.13 0.05000155983843041 0
2.1400000000000006 0.04886635474574341 0
2.1500000000000004 0.04744520068966239 0
2.16 0.04655120817867125 0
2.17 0.04577755373773381 0
2.1799999999999997 0.04511424907974656 0
2.1900000000000004 0.044639998050021695 0
2.2 0.04360056660207077 0
2.21 0.042296670802099326 0
2.2199999999999998 0.041532978051492385 0
2.2300000000000004 0.04091191311223747 0
2.24 0.04032443714031583 0
2.25 0.039889087611999684 0
2.26 0.038953967024089285 0
2.2700000000000005 0.037779929096539634 0
2.2800000000000002 0.03707656389309521 0
2.29 0.036483451176517856 0
2.3 0.03598125583713903 0
2.3100000000000005 0.035644314785755145 0
2.3200000000000003 0.03482276823084688 0
2.33 0.033796872434633564 0
2.34 0.0331088818335429 0
2.3500000000000005 0.03246003704059573 0
2.3600000000000003 0.032043728426386475 0
2.37 0.03182376791970445 0
2.38 0.03114970553513918 0
2.3900000000000006 0.030332254973665027 0
2.4000000000000004 0.029635500845905077 0
2.41 0.0288772782278237 0
2.42 0.028496280217658116 0
2.4299999999999997 0.028314296725428102 0
2.4400000000000004 0.027817680760470816 0
2.45 0.027288515385926495 0
2.46 0.026606254979663256 0
2.4699999999999998 0.02577830389520501 0
2.4800000000000004 0.025349818512121487 0
2.49 0.025049274786173206 0
2.5 0.024722204481721015 0
2.51 0.02449480468321679 0
2.5200000000000005 0.02392463527424162 0
2.5300000000000002 0.023212257042768292 0
2.54 0.02268608315854552 0
2.55 0.02214193381801014 0
2.5600000000000005 0.021869425089370516 0
2.5700000000000003 0.021754501766162834 0
2.58 0.021391907591565996 0
2.59 0.02101482657774198 0
2.6000000000000005 0.020473445530731223 0
2.6100000000000003 0.01980401355092871 0
2.62 0.019425980692464467 0
2.63 0.01910929082730234 0
2.6400000000000006 0.01889757269136308 0
2.6500000000000004 0.01880771922068379 0
2.66 0.01843832449181864 0
2.67 0.01800541953874986 0
2.6799999999999997 0.01753140927377184 0
2.6900000000000004 0.016964705539026254 0
2.7 0.016677304017927677 0
2.71 0.016471802815355912 0
2.7199999999999998 0.016295432090718858 0
2.7300000000000004 0.016212403349101227 0
2.74 0.015876490278356484 0
2.75 0.015472481307454662 0
2.76 0.015056553680620838 0
2.7700000000000005 0.014563386351121076 0
2.7800000000000002 0.014316367779135091 0
2.79 0.014140730495044098 0
2.8 0.01400111485508314 0
2.8100000000000005 0.013948494412953759 0
2.8200000000000003 0.013676607594887221 0
2.83 0.013356588575634657 0
2.84 0.012986068343019035 0
2.8500000000000005 0.012535307349644911 0
2.8600000000000003 0.012289291623329304 0
2.87 0.01208340707234526 0
2.88 0.011972143319235146 0
2.8900000000000006 0.01195091472127498 0
2.9000000000000004 0.011765560834184636 0
2.91 0.011572534689756787 0
2.92 0.011257226717045208 0
2.9300000000000006 0.010861155862577934 0
2.9400000000000004 0.010590507221171185 0
2.95 0.010310679221487576 0
2.96 0.0101907569424379 0
2.9699999999999998 0.010148007801852925 0
2.9800000000000004 0.010050019281552643 0
2.99 0.009995456195556744 0
3.0 0.0097750718114702 0
3.01 0.00950448360709158 0
3.0199999999999996 0.009224701329774392 0
3.0299999999999994 0.008888293881293209 0
3.040000000000001 0.008706381534940707 0
3.0500000000000007 0.008551219621790326 0
3.0600000000000005 0.008482756216945081 0
3.0700000000000003 0.008483455270034716 0
3.08 0.008386901725622085 0
3.09 0.008306620364003673 0
3.0999999999999996 0.008098200050702 0
3.1099999999999994 0.007836637818221765 0
3.120000000000001 0.007599614146551166 0
3.130000000000001 0.007321836675034945 0
3.1400000000000006 0.007180249545258731 0
3.1500000000000004 0.007067700107889067 0
3.16 0.0070206165880598555 0
3.17 0.007032132899758652 0
3.1799999999999997 0.006961139831937321 0
3.1899999999999995 0.006905935378080027 0
3.1999999999999993 0.006737384081464554 0
3.210000000000001 0.006526601918581488 0
3.2200000000000006 0.006318063748465849 0
3.2300000000000004 0.006068553853935062 0
3.24 0.00592764347903427 0
3.25 0.005799379455405937 0
3.26 0.005753966156494434 0
3.2699999999999996 0.005757097351802904 0
3.2799999999999994 0.005725812302173174 0
3.290000000000001 0.0057245193398496345 0
3.3000000000000007 0.005619578499808604 0
3.3100000000000005 0.005496201244473751 0
3.3200000000000003 0.005323034460231081 0
3.33 0.005107960520185469 0
3.34 0.004948246805703249 0
3.3499999999999996 0.004772472341969352 0
3.3599999999999994 0.004692510120489588 0
3.370000000000001 0.004638000288157941 0
3.380000000000001 0.0046217422090028 0
3.3900000000000006 0.004645294764850416 0
3.4000000000000004 0.004616342181488924 0
3.41 0.004604439302244168 0
3.42 0.004508316956461716 0
3.4299999999999997 0.004391695345668758 0
3.4399999999999995 0.004244267349996851 0
3.4499999999999993 0.004061756625924429 0
3.460000000000001 0.003927154200994532 0
3.4700000000000006 0.0037795711483176787 0
3.4800000000000004 0.0037104968662306456 0
3.49 0.003660790110440881 0
3.5 0.003651221961560017 0
3.51 0.0036739426852593266 0
3.5199999999999996 0.0036670909669916313 0
3.5299999999999994 0.003679955239837546 0
3.540000000000001 0.0036238681123679055 0
3.5500000000000007 0.003560989976577969 0
3.5600000000000005 0.0034513549723244955 0
3.5700000000000003 0.00331504998729092 0
3.58 0.0031901620676680767 0
3.59 0.0030427709640002644 0
3.5999999999999996 0.002951371420834234 0
3.6099999999999994 0.002860627852347143 0
3.620000000000001 0.002826910630859514 0
3.630000000000001 0.00281399830072361 0
3.6400000000000006 0.002819201281942328 0
3.6500000000000004 0.002848985112064227 0
3.66 0.0028476174225467357 0
3.67 0.002859791106543108 0
3.6799999999999997 0.002817319905584739 0
3.6899999999999995 0.002769599971723666 0
3.700000000000001 0.0026838033941474814 0
3.710000000000001 0.0025775346797353776 0
3.7200000000000006 0.002473363036205601 0
3.7300000000000004 0.00234954647222717 0
3.74 0.002263166778878505 0
3.75 0.002171940333445987 0
3.76 0.0021285888026398624 0
3.7699999999999996 0.002095571252048325 0
3.7799999999999994 0.0020931230091769935 0
3.790000000000001 0.0021089299384052765 0
3.8000000000000007 0.002122567568868859 0
3.8100000000000005 0.002153495309631387 0
3.8200000000000003 0.002153096691503854 0
3.83 0.0021599277485438153 0
3.84 0.0021253195087315643 0
3.8499999999999996 0.0020848263126001933 0
3.8599999999999994 0.002016570525554681 0
3.870000000000001 0.0019337990398867954 0
3.880000000000001 0.0018502219284351007 0
3.8900000000000006 0.0017511259875424528 0
3.9000000000000004 0.0016751730826434093 0
3.91 0.0015917813874468476 0
3.92 0.0015429204517697912 0
3.9299999999999997 0.0014977312813741943 0
3.9399999999999995 0.0014832011571431943 0
3.950000000000001 0.0014792257423022052 0
3.960000000000001 0.0014896895107243972 0
3.9700000000000006 0.001513502807712815 0
3.9800000000000004 0.0015311284910634315 0
3.99 0.0015601885878232418 0
4.0 0.0015661114514895487 0
4.01 0.0015772271567412646 0
4.02 0.0015586847038370506 0
4.029999999999999 0.0015384892823652782 0
4.040000000000001 0.0014950640815173377 0
4.050000000000001 0.0014429449382275215 0
4.0600000000000005 0.0013817587465212696 0
4.07 0.0013090770643835678 0
4.08 0.001243113672497826 0
4.09 0.0011681565672908383 0
4.1 0.0011114859357205364 0
4.109999999999999 0.0010506724720881848 0
4.120000000000001 0.0010127624410462435 0
4.130000000000001 0.0009771066965280795 0
4.140000000000001 0.0009626953220978386 0
4.15 0.0009542894511399485 0
4.16 0.000959954938847131 0
4.17 0.0009736506750756168 0
4.18 0.000991419765969137 0
4.1899999999999995 0.0010171764044579724 0
4.200000000000001 0.0010364557378350365 0
4.210000000000001 0.0010622513141844106 0
4.220000000000001 0.001073327132379824 0
4.23 0.0010886221412144902 0
4.24 0.0010855142254401747 0
4.25 0.0010830917553344254 0
4.26 0.0010634626211604608 0
4.27 0.0010411578101977737 0
4.279999999999999 0.001007007093232259 0
4.290000000000001 0.0009672259931332356 0
4.300000000000001 0.0009227931463574285 0
4.3100000000000005 0.0008716283714211701 0
4.32 0.0008229196466023031 0
4.33 0.0007680338817205426 0
4.34 0.0007210303584820967 0
4.35 0.0006699468390214652 0
4.359999999999999 0.0006300061432152452 0
4.370000000000001 0.0005885906947636822 0
4.380000000000001 0.000559468645590039 0
4.390000000000001 0.0005312733554902301 0
4.4 0.0005148562556763396 0
4.41 0.0005010043453670773 0
4.42 0.0004971704039648063 0
4.43 0.00049672503293971 0
4.4399999999999995 0.000503668371627257 0
4.450000000000001 0.0005141941405478519 0
4.460000000000001 0.0005289245274918892 0
4.470000000000001 0.00054709933982466 0
4.48 0.0005660815260375324 0
4.49 0.0005882513893296493 0
4.5 0.0006079877635375806 0
4.51 0.0006306224847953557 0
4.52 0.0006481045507536 0
4.529999999999999 0.0006681397467213396 0
4.540000000000001 0.0006811097532789906 0
4.550000000000001 0.0006961713569237258 0
4.5600000000000005 0.000703209228896424 0
4.57 0.0007117241443227242 0
4.58 0.0007121980357649579 0
4.59 0.000713400878719731 0
4.6 0.000707335976208026 0
4.609999999999999 0.0007011906507567032 0
4.620000000000001 0.0006891035305299223 0
4.630000000000001 0.0006761652956003892 0
4.640000000000001 0.0006588987964083131 0
4.65 0.0006401456245577703 0
4.66 0.0006187241969880545 0
4.67 0.0005953843642233781 0
4.68 0.0005708983318461634 0
4.6899999999999995 0.000544295352741656 0
4.700000000000001 0.0005178149057841502 0
4.710000000000001 0.000489243087195678 0
4.720000000000001 0.00046175898604822787 0
4.73 0.0004323950648332335 0
4.74 0.0004047816285435453 0
4.75 0.00037563164406462213 0
4.76 0.00034862753092857927 0
4.77 0.00032050392254547743 0
4.779999999999999 0.0002947066533658167 0
4.790000000000001 0.00026822854877644184 0
4.800000000000001 0.00024409926564438624 0
4.8100000000000005 0.00021970860021426644 0
4.82 0.00019758404582101 0
4.83 0.00017557093583918365 0
4.84 0.0001556800734194358 0
4.85 0.00013621220300982372 0
4.859999999999999 0.00011869530778251783 0
4.870000000000001 0.00010184755851967207 0
4.880000000000001 8.677602079020862e-05 0
4.890000000000001 7.255790962093661e-05 0
4.9 5.99533966162747e-05 0
4.91 4.8332961305156866e-05 0
4.92 3.818497058300568e-05 0
4.93 2.9108518871796355e-05 0
4.9399999999999995 2.138969601095121e-05 0
4.950000000000001 1.4797338880460247e-05 0
4.960000000000001 9.476205266120553e-06 0
4.970000000000001 5.313376844838598e-06 0
4.98 2.3643078317450837e-06 0
4.99 5.895922407064894e-07 0
