-2.0 0.00011738752225613221 0
-1.99 0.00047025100038261823 0
-1.98 0.0010583492343170747 0
-1.97 0.0018858410226308066 0
-1.96 0.0029498733637418253 0
-1.95 0.004260797529279945 0
-1.94 0.005809776165884716 0
-1.93 0.0076166718735784025 0
-1.92 0.009661732852029923 0
-1.91 0.011979335908196054 0
-1.9 0.014531974028339273 0
-1.89 0.017374786432860206 0
-1.88 0.02044528389395985 0
-1.87 0.023825703912350366 0
-1.8599999999999999 0.027421504846953236 0
-1.85 0.031349285424050424 0
-1.84 0.035472886418977834 0
-1.83 0.03995388559354846 0
-1.82 0.04460041834371829 0
-1.81 0.049632866525326516 0
-1.8 0.05478827855858687 0
-1.79 0.060359061041650404 0
-1.78 0.06599917203968558 0
-1.77 0.07208322524915328 0
-1.76 0.07817235275657884 0
-1.75 0.0847323057368864 0
-1.74 0.09122040067323438 0
-1.73 0.09820158641363745 0
-1.72 0.10502125194333274 0
-1.71 0.11234507725192919 0
-1.7 0.11941056894129067 0
-1.69 0.12697352344573373 0
-1.68 0.13418113630691703 0
-1.67 0.1418576240639097 0
-1.66 0.14908537926305515 0
-1.65 0.15672634091271637 0
-1.6400000000000001 0.16383367079777475 0
-1.63 0.1712633351498649 0
-1.62 0.17809360923019685 0
-1.6099999999999999 0.18511417986156284 0
-1.6 0.19149989754123745 0
-1.5899999999999999 0.19790181224240838 0
-1.58 0.2036693239068934 0
-1.57 0.20923742010068505 0
-1.56 0.21421163229065143 0
-1.55 0.2187332326254047 0
-1.54 0.22274741107139936 0
-1.53 0.226034225677247 0
-1.52 0.22894578917934116 0
-1.51 0.23085919671911878 0
-1.5 0.23256452607546665 0
-1.49 0.23302781417517704 0
-1.48 0.23347305388958972 0
-1.47 0.23248224187399494 0
-1.46 0.23167820818054335 0
-1.45 0.2293273151343405 0
-1.44 0.22737193590105795 0
-1.43 0.22387486707338008 0
-1.42 0.2209708732377727 0
-1.4100000000000001 0.2166602754991656 0
-1.4 0.21312041662755776 0
-1.3900000000000001 0.2084394216175085 0
-1.38 0.2046874376451138 0
-1.37 0.20018526674307788 0
-1.3599999999999999 0.1967501338350093 0
-1.35 0.19305781845514183 0
-1.3399999999999999 0.19054265078789592 0
-1.33 0.1883213760511052 0
-1.3199999999999998 0.18734817395130676 0
-1.31 0.18723571607173772 0
-1.2999999999999998 0.1883827714353397 0
-1.29 0.19093684165733424 0
-1.28 0.194664369692845 0
-1.27 0.2002793023713294 0
-1.26 0.20684232160052474 0
-1.25 0.21566047404771563 0
-1.24 0.22504128709555726 0
-1.23 0.2368960021489983 0
-1.22 0.24877394201162073 0
-1.21 0.263151476190719 0
-1.2 0.27689843572923273 0
-1.19 0.292918119395091 0
-1.18 0.30763349535510565 0
-1.17 0.32409925265850786 0
-1.1600000000000001 0.3387015452323212 0
-1.15 0.35423025619221055 0
-1.1400000000000001 0.36757680602056386 0
-1.13 0.38075984733724894 0
-1.12 0.3917777558984623 0
-1.1099999999999999 0.401393555441029 0
-1.1 0.4092421132325558 0
-1.0899999999999999 0.4145178183221302 0
-1.08 0.4187591754122612 0
-1.0699999999999998 0.4195752986009903 0
-1.06 0.4203002608781569 0
-1.0499999999999998 0.41728680585694256 0.8
-1.04 0.41525624534200595 0.8
-1.03 0.40992537525346323 0.8
-1.02 0.4064966827049176 0.8
-1.01 0.4008124274677165 0.8
-1.0 0.3977222887073476 0
-0.99 0.3938499466119349 0
-0.98 0.3928707191391095 0
-0.97 0.39286886318372594 0
-0.96 0.39570028730886875 0
-0.95 0.4011771313438243 0
-0.94 0.40890562215109144 0
-0.9299999999999999 0.42054256344941865 0
-0.9199999999999999 0.4333016878002559 0
-0.9099999999999999 0.4505870643473064 0
-0.8999999999999999 0.467441322500489 0
-0.8899999999999999 0.4886206816815004 0
-0.8799999999999999 0.5076806717865676 0
-0.8699999999999999 0.5299314182446861 0
-0.8599999999999999 0.5486954043751053 0
-0.8499999999999999 0.5686516292055884 0
-0.8400000000000001 0.5845549717335574 0
-0.8300000000000001 0.599115490866362 0
-0.8200000000000001 0.6101172928916895 0
-0.81 0.617284081706603 0
-0.8 0.6223794840254917 0
-0.79 0.6219537744480655 0
-0.78 0.6215682155575001 0
-0.77 0.6154354086235826 0
-0.76 0.6114984656853159 0
-0.75 0.6032403247606939 0
-0.74 0.5988350366999301 0
-0.73 0.5928610028032362 0
-0.72 0.5914817720520252 0
-0.71 0.591830508759299 0
-0.7 0.5963096428575569 0
-0.69 0.6053980256641038 0
-0.6799999999999999 0.6168817049078409 0
-0.6699999999999999 0.634635511301256 0
-0.6599999999999999 0.6520731067788853 0
-0.6499999999999999 0.6756624645450531 0
-0.6399999999999999 0.6959693817533203 0
-0.6299999999999999 0.7203405133157076 0
-0.6199999999999999 0.7393078276413881 0
-0.6099999999999999 0.758672921707174 0
-0.5999999999999999 0.7723316266797751 0
-0.5900000000000001 0.7821770024505997 0
-0.5800000000000001 0.7880927355991472 0
-0.5700000000000001 0.7869884422176835 0
-0.56 0.7852362215289028 0
-0.55 0.7757363455402644 0
-0.54 0.7691202504963082 0
-0.53 0.7570000012491578 0
-0.52 0.7502813852469803 0
-0.51 0.7425234736692145 0
-0.5 0.740788839141652 0
-0.49 0.7429489141684938 0
-0.48 0.7494436563282113 0
-0.47 0.7633057863176201 0
-0.45999999999999996 0.7778676671433636 0
-0.44999999999999996 0.8004609128815846 0
-0.43999999999999995 0.8193984043999203 0
-0.42999999999999994 0.8436994789579177 0
-0.41999999999999993 0.8612201827272078 0
-0.4099999999999999 0.8788519903145257 0
-0.3999999999999999 0.8895520607541044 0
-0.3899999999999999 0.8945671486544594 0
-0.3799999999999999 0.895725568873755 0
-0.3699999999999999 0.8876545103039112 0
-0.3599999999999999 0.8806454619597048 0
-0.34999999999999987 0.8652073187623256 0
-0.33999999999999986 0.8552539279038812 0
-0.33000000000000007 0.8418273911501745 0
-0.32000000000000006 0.8357989747374209 0
-0.31000000000000005 0.8330257541614658 0
-0.30000000000000004 0.8360962244349428 0
-0.29000000000000004 0.8475851440243082 0
-0.28 0.8602383948738315 0
-0.27 0.882395356595876 0
-0.26 0.8999920682824004 0
-0.25 0.9232783531173415 0
-0.24 0.9383346937116177 0
-0.22999999999999998 0.951890909451613 0
-0.21999999999999997 0.9580640476823412 0
-0.20999999999999996 0.9558205913636654 0
-0.19999999999999996 0.9512557508942613 0
-0.18999999999999995 0.9358597769491752 0
-0.17999999999999994 0.9245107319863822 0
-0.16999999999999993 0.9062447872000713 0
-0.15999999999999992 0.896061425984296 0
-0.1499999999999999 0.8870002164266534 0
-0.1399999999999999 0.885476067242137 0
-0.1299999999999999 0.8924319189217236 0
-0.11999999999999988 0.9017612966721444 0
-0.10999999999999988 0.9219107640593032 0
-0.09999999999999987 0.9373039270991259 0
-0.08999999999999986 0.9592255182372569 0
-0.08000000000000007 0.9718477933575643 0
-0.07000000000000006 0.9821830459832219 0
-0.06000000000000005 0.9847087017140235 0
-0.050000000000000044 0.9770393708357819 0
-0.040000000000000036 0.9682786867477166 0
-0.030000000000000027 0.9480322787799375 0
-0.020000000000000018 0.9340585934187119 0
-0.010000000000000009 0.9152528491230653 0
0.0 0.905871833536295 0
0.010000000000000231 0.9016424274555246 0
0.020000000000000018 0.903589397829698 0
0.03000000000000025 0.9170514108941097 0
0.040000000000000036 0.9287565951458719 0
0.04999999999999982 0.9502869557695638 0
0.06000000000000005 0.9628574117890356 0
0.06999999999999984 0.9762281579597454 0
0.08000000000000007 0.979967427237719 0
0.08999999999999986 0.9742786816362773 0
0.10000000000000009 0.9656885602641228 0
0.10999999999999988 0.9443448421735299 0
0.1200000000000001 0.9289445094739528 0
0.1299999999999999 0.9075051021479117 0
0.14000000000000012 0.8961901737294382 0
0.1499999999999999 0.8902685072120942 0
0.16000000000000014 0.8907391281889654 0
0.16999999999999993 0.903638092728044 0
0.18000000000000016 0.9136789832128682 0
0.18999999999999995 0.9331859194637454 0
0.20000000000000018 0.9424105845595765 0
0.20999999999999996 0.9500007318412208 0
0.2200000000000002 0.9485504351267419 0
0.22999999999999998 0.9351639516663376 0
0.2400000000000002 0.9218215307581267 0
0.25 0.8965061002640542 0
0.26000000000000023 0.8800980422078952 0
0.27 0.8623651119928514 0
0.28000000000000025 0.8546004846483032 0
0.29000000000000004 0.857189937105289 0
0.30000000000000027 0.8618504411185941 0
0.31000000000000005 0.8792060395940547 0
0.31999999999999984 0.8883294758171646 0
0.33000000000000007 0.9008016523384542 0
0.33999999999999986 0.9022511784110285 0
0.3500000000000001 0.8940275654749522 0
0.3599999999999999 0.8826679645636013 0
0.3700000000000001 0.857652084844296 0
0.3799999999999999 0.8402352790144969 0
0.3900000000000001 0.818697156933168 0
0.3999999999999999 0.8079958252943434 0
0.41000000000000014 0.8066269210963689 0
0.41999999999999993 0.8086100547441317 0
0.43000000000000016 0.8239407856848977 0
0.43999999999999995 0.8312431906222474 0
0.4500000000000002 0.8423176745050853 0
0.45999999999999996 0.8420513156835181 0
0.4700000000000002 0.8315527320114717 0
0.48 0.8184883111857655 0
0.4900000000000002 0.7918386120780365 0
0.5 0.773875746911864 0
0.5100000000000002 0.75375972127219 0
0.52 0.7441474798458372 0
0.5300000000000002 0.7458638759775501 0
0.54 0.7483599062910165 0
0.5500000000000003 0.7630880475103634 0
0.56 0.7674925628477446 0
0.5699999999999998 0.7712307780062704 0
0.5800000000000001 0.7652862114167148 0
0.5899999999999999 0.7460670236422754 0
0.6000000000000001 0.7290252952843811 0
0.6099999999999999 0.7016396007414024 0
0.6200000000000001 0.6853976427651003 0
0.6299999999999999 0.6739175369956315 0
0.6400000000000001 0.6694269655955047 0
0.6499999999999999 0.6787760780088308 0
0.6600000000000001 0.6823018988159859 0
0.6699999999999999 0.6920679981685866 0
0.6800000000000002 0.6901031376910529 0
0.69 0.6787952411745944 0
0.7000000000000002 0.6647057535277832 0
0.71 0.637340771729561 0
0.7200000000000002 0.619339789639053 0
0.73 0.6012330051256143 0
0.7400000000000002 0.5926303830498184 0
0.75 0.5968482009911854 0
0.7600000000000002 0.5984157199160015 0
0.77 0.6090591054575369 0
0.7800000000000002 0.6081583345974558 0
0.79 0.6004848926372068 0
0.8000000000000003 0.5881565720821786 0
0.81 0.5622427851308622 0
0.8199999999999998 0.5446267955333852 0
0.8300000000000001 0.5255026245128218 0
0.8399999999999999 0.5161321927156416 0
0.8500000000000001 0.5190775686095903 0
0.8599999999999999 0.519799967278662 0
0.8700000000000001 0.5294800132720501 0
0.8799999999999999 0.527995609990718 0
0.8900000000000001 0.5193636999967763 0
0.8999999999999999 0.5070464664750635 0
0.9100000000000001 0.48184664281391165 0
0.9199999999999999 0.46552110063879854 0
0.9300000000000002 0.44979107471396645 0
0.94 0.4424115600209159 0
0.9500000000000002 0.44786364948218693 0
0.96 0.4488352251232848 0
0.9700000000000002 0.4557873052783589 0
0.98 0.45228509746559403 0
0.9900000000000002 0.4387844057279332 0
1.0 0.42529008265530965 0
1.0100000000000002 0.4015607054483345 0.8
1.02 0.38796308514408756 0.8
1.0300000000000002 0.3801303651081359 0.8
1.04 0.37685055875520207 0.8
1.0500000000000003 0.3859751603236734 0
1.06 0.38691667126124857 0
1.0700000000000003 0.38729886379220296 0
1.08 0.38042466422331095 0
1.0899999999999999 0.36097363856582115 0
1.1 0.3471314927795512 0
1.1099999999999999 0.32994848796874376 0
1.12 0.32171126024084934 0
1.13 0.32470199212598755 0
1.1400000000000001 0.32524851098784374 0
1.15 0.33270806876352144 0
1.1600000000000001 0.33060612169486786 0
1.17 0.3193715123840954 0
1.1800000000000002 0.30839741302970575 0
1.19 0.2884679653044144 0
1.2000000000000002 0.2778124785990246 0
1.21 0.27423348301132994 0
1.2200000000000002 0.2728298007718542 0
1.23 0.2817653717934688 0
1.2400000000000002 0.28197749958582935 0
1.25 0.2774492229181038 0
1.2600000000000002 0.2696138668626554 0
1.27 0.25081622336552867 0
1.2800000000000002 0.24000379929240492 0
1.29 0.2326364686650662 0
1.3000000000000003 0.22984694695293903 0
1.31 0.2381659781356568 0
1.3200000000000003 0.2392173646859409 0
1.33 0.2383448017722173 0
1.3399999999999999 0.23263073439021892 0
1.35 0.21582777266295364 0
1.3599999999999999 0.2059071691135728 0
1.37 0.19769346056477466 0
1.38 0.1947156955684383 0
1.3900000000000001 0.2025785194812771 0
1.4 0.20390745345845396 0
1.4100000000000001 0.204014816518673 0
1.42 0.19926451355207742 0
1.4300000000000002 0.1838716179367788 0
1.44 0.17512385236707304 0
1.4500000000000002 0.16839732772946475 0
1.46 0.16630483150268924 0
1.4700000000000002 0.17445206721377157 0
1.48 0.17581758867590216 0
1.4900000000000002 0.1746459292887576 0
1.5 0.16987331980809342 0
1.5100000000000002 0.15535036546670505 0
1.52 0.14796709385026466 0
1.5300000000000002 0.14471727260097803 0
1.54 0.14421507959845065 0
1.5500000000000003 0.1525923993926614 0
1.56 0.15348396750739873 0
1.5700000000000003 0.14893635979918624 0
1.58 0.14348418536397803 0
1.5899999999999999 0.13053841303690977 0
1.6 0.12508380115896875 0
1.6099999999999999 0.12687103841550856 0
1.62 0.1279953115298718 0
1.63 0.134708654827112 0
1.6400000000000001 0.13419705989775368 0
1.65 0.12504663924649606 0
1.6600000000000001 0.11894587773955208 0
1.67 0.11024771965184366 0
1.6800000000000002 0.10762844059079293 0
1.69 0.11429368487357916 0
1.7000000000000002 0.11601226661485937 0
1.71 0.11717359169491735 0
1.7200000000000002 0.11430343608442285 0
1.73 0.10247829644519646 0
1.7400000000000002 0.09712166947409544 0
1.75 0.09618949557738712 0
1.7600000000000002 0.09663131793930524 0
1.77 0.10390580177447006 0
1.7800000000000002 0.10418334452656712 0
1.79 0.09705641684556027 0
1.8000000000000003 0.0921096123119919 0
1.81 0.0842088432904683 0
1.8200000000000003 0.08202411101942 0
1.83 0.0885832412776626 0
1.8399999999999999 0.09012040843767385 0
1.85 0.09000885019535067 0
1.8599999999999999 0.08718024419046948 0
1.87 0.0767163925862028 0
1.88 0.07274687665600506 0
1.8900000000000001 0.07505333504293817 0
1.9 0.07625364840208872 0
1.9100000000000001 0.08111548129878678 0
1.92 0.08032721389135154 0
1.9300000000000002 0.07106417849860339 0
1.94 0.06673493166087378 0
1.9500000000000002 0.06469371743117147 0
1.96 0.06488234728167529 0
1.9700000000000002 0.0717678653622643 0
1.98 0.07225765298623954 0
1.9900000000000002 0.06573091839434095 0
2.0 0.061902399787082514 0
2.01 0.05692116193233072 0
2.0200000000000005 0.056151587847862554 0
2.0300000000000002 0.06315771098426212 0
2.04 0.0642248905690301 0
2.05 0.060213799062696895 0
2.0600000000000005 0.05706908905848743 0
2.0700000000000003 0.050622475535442704 0
2.08 0.04925984813645675 0
2.09 0.055750315846801596 0
2.0999999999999996 0.056981453205050416 0
2.1100000000000003 0.054491818338765124 0
2.12 0.05186596861511651 0
2.13 0.04503298225052803 0
2.1399999999999997 0.04349479423687064 0
2.1500000000000004 0.0496322555862439 0
2.16 0.05085113088178132 0
2.17 0.048724265809713584 0
2.1799999999999997 0.046360386637098176 0
2.1900000000000004 0.039925078369140554 0
2.2 0.038595364484792755 0
2.21 0.04480609217840116 0
2.2199999999999998 0.04593176259105607 0
2.2300000000000004 0.04304395891033458 0
2.24 0.040697250298065715 0
2.25 0.03543824670412393 0
2.26 0.03462945207442539 0
2.2700000000000005 0.041080485540961 0
2.2800000000000002 0.041983169876398135 0
2.29 0.03737843491977035 0
2.3 0.03490395988853321 0
2.3100000000000005 0.03187734819634689 0
2.3200000000000003 0.03179676287141336 0
2.33 0.03785253017184685 0
2.34 0.038283074795789206 0
2.3500000000000005 0.031654959698892336 0
2.3600000000000003 0.029183185704568414 0
2.37 0.029661655427695513 0
2.38 0.030315402893031532 0
2.3899999999999997 0.03410836531388128 0
2.4000000000000004 0.03372254411455738 0
2.41 0.026369787872117308 0
2.42 0.02449224510670263 0
2.4299999999999997 0.028996093184700016 0
2.4400000000000004 0.030006043736393106 0
2.45 0.028934432372200235 0
2.46 0.027480800775323316 0
2.4699999999999998 0.022868171301571875 0
2.4800000000000004 0.022345776494025953 0
2.49 0.0285358479310926 0
2.5 0.0291322079515253 0
2.51 0.022827488370942416 0
2.5200000000000005 0.020834898492658637 0
2.5300000000000002 0.02267394006360762 0
2.54 0.023384132590611575 0
2.55 0.024986915662569043 0
2.5600000000000005 0.024266258875792195 0
2.5700000000000003 0.018535313576674685 0
2.58 0.01770183843937435 0
2.59 0.024083502877492804 0
2.6000000000000005 0.024763458092460233 0
2.6100000000000003 0.018445531013109924 0
2.62 0.01668584859413401 0
2.63 0.01950311383900396 0
2.6399999999999997 0.02019485500169945 0
2.6500000000000004 0.019983620878865863 0
2.66 0.019080538541098157 0
2.67 0.015414511640823527 0
2.6799999999999997 0.01517247989638315 0
2.6900000000000004 0.020804324038152952 0
2.7 0.0210968133190458 0
2.71 0.013567167273945604 0
2.7199999999999998 0.012365154733129552 0
2.7300000000000004 0.019692064426508553 0
2.74 0.020493997175597346 0
2.75 0.012988392061034196 0
2.76 0.01149551840321174 0
2.7700000000000005 0.017366480040140162 0
2.7800000000000002 0.01809592101635653 0
2.79 0.01274498142873425 0
2.8 0.011531974129497443 0
2.8100000000000005 0.015076719159061973 0
2.8200000000000003 0.015501937748669216 0
2.83 0.012427328971697259 0
2.84 0.011628373083750181 0
2.8500000000000005 0.013321087657011028 0
2.8600000000000003 0.013456171607370549 0
2.87 0.011915757883564023 0
2.88 0.011421717555427481 0
2.8899999999999997 0.01203028179592257 0
2.9000000000000004 0.011977581018887734 0
2.91 0.011238947625939601 0
2.92 0.010917136198119546 0
2.9299999999999997 0.011020071788529354 0
2.9400000000000004 0.010879180827390094 0
2.95 0.010494409063502571 0
2.96 0.010257574156104943 0
2.9699999999999998 0.010167156341216373 0
2.9800000000000004 0.010000468715547658 0
2.99 0.009758609901968576 0
3.0 0.009564534077393333 0
3.01 0.009416433754264849 0
3.0200000000000005 0.009247645525214013 0
3.0300000000000002 0.009059068116980633 0
3.04 0.008886923273679523 0
3.05 0.008729779176166385 0
3.0600000000000005 0.008567665414750111 0
3.0700000000000003 0.008401705725715521 0
3.08 0.008242708210032363 0
3.09 0.008091007592768398 0
3.1000000000000005 0.007939452874596927 0
3.1100000000000003 0.007787989954112015 0
3.12 0.007643046254669634 0
3.13 0.007504264045133064 0
3.1399999999999997 0.0073632971630018685 0
3.1500000000000004 0.007220560225856877 0
3.16 0.007087864882894025 0
3.17 0.006963344577261912 0
3.1799999999999997 0.006831603824190883 0
3.1900000000000004 0.006694267100111772 0
3.2 0.00657048222961759 0
3.21 0.006458695117322056 0
3.2199999999999998 0.006335245992471889 0
3.2300000000000004 0.006202874025192826 0
3.24 0.006089098913475179 0
3.25 0.005990504042690377 0
3.26 0.005876071596934508 0
3.2700000000000005 0.00575038030140369 0
3.2800000000000002 0.005645578120910907 0
3.29 0.005555379204004651 0
3.3 0.005450613210216834 0
3.3100000000000005 0.005337131852945109 0
3.3200000000000003 0.0052371018471278445 0
3.33 0.005145343341954501 0
3.34 0.00505014044792765 0
3.3500000000000005 0.004955493009225009 0
3.3600000000000003 0.004860349384915867 0
3.37 0.004763353671827768 0
3.38 0.004676615715873361 0
3.3899999999999997 0.004599255699950271 0
3.4000000000000004 0.0045119394228708785 0
3.41 0.00441701138409378 0
3.42 0.004335161999359514 0
3.4299999999999997 0.0042622409659183545 0
3.4400000000000004 0.004183312079782425 0
3.45 0.004102396482119277 0
3.46 0.004023674334205923 0
3.4699999999999998 0.003944755856542845 0
3.4800000000000004 0.0038727501537679453 0
3.49 0.0038082105843342427 0
3.5 0.0037358099766364983 0
3.51 0.0036574327813333235 0
3.5200000000000005 0.0035891861574268067 0
3.5300000000000002 0.0035272478742435225 0
3.54 0.0034628310965645693 0
3.55 0.0033990327946669106 0
3.5600000000000005 0.0033334393258960837 0
3.5700000000000003 0.003264882857216961 0
3.58 0.0032050579222234685 0
3.59 0.003152801440003407 0
3.6000000000000005 0.0030938070547239334 0
3.6100000000000003 0.003031384575392126 0
3.62 0.0029733076691588318 0
3.63 0.0029163346443759753 0
3.6399999999999997 0.002863950139528517 0
3.6500000000000004 0.0028167006441775972 0
3.66 0.0027628721921935115 0
3.67 0.0027045252916167587 0
3.6799999999999997 0.0026534287492528097 0
3.6900000000000004 0.0026061903386453114 0
3.7 0.002559016047654359 0
3.71 0.002514613310058202 0
3.7199999999999998 0.0024660908956751475 0
3.7300000000000004 0.0024136588747145165 0
3.74 0.0023687987291929444 0
3.75 0.0023284301410189216 0
3.76 0.002286199908879052 0
3.7700000000000005 0.002245060563089224 0
3.7800000000000002 0.0022014929376185954 0
3.79 0.002154913747733915 0
3.8 0.0021149185847278065 0
3.8100000000000005 0.0020795857674887727 0
3.8200000000000003 0.0020418959416469056 0
3.83 0.002004624916612323 0
3.84 0.0019656024501964243 0
3.8500000000000005 0.0019237949673711955 0
3.8600000000000003 0.0018882889411638401 0
3.87 0.0018570259767320932 0
3.88 0.001823380996665855 0
3.8899999999999997 0.0017902737114001055 0
3.9000000000000004 0.0017553136031955086 0
3.91 0.0017178353954993976 0
3.92 0.0016859537467916624 0
3.9299999999999997 0.0016576614778563699 0
3.9400000000000004 0.001627933073282461 0
3.95 0.0015990948107658456 0
3.96 0.0015679130320232835 0
3.9699999999999998 0.0015340798750797522 0
3.9800000000000004 0.001505213498594097 0
3.99 0.001479229649971753 0
4.0 0.0014529528871600592 0
4.01 0.0014285112865151128 0
4.0200000000000005 0.0014009211248821422 0
4.03 0.001370624030843418 0
4.04 0.0013443065526916498 0
4.05 0.0013194615119132798 0
4.0600000000000005 0.0012961393755450499 0
4.07 0.00127556758212425 0
4.08 0.0012514571288314172 0
4.09 0.0012253742043370178 0
4.1000000000000005 0.001201324119350885 0
4.11 0.0011771773032858267 0
4.12 0.0011561528533106193 0
4.13 0.0011381147753117434 0
4.140000000000001 0.0011173413729705477 0
4.15 0.0010958486428183192 0
4.16 0.0010740885125722713 0
4.17 0.001050927466124721 0
4.18 0.0010314877358757696 0
4.19 0.0010145219254862174 0
4.2 0.0009967009175764177 0
4.21 0.000979831164933324 0
4.22 0.0009607315582308513 0
4.23 0.0009396172709017022 0
4.24 0.0009212780522535772 0
4.25 0.0009037947859737138 0
4.26 0.0008879976684580331 0
4.2700000000000005 0.0008745702712758978 0
4.28 0.0008585215425444003 0
4.29 0.0008414405958839101 0
4.3 0.0008245214551883475 0
4.3100000000000005 0.0008064310347536352 0
4.32 0.0007914788719929563 0
4.33 0.0007785941263188081 0
4.34 0.0007651405929749257 0
4.3500000000000005 0.0007527726176282518 0
4.36 0.0007382355207186161 0
4.37 0.0007220277161860072 0
4.38 0.000707596143328107 0
4.390000000000001 0.0006931880312061266 0
4.4 0.0006809171738080613 0
4.41 0.0006707661726167917 0
4.42 0.0006589538814395525 0
4.43 0.000647157537240768 0
4.44 0.0006342355613005297 0
4.45 0.0006198148550939947 0
4.46 0.0006076801779517649 0
4.47 0.0005962952439093437 0
4.48 0.000586033991957942 0
4.49 0.0005775192532192832 0
4.5 0.0005671172347242881 0
4.51 0.0005561934442683772 0
4.5200000000000005 0.0005448860256606675 0
4.53 0.0005324020874660465 0
4.54 0.0005221507740719314 0
4.55 0.0005129106410255572 0
4.5600000000000005 0.0005042282566147221 0
4.57 0.0004969646514859118 0
4.58 0.00048791392417187035 0
4.59 0.0004781801026384806 0
4.6000000000000005 0.00046834484921643474 0
4.61 0.0004575235797958343 0
4.62 0.00044873739409009714 0
4.63 0.00044094996922077655 0
4.640000000000001 0.0004335833481071126 0
4.65 0.00042747572458629724 0
4.66 0.0004197395916580867 0
4.67 0.000411374780027292 0
4.68 0.0004028311360730851 0
4.69 0.0003933476248723114 0
4.7 0.0003856789993026733 0
4.71 0.0003788248465527144 0
4.72 0.0003725547297889313 0
4.73 0.00036748879205475725 0
4.74 0.0003610076272121819 0
4.75 0.00035412575183362146 0
4.76 0.00034676152117362336 0
4.7700000000000005 0.0003384677374245689 0
4.78 0.00033165938620310334 0
4.79 0.00032530288404570564 0
4.8 0.0003198531163231202 0
4.8100000000000005 0.0003155225195420088 0
4.82 0.000310188059170616 0
4.83 0.0003048797840899519 0
4.84 0.00029871553372813945 0
4.8500000000000005 0.00029173847504346864 0
4.86 0.0002856486146308484 0
4.87 0.00027946199003748125 0
4.88 0.00027447429988329065 0
4.890000000000001 0.0002703619637086929 0
4.9 0.000265975231709158 0
4.91 0.00026217297015730787 0
4.92 0.0002573044493180794 0
4.93 0.0002519440947663475 0
4.94 0.000246589536227373 0
4.95 0.00024059226673391176 0
4.96 0.0002357800065295836 0
4.97 0.00023139165313363976 0
4.98 0.0002276093297486103 0
4.99 0.0002247603826455712 0
5.0 0.000221098627623889 0
5.01 0.00021746071753194247 0
5.0200000000000005 0.00021304477826626113 0
5.03 0.0002078997017778586 0
5.04 0.0002033587571293942 0
5.05 0.0001986527881577691 0
5.0600000000000005 0.00019500898850141775 0
5.07 0.00019200095973626388 0
5.08 0.00018901815065692254 0
5.09 0.0001866004912666516 0
5.1000000000000005 0.00018335982367529156 0
5.11 0.00017998856466792197 0
5.12 0.0001762264599373918 0
5.13 0.00017187575274275847 0
5.140000000000001 0.00016814166436186122 0
5.15 0.0001642846177510258 0
5.16 0.0001613011456020339 0
5.17 0.00015897721821241995 0
5.18 0.00015662206331228608 0
5.19 0.00015477391312467465 0
5.2 0.00015210663066689736 0
5.21 0.00014917346743234907 0
5.22 0.00014592978146373803 0
5.23 0.0001422135609874169 0
5.24 0.00013910780257592653 0
5.25 0.00013593733859379665 0
5.26 0.0001334693256675233 0
5.2700000000000005 0.00013145437264055573 0
5.28 0.00012948584254221607 0
5.29 0.00012804293988643054 0
5.3 0.0001259818499307423 0
5.3100000000000005 0.00012381792219955313 0
5.32 0.0001211918321807754 0
5.33 0.00011806869126968938 0
5.34 0.00011534214034459283 0
5.3500000000000005 0.00011248183123299735 0
5.36 0.00011032804147257378 0
5.37 0.0001084746604268267 0
5.38 0.00010682397508456442 0
5.390000000000001 0.00010564174190377362 0
5.4 0.00010407786112647457 0
5.41 0.0001026752622997107 0
5.42 0.00010072733755363348 0
5.43 9.840008496842035e-05 0
5.44 9.607242909757146e-05 0
5.45 9.343895920835873e-05 0
5.46 9.139821223158053e-05 0
5.47 8.944404061483291e-05 0
5.48 8.792972504823947e-05 0
5.49 8.677111271882439e-05 0
5.5 8.556286799187813e-05 0
5.51 8.472655906690562e-05 0
5.5200000000000005 8.343197165157229e-05 0
5.53 8.2045144283172e-05 0
5.54 8.027904293157711e-05 0
5.55 7.818179759497173e-05 0
5.5600000000000005 7.630401616805838e-05 0
5.57 7.424470326285305e-05 0
5.58 7.266212838796204e-05 0
5.59 7.116783021685387e-05 0
5.6000000000000005 7.00096501042344e-05 0
5.61 6.925103915269109e-05 0
5.62 6.840307861034062e-05 0
5.63 6.776759590361553e-05 0
5.640000000000001 6.667078314949069e-05 0
5.65 6.550885629422476e-05 0
5.66 6.411686974007687e-05 0
5.67 6.246450424166656e-05 0
5.68 6.091717360675989e-05 0
5.69 5.914030553777007e-05 0
5.7 5.778474652338541e-05 0
5.71 5.6557338343502975e-05 0
5.72 5.5669077865600346e-05 0
5.73 5.501531319459314e-05 0
5.74 5.430165621434827e-05 0
5.75 5.3875353182825516e-05 0
5.76 5.317615276365983e-05 0
5.7700000000000005 5.24544850568068e-05 0
5.78 5.137921534748755e-05 0
5.79 5.013481637639387e-05 0
5.8 4.892103835980383e-05 0
5.8100000000000005 4.746731380389027e-05 0
5.82 4.624738555012441e-05 0
5.83 4.499971839954965e-05 0
5.84 4.412895452469392e-05 0
5.8500000000000005 4.341648993319728e-05 0
5.86 4.2825890058789235e-05 0
5.87 4.248389215798e-05 0
5.88 4.202430267444596e-05 0
5.890000000000001 4.17044363806683e-05 0
5.9 4.1078884556662416e-05 0
5.91 4.0405308114719086e-05 0
5.92 3.953855863927784e-05 0
5.930000000000001 3.84866744294245e-05 0
5.94 3.7468103201490215e-05 0
5.95 3.628582466750335e-05 0
5.96 3.535226360930008e-05 0
5.97 3.440161038701312e-05 0
5.98 3.3722356716917926e-05 0
5.99 3.318177569139568e-05 0
6.0 3.2764821683469455e-05 0
6.01 3.25446156296598e-05 0
6.02 3.222762155553235e-05 0
6.029999999999999 3.204001676857738e-05 0
6.040000000000001 3.162258806461772e-05 0
6.050000000000001 3.119377267350644e-05 0
6.0600000000000005 3.0568851515028e-05 0
6.07 2.981280110909438e-05 0
6.08 2.9026720977247677e-05 0
6.09 2.8088312500312973e-05 0
6.1 2.729734695396488e-05 0
6.109999999999999 2.6437473779831713e-05 0
6.120000000000001 2.580566788217148e-05 0
6.130000000000001 2.5229350158579976e-05 0
6.140000000000001 2.482754176476786e-05 0
6.15 2.4567488128717958e-05 0
6.16 2.4335578852306206e-05 0
6.17 2.424998426306721e-05 0
6.18 2.4042448064266887e-05 0
6.1899999999999995 2.3909410580109595e-05 0
6.199999999999999 2.3587394168234242e-05 0
6.210000000000001 2.3234966021176258e-05 0
6.220000000000001 2.2742128989959935e-05 0
6.23 2.2140044570727566e-05 0
6.24 2.1523434598874697e-05 0
6.25 2.0787643228477676e-05 0
6.26 2.016395988369919e-05 0
6.27 1.9480003535852563e-05 0
6.279999999999999 1.8971169922172546e-05 0
6.290000000000001 1.8490403310010684e-05 0
6.300000000000001 1.8160952047727992e-05 0
6.3100000000000005 1.792890294959903e-05 0
6.32 1.775636651374716e-05 0
6.33 1.770187569275367e-05 0
6.34 1.759445971377922e-05 0
6.35 1.7573621905305505e-05 0
6.359999999999999 1.7421419323711667e-05 0
6.370000000000001 1.7289789729822386e-05 0
6.380000000000001 1.701792360803241e-05 0
6.390000000000001 1.669678174988287e-05 0
6.4 1.6294398072827045e-05 0
6.41 1.580117915537874e-05 0
6.42 1.5318972872682955e-05 0
6.43 1.4750412750618717e-05 0
6.4399999999999995 1.4274030424525181e-05 0
6.449999999999999 1.3755537910124429e-05 0
6.460000000000001 1.3367950915656316e-05 0
6.470000000000001 1.2997761094552378e-05 0
6.48 1.2745317791793315e-05 0
6.49 1.2558427079481047e-05 0
6.5 1.2434101260724486e-05 0
6.51 1.2396013965679402e-05 0
6.52 1.2346322386872284e-05 0
6.529999999999999 1.2372870873549359e-05 0
6.540000000000001 1.2323351229327756e-05 0
6.550000000000001 1.2315693485038518e-05 0
6.5600000000000005 1.2201300744165757e-05 0
6.57 1.208272467502226e-05 0
6.58 1.1869827251865838e-05 0
6.59 1.161140970031634e-05 0
6.6 1.130517334552834e-05 0
6.609999999999999 1.0931691335883071e-05 0
6.620000000000001 1.0569939345877771e-05 0
6.630000000000001 1.0145695298530912e-05 0
6.640000000000001 9.78388131989084e-06 0
6.65 9.386460906324376e-06 0
6.66 9.079060121247757e-06 0
6.67 8.772660544431786e-06 0
6.68 8.55630313326142e-06 0
6.6899999999999995 8.37381840270122e-06 0
6.700000000000001 8.257116025418528e-06 0
6.710000000000001 8.194554373644179e-06 0
6.720000000000001 8.157636587531574e-06 0
6.73 8.179584250030768e-06 0
6.74 8.182760273333115e-06 0
6.75 8.235225686554858e-06 0
6.76 8.232698914413188e-06 0
6.77 8.259106723994503e-06 0
6.779999999999999 8.212357882575809e-06 0
6.790000000000001 8.168543696528717e-06 0
6.800000000000001 8.055319435564832e-06 0
6.8100000000000005 7.91985341494098e-06 0
6.82 7.737322943031248e-06 0
6.83 7.514785485734383e-06 0
6.84 7.277617817277224e-06 0
6.85 6.994617149148982e-06 0
6.859999999999999 6.729671177956648e-06 0
6.870000000000001 6.425666953272919e-06 0
6.880000000000001 6.164985713060122e-06 0
6.890000000000001 5.8813142018553365e-06 0
6.9 5.654874866013318e-06 0
6.91 5.425246317814665e-06 0
6.92 5.254790843751248e-06 0
6.93 5.099285938271602e-06 0
6.9399999999999995 4.994406512235024e-06 0
6.950000000000001 4.917463736239313e-06 0
6.960000000000001 4.874673610458064e-06 0
6.970000000000001 4.86644102528279e-06 0
6.98 4.871200120956053e-06 0
6.99 4.911157010859847e-06 0
7.0 4.9420215874254705e-06 0
7.01 5.003777682057832e-06 0
7.02 5.037362913548478e-06 0
7.029999999999999 5.093712485416701e-06 0
7.040000000000001 5.10917513597657e-06 0
7.050000000000001 5.136639258296288e-06 0
7.0600000000000005 5.1188142020434025e-06 0
7.07 5.101042082733836e-06 0
7.08 5.041941028046443e-06 0
7.09 4.971537005544463e-06 0
7.1 4.870386594388015e-06 0
7.109999999999999 4.749021430568543e-06 0
7.120000000000001 4.611255782535627e-06 0
7.130000000000001 4.448260417441688e-06 0
7.140000000000001 4.2839088751112195e-06 0
7.15 4.0938325000256094e-06 0
7.16 3.915655072125283e-06 0
7.17 3.715407407904452e-06 0
7.18 3.537025969935717e-06 0
7.1899999999999995 3.343188688030249e-06 0
7.200000000000001 3.177391358507951e-06 0
7.210000000000001 3.004116010628305e-06 0
7.220000000000001 2.8614748265938967e-06 0
7.23 2.7191624993554605e-06 0
7.24 2.607074943475206e-06 0
7.25 2.501832026033675e-06 0
7.26 2.4240526189193557e-06 0
7.27 2.3577837665224905e-06 0
7.279999999999999 2.3144485104676035e-06 0
7.290000000000001 2.28539183900187e-06 0
7.300000000000001 2.273468598857863e-06 0
7.3100000000000005 2.2769823659428356e-06 0
7.32 2.2910237668188096e-06 0
7.33 2.320470736726092e-06 0
7.34 2.3535177910464177e-06 0
7.35 2.4011386517108223e-06 0
7.359999999999999 2.445627439192669e-06 0
7.370000000000001 2.5033333726440523e-06 0
7.380000000000001 2.5518875846273375e-06 0
7.390000000000001 2.611929751372207e-06 0
7.4 2.6579665637851823e-06 0
7.41 2.713458688483539e-06 0
7.42 2.75158129058294e-06 0
7.43 2.796864778200219e-06 0
7.4399999999999995 2.823052260735131e-06 0
7.450000000000001 2.8539045751218627e-06 0
7.460000000000001 2.865534016141715e-06 0
7.470000000000001 2.8792316828984473e-06 0
7.48 2.87497796169873e-06 0
7.49 2.8702350662661954e-06 0
7.5 2.849893980268524e-06 0
7.51 2.826704197699362e-06 0
7.52 2.7909778435940084e-06 0
7.529999999999999 2.750391779783515e-06 0
7.540000000000001 2.700665664367588e-06 0
7.550000000000001 2.644535229643926e-06 0
7.5600000000000005 2.582666975172403e-06 0
7.57 2.5133850686856338e-06 0
7.58 2.441516460215581e-06 0
7.59 2.361774420691228e-06 0
7.6 2.2821724853976675e-06 0
7.609999999999999 2.1947508065636447e-06 0
7.620000000000001 2.1096795312535215e-06 0
7.630000000000001 2.01728041058391e-06 0
7.640000000000001 1.928902184572131e-06 0
7.65 1.8340264446539166e-06 0
7.66 1.7443308836053023e-06 0
7.67 1.6491971753257687e-06 0
7.68 1.5599542329083682e-06 0
7.6899999999999995 1.4664553487763289e-06 0
7.700000000000001 1.379189276686424e-06 0
7.710000000000001 1.2888787597747514e-06 0
7.720000000000001 1.2048593683228918e-06 0
7.73 1.1189611264370538e-06 0
7.74 1.0392088448039192e-06 0
7.75 9.58642840809592e-07 0
7.76 8.839442424766423e-07 0
7.77 8.093622078853113e-07 0
7.779999999999999 7.402929319568334e-07 0
7.790000000000001 6.721191727939186e-07 0
7.800000000000001 6.090715184678536e-07 0
7.8100000000000005 5.475450494163652e-07 0
7.82 4.907579238260902e-07 0
7.83 4.3597324742314836e-07 0
7.84 3.8556257854055006e-07 0
7.85 3.375073483055686e-07 0
7.859999999999999 2.934955045296805e-07 0
7.870000000000001 2.5208404588014e-07 0
7.880000000000001 2.1442720598771254e-07 0
7.890000000000001 1.7952941797403844e-07 0
7.9 1.4814218869092946e-07 0
7.91 1.196077319670685e-07 0
7.92 9.438460185601747e-08 0
7.93 7.206252045714599e-08 0
7.9399999999999995 5.2895962703296274e-08 0
7.950000000000001 3.665001841057715e-08 0
7.960000000000001 2.3445210868141332e-08 0
7.970000000000001 1.3165256201262094e-08 0
7.98 5.85148011175878e-09 0
7.99 1.461183378265288e-09 0
