-5.0 6.486505960699556e-07 0
-4.99 2.600733346684056e-06 0
-4.98 5.846311346632361e-06 0
-4.97 1.0424430593124933e-05 0
-4.96 1.628501183275878e-05 0
-4.95 2.3531362967465765e-05 0
-4.94 3.204319455701305e-05 0
-4.93 4.200779776592524e-05 0
-4.92 5.321747224156449e-05 0
-4.91 6.594435773784814e-05 0
-4.9 7.989671602635355e-05 0
-4.89 9.540516174923522e-05 0
-4.88 0.0001121266802349863 0
-4.87 0.00013038757274123645 0
-4.86 0.000149864988532269 0
-4.85 0.00017077289148786836 0
-4.84 0.00019292695959477026 0
-4.83 0.00021626926843314458 0
-4.82 0.00024092389865517012 0
-4.81 0.00026634952915058764 0
-4.8 0.0002931972185364772 0
-4.79 0.0003201885420203467 0
-4.78 0.0003487541220010831 0
-4.77 0.0003766071392922005 0
-4.76 0.00040621351182177636 0
-4.75 0.00043403225688062343 0
-4.74 0.0004637740515172384 0
-4.73 0.0004904855534967464 0
-4.72 0.0005192193696821752 0
-4.71 0.0005436147964330083 0
-4.7 0.0005699774404876608 0
-4.69 0.0005907830593292222 0
-4.68 0.0006132509874576449 0
-4.67 0.0006292293830955521 0
-4.66 0.0006462319035633456 0
-4.65 0.0006563099707337891 0
-4.64 0.0006664037507139164 0
-4.63 0.0006698201143877538 0
-4.62 0.0006719215254359731 0
-4.61 0.0006683828944060847 0
-4.6 0.0006620373839346885 0
-4.59 0.0006518707593354972 0
-4.58 0.0006375170742678729 0
-4.57 0.0006218011585108681 0
-4.56 0.0006009687246970003 0
-4.55 0.0005816206157534581 0
-4.54 0.0005569894510261542 0
-4.53 0.0005367698431921466 0
-4.52 0.0005120326842388209 0
-4.51 0.0004944168433921643 0
-4.5 0.00047391604835919215 0
-4.49 0.0004627694846099584 0
-4.48 0.00045093000180188085 0
-4.47 0.00044994591783975823 0
-4.46 0.0004505733646757559 0
-4.45 0.0004624925009603871 0
-4.4399999999999995 0.00047803383937947375 0
-4.43 0.0005037778746936227 0
-4.42 0.0005346467361705762 0
-4.41 0.000572619897642513 0
-4.4 0.0006166892154557452 0
-4.39 0.0006625677230320444 0
-4.38 0.0007149624931015095 0
-4.37 0.0007622209327363298 0
-4.36 0.0008156112872179036 0
-4.35 0.0008568080543351942 0
-4.34 0.0009024441231860596 0
-4.33 0.0009309893682608206 0
-4.32 0.000960604741159281 0
-4.31 0.0009725288464682221 0
-4.3 0.0009808712161399865 0
-4.29 0.0009761231393176628 0
-4.28 0.0009633394636306498 0
-4.27 0.0009463192144398423 0
-4.26 0.0009190690667577886 0
-4.25 0.0008982254847200796 0
-4.24 0.000868619414765615 0
-4.23 0.0008548992593899721 0
-4.22 0.0008372261934742634 0
-4.21 0.0008411730283179309 0
-4.2 0.0008474080080267682 0
-4.1899999999999995 0.0008752377393184161 0
-4.18 0.0009108150368290276 0
-4.17 0.0009608910603577064 0
-4.16 0.0010220108024798819 0
-4.15 0.0010839367138923415 0
-4.14 0.0011573200116217278 0
-4.13 0.0012151293390947654 0
-4.12 0.0012811055339212389 0
-4.11 0.0013196868433736498 0
-4.1 0.0013590731882022241 0
-4.09 0.0013708118975145865 0
-4.08 0.0013740123845459931 0
-4.07 0.0013625961806454031 0
-4.06 0.001336358324972165 0
-4.05 0.001316363667109488 0
-4.04 0.001282976274820555 0
-4.03 0.0012750571593337391 0
-4.02 0.0012627266048018829 0
-4.01 0.0012846908628593682 0
-4.0 0.001313712557826061 0
-3.99 0.0013700973559544944 0
-3.98 0.0014417902242576308 0
-3.9699999999999998 0.0015184486331925018 0
-3.96 0.001612067465446155 0
-3.95 0.001682196650561122 0
-3.94 0.0017625322048795957 0
-3.9299999999999997 0.0018021427888412838 0
-3.92 0.0018380336559723307 0
-3.91 0.0018410380064501069 0
-3.9 0.0018265346160177903 0
-3.8899999999999997 0.00180928071829828 0
-3.88 0.001772228900349503 0
-3.87 0.0017663672640658332 0
-3.86 0.0017527299673847406 0
-3.8499999999999996 0.0017864121722942822 0
-3.84 0.0018306504818540138 0
-3.83 0.0019083999462898302 0
-3.8200000000000003 0.00200827935449875 0
-3.81 0.002102004639281752 0
-3.8 0.002216330881145656 0
-3.79 0.0022851925835958038 0
-3.7800000000000002 0.002357779695783761 0
-3.77 0.0023788300265763732 0
-3.76 0.002381475983721989 0
-3.75 0.0023694974867479006 0
-3.74 0.00233127626184072 0
-3.73 0.0023301512363148123 0
-3.7199999999999998 0.0023179334852133433 0
-3.71 0.002367365736088854 0
-3.7 0.0024326614933253754 0
-3.69 0.002534438487458581 0
-3.6799999999999997 0.002665755576175878 0
-3.67 0.002772225647183595 0
-3.66 0.002899298015811895 0
-3.65 0.0029586970426184397 0
-3.6399999999999997 0.003009292346016988 0
-3.63 0.003013753997682676 0
-3.62 0.0029853953776764726 0
-3.61 0.0029809950088966835 0
-3.5999999999999996 0.002954982843115311 0
-3.59 0.003004480268287602 0
-3.58 0.0030665480820950978 0
-3.5700000000000003 0.0031823363239741674 0
-3.56 0.0033346642566705062 0
-3.55 0.00345989033613972 0
-3.54 0.0036107817064652036 0
-3.5300000000000002 0.0036775979153398993 0
-3.52 0.003728807085211228 0
-3.51 0.0037335090035177103 0
-3.5 0.0036976982104177866 0
-3.49 0.003712141416386524 0
-3.48 0.003710854116022113 0
-3.4699999999999998 0.003804261453530452 0
-3.46 0.003927454294670486 0
-3.45 0.004078673574324676 0
-3.44 0.004273993434910752 0
-3.4299999999999997 0.004390359667010485 0
-3.42 0.004512445977283333 0
-3.41 0.004545752944403096 0
-3.4 0.004535097204933208 0
-3.3899999999999997 0.004546662200219168 0
-3.38 0.004524915769384799 0
-3.37 0.0046155499809769586 0
-3.36 0.0047326690784679 0
-3.3499999999999996 0.0049050004084245855 0
-3.34 0.005131021339164284 0
-3.33 0.005271901385613633 0
-3.3200000000000003 0.005422331955180444 0
-3.31 0.005465616191399799 0
-3.3 0.005457955860257224 0
-3.29 0.005485339765300866 0
-3.2800000000000002 0.00547807736764387 0
-3.27 0.005605582730309977 0
-3.26 0.005773137909518608 0
-3.25 0.005974229523201001 0
-3.24 0.00623490313507294 0
-3.23 0.006367949836899039 0
-3.2199999999999998 0.006487862574266541 0
-3.21 0.006523112160352716 0
-3.2 0.006491167993843809 0
-3.19 0.006567488450656175 0
-3.1799999999999997 0.006640011056231755 0
-3.17 0.006844582703816267 0
-3.16 0.007122384358231383 0
-3.15 0.007328585410915306 0
-3.1399999999999997 0.007565050214727092 0
-3.13 0.007644462764019272 0
-3.12 0.007656340732822273 0
-3.11 0.007716170820448685 0
-3.0999999999999996 0.007736102380677311 0
-3.09 0.007937065667957932 0
-3.08 0.00820819100585235 0
-3.0700000000000003 0.008460672813615696 0
-3.06 0.008770528798912979 0
-3.05 0.008888727205218898 0
-3.04 0.00894227136474075 0
-3.0300000000000002 0.009011665601657119 0
-3.02 0.009023607285227641 0
-3.01 0.009246089491980808 0
-3.0 0.00954416492876172 0
-2.9899999999999998 0.009829024376527168 0
-2.98 0.010179507690812665 0
-2.9699999999999998 0.01031148016632724 0
-2.96 0.010364211791039166 0
-2.95 0.010463294152647292 0
-2.94 0.010510604240912684 0
-2.93 0.010791561893910525 0
-2.92 0.011173981726380278 0
-2.91 0.011471584938172104 0
-2.9 0.011812575283292872 0
-2.89 0.011932314514098872 0
-2.88 0.011940861398969157 0
-2.87 0.012112378691970958 0
-2.86 0.012281910967082048 0
-2.85 0.012644501654750033 0
-2.84 0.013136113361364863 0
-2.83 0.013393034439671162 0
-2.82 0.013613827679023152 0
-2.81 0.013738295656540838 0
-2.8 0.013752032264915922 0
-2.79 0.014072254330083932 0
-2.78 0.014497044459932702 0
-2.77 0.0148820679247168 0
-2.76 0.01534259968745999 0
-2.75 0.01551107075013097 0
-2.7399999999999998 0.01553841606774019 0
-2.73 0.0157991774484936 0
-2.7199999999999998 0.016083495176417273 0
-2.71 0.016542918431632483 0
-2.6999999999999997 0.017151598432194073 0
-2.69 0.017404699681935205 0
-2.68 0.0175411273998014 0
-2.67 0.017773194219518392 0
-2.66 0.017953550843062122 0
-2.65 0.018454360597334584 0
-2.64 0.019140555325724964 0
-2.63 0.01947373194723886 0
-2.62 0.019720949447610384 0
-2.61 0.019962588159271565 0
-2.6 0.020105857996204953 0
-2.59 0.02065101421211439 0
-2.58 0.021403947743651702 0
-2.57 0.02178514763895552 0
-2.56 0.02208196665934562 0
-2.55 0.0223628918458656 0
-2.54 0.022537655247015908 0
-2.53 0.02315066610054174 0
-2.52 0.02399851145656286 0
-2.51 0.02438649437888713 0
-2.5 0.024638315069630098 0
-2.4899999999999998 0.025003106426803454 0
-2.48 0.025313116669473543 0
-2.4699999999999998 0.02599987403555513 0
-2.46 0.026931420180817844 0
-2.4499999999999997 0.027281645382965947 0
-2.44 0.027395440741975023 0
-2.43 0.027930585512967877 0
-2.42 0.02856616330958329 0
-2.41 0.029258749594490943 0
-2.4 0.03009347689055196 0
-2.39 0.030433369576832816 0
-2.38 0.03049172366525013 0
-2.37 0.031280412365795505 0
-2.36 0.032392946981045896 0
-2.35 0.03291963364615385 0
-2.34 0.0332667764309632 0
-2.33 0.03383609976835688 0
-2.32 0.03440278262712939 0
-2.31 0.03526161618576647 0
-2.3 0.036361206989255615 0
-2.29 0.03676237037885635 0
-2.28 0.03678756950419881 0
-2.27 0.037808944635055255 0
-2.26 0.03931281806178139 0
-2.25 0.03975969138482132 0
-2.2399999999999998 0.03974978528862181 0
-2.23 0.040761944072782906 0
-2.2199999999999998 0.04220751037227863 0
-2.21 0.04281734475126763 0
-2.1999999999999997 0.043104268584657005 0
-2.19 0.044065311188827665 0
-2.18 0.04529316751060979 0
-2.17 0.04606212307136964 0
-2.16 0.04667140134605026 0
-2.15 0.04761720647741362 0
-2.14 0.04869488744188398 0
-2.13 0.04958569026369388 0
-2.12 0.05042354539046964 0
-2.11 0.05140367566389797 0
-2.1 0.052445514870884245 0
-2.09 0.05343568686328252 0
-2.08 0.05442211173004108 0
-2.07 0.05546794434623547 0
-2.06 0.05654643803299011 0
-2.05 0.05762417793143322 0
-2.04 0.058714744078945225 0
-2.03 0.05983586320524793 0
-2.02 0.060979886806426624 0
-2.01 0.062139066829655115 0
-2.0 0.06331724495895508 0
-1.9899999999999998 0.06451928562843455 0
-1.98 0.06574454372827364 0
-1.9699999999999998 0.06699188672346196 0
-1.96 0.06826371017940454 0
-1.9499999999999997 0.06956125790876623 0
-1.94 0.07088585734089732 0
-1.9299999999999997 0.07223735958403793 0
-1.92 0.07361703393879986 0
-1.9100000000000001 0.07502492311203741 0
-1.9 0.07646130895449146 0
-1.8900000000000001 0.0779263245597562 0
-1.88 0.07941934829939651 0
-1.87 0.08094036895023929 0
-1.8599999999999999 0.08248850620781581 0
-1.85 0.08406485303187118 0
-1.8399999999999999 0.08566821743373593 0
-1.83 0.0872988368050096 0
-1.8199999999999998 0.0889567899077885 0
-1.81 0.09064434515127733 0
-1.7999999999999998 0.09236168803739178 0
-1.79 0.09410868151484147 0
-1.7799999999999998 0.09588769565538045 0
-1.77 0.09770143721022578 0
-1.7599999999999998 0.09955169793010135 0
-1.75 0.1014376608253354 0
-1.7399999999999998 0.10336265875255266 0
-1.73 0.10532826905958739 0
-1.7199999999999998 0.10733662360663208 0
-1.71 0.10938770504159534 0
-1.6999999999999997 0.11148290423956864 0
-1.69 0.11362082517348762 0
-1.6799999999999997 0.11580299931809859 0
-1.67 0.11803244607778547 0
-1.6600000000000001 0.12030709027850552 0
-1.65 0.12262285014162623 0
-1.6400000000000001 0.12498029241816107 0
-1.63 0.12738420782412604 0
-1.62 0.12983129125063217 0
-1.6099999999999999 0.1323198081324914 0
-1.6 0.13484857617250334 0
-1.5899999999999999 0.13741855461336389 0
-1.58 0.14002941872781538 0
-1.5699999999999998 0.14268634129095414 0
-1.56 0.14538708816308998 0
-1.5499999999999998 0.1481285192079808 0
-1.54 0.15091344613014393 0
-1.5299999999999998 0.15374751655102636 0
-1.52 0.15663192316979882 0
-1.5099999999999998 0.15956883412315162 0
-1.5 0.16256032311622712 0
-1.4899999999999998 0.1656040505234989 0
-1.48 0.16870614994530697 0
-1.4699999999999998 0.17187342238767256 0
-1.46 0.17510865270247805 0
-1.4499999999999997 0.17841107731826267 0
-1.44 0.18178525494877232 0
-1.4299999999999997 0.1852293175211509 0
-1.42 0.1887499467823001 0
-1.4100000000000001 0.1923534578300667 0
-1.4 0.19604209332216035 0
-1.3900000000000001 0.19981353319966938 0
-1.38 0.20367152118728538 0
-1.37 0.2076138189546455 0
-1.3599999999999999 0.21164537892216265 0
-1.35 0.21577215839372796 0
-1.3399999999999999 0.21999420364264405 0
-1.33 0.22430938315734666 0
-1.3199999999999998 0.22871856997220347 0
-1.31 0.23321850153937168 0
-1.2999999999999998 0.2378117411209222 0
-1.29 0.24250413166576565 0
-1.2799999999999998 0.24729359172825283 0
-1.27 0.252180038979416 0
-1.2599999999999998 0.2571610296688723 0
-1.25 0.26223206641215235 0
-1.2399999999999998 0.2673935832092499 0
-1.23 0.27265034510618885 0
-1.2199999999999998 0.27799949224057185 0
-1.21 0.28344447651729027 0
-1.1999999999999997 0.2889802215822436 0
-1.19 0.29460212881931547 0
-1.1799999999999997 0.30030846626547947 0
-1.17 0.3061006863136483 0
-1.1600000000000001 0.3119765044693693 0
-1.15 0.3179424467859802 0
-1.1400000000000001 0.3239924792860558 0
-1.13 0.3301250358394581 0
-1.12 0.33633566541145954 0
-1.1099999999999999 0.3426213698311727 0
-1.1 0.3489801997335324 0
-1.0899999999999999 0.35541764746021104 0
-1.08 0.3619289139470347 0
-1.0699999999999998 0.36851807685056537 0
-1.06 0.3751784004344325 0
-1.0499999999999998 0.3819060906700514 0.8
-1.04 0.3887588994950367 0.8
-1.0299999999999998 0.39573839767170216 0.8
-1.02 0.4028437080445335 0.8
-1.0099999999999998 0.41008322346998083 0.8
-1.0 0.4174528342767172 0
-0.9900000000000002 0.4248892420376319 0
-0.9799999999999995 0.4323852164639941 0
-0.9699999999999998 0.43993623132748116 0
-0.96 0.44753769762438894 0
-0.9500000000000002 0.4551893592600697 0
-0.9399999999999995 0.46288660530523357 0
-0.9299999999999997 0.47063446396517644 0
-0.9199999999999999 0.4784251813494194 0
-0.9100000000000001 0.48625918427973663 0
-0.9000000000000004 0.4941280091072462 0
-0.8899999999999997 0.5020262887566259 0
-0.8799999999999999 0.5099478041531041 0
-0.8700000000000001 0.5178903382763748 0
-0.8600000000000003 0.5258479530800897 0
-0.8499999999999996 0.5338234100453051 0
-0.8399999999999999 0.5418082312490762 0
-0.8300000000000001 0.5498021567253508 0
-0.8200000000000003 0.5577956693645862 0
-0.8099999999999996 0.5657824371532287 0
-0.7999999999999998 0.5737549223217357 0
-0.79 0.5817072718949402 0
-0.7800000000000002 0.5896334994371062 0
-0.7699999999999996 0.5975324888780621 0
-0.7599999999999998 0.6053973129859844 0
-0.75 0.6132269192515906 0
-0.7400000000000002 0.6210134610206359 0
-0.7299999999999995 0.6287508168887489 0
-0.7199999999999998 0.6364328150891216 0
-0.71 0.6440507520625581 0
-0.7000000000000002 0.6516014195825826 0
-0.6899999999999995 0.6590790893665276 0
-0.6799999999999997 0.6664821146547162 0
-0.6699999999999999 0.6738080300082977 0
-0.6600000000000001 0.6810553429792998 0
-0.6499999999999995 0.6882204731853213 0
-0.6399999999999997 0.6953028284313931 0
-0.6299999999999999 0.7022957565022969 0
-0.6200000000000001 0.7092011305902212 0
-0.6100000000000003 0.7160122557826023 0
-0.5999999999999996 0.7227334648451007 0
-0.5899999999999999 0.7293614922915058 0
-0.5800000000000001 0.7359014668717211 0
-0.5700000000000003 0.742353194205094 0
-0.5599999999999996 0.7487211299713061 0
-0.5499999999999998 0.755005307836155 0
-0.54 0.7612092908015836 0
-0.5300000000000002 0.7673319944067666 0
-0.5199999999999996 0.7733763242232179 0
-0.5099999999999998 0.7793413683085079 0
-0.5 0.7852289275270669 0
-0.4900000000000002 0.7910398469178742 0
-0.47999999999999954 0.796773753527149 0
-0.46999999999999975 0.8024329620058387 0
-0.45999999999999996 0.8080142156797507 0
-0.4500000000000002 0.813519587701565 0
-0.4399999999999995 0.8189432162165747 0
-0.4299999999999997 0.824285617402929 0
-0.41999999999999993 0.8295393384358749 0
-0.41000000000000014 0.8347032393999626 0
-0.39999999999999947 0.8397694601206142 0
-0.3899999999999997 0.8447356735952503 0
-0.3799999999999999 0.8495947303677671 0
-0.3700000000000001 0.8543433849770612 0
-0.3600000000000003 0.8589762976244861 0
-0.34999999999999964 0.8634894802079713 0
-0.33999999999999986 0.8678803594127559 0
-0.33000000000000007 0.8721448125546808 0
-0.3200000000000003 0.8762834261211556 0
-0.3099999999999996 0.880292944821665 0
-0.2999999999999998 0.8841765868654805 0
-0.29000000000000004 0.8879326508808477 0
-0.28000000000000025 0.8915656439415202 0
-0.2699999999999996 0.8950752197260361 0
-0.2599999999999998 0.8984655573592757 0
-0.25 0.9017368387482393 0
-0.2400000000000002 0.9048916056652037 0
-0.22999999999999954 0.9079299425430124 0
-0.21999999999999975 0.9108520393629893 0
-0.20999999999999996 0.9136579776896797 0
-0.20000000000000018 0.9163454762597554 0
-0.1899999999999995 0.9189151090620368 0
-0.17999999999999972 0.9213625450258348 0
-0.16999999999999993 0.9236889265981835 0
-0.16000000000000014 0.9258888489728151 0
-0.14999999999999947 0.9279632221898834 0
-0.13999999999999968 0.9299070469935633 0
-0.1299999999999999 0.9317197506525889 0
-0.1200000000000001 0.9333983719440044 0
-0.11000000000000032 0.9349401861462944 0
-0.09999999999999964 0.9363453836450407 0
-0.08999999999999986 0.9376097820689537 0
-0.08000000000000007 0.9387366378337417 0
-0.07000000000000028 0.9397222119681028 0
-0.05999999999999961 0.9405713360543507 0
-0.04999999999999982 0.9412827421819344 0
-0.040000000000000036 0.9418604956616394 0
-0.03000000000000025 0.9423066593044525 0
-0.019999999999999574 0.9426224778023691 0
-0.009999999999999787 0.9428123988157514 0
0.0 0.9428741951083499 0
0.009999999999999787 0.9428123988202036 0
0.020000000000000462 0.9426224778109438 0
0.03000000000000025 0.9423066593156613 0
0.040000000000000036 0.9418604956740562 0
0.04999999999999982 0.9412827421936717 0
0.0600000000000005 0.9405713360638858 0
0.07000000000000028 0.9397222119739206 0
0.08000000000000007 0.9387366378349074 0
0.08999999999999986 0.9376097820653552 0
0.10000000000000053 0.9363453836367633 0
0.11000000000000032 0.9349401861348758 0
0.1200000000000001 0.9333983719304642 0
0.1299999999999999 0.931719750639222 0
0.13999999999999968 0.9299070469818992 0
0.15000000000000036 0.9279632221817756 0
0.16000000000000014 0.9258888489693208 0
0.16999999999999993 0.9236889265996914 0
0.17999999999999972 0.9213625450321221 0
0.1900000000000004 0.9189151090721286 0
0.20000000000000018 0.9163454762722351 0
0.20999999999999996 0.9136579777028835 0
0.21999999999999975 0.9108520393753579 0
0.23000000000000043 0.9079299425527925 0
0.2400000000000002 0.9048916056717887 0
0.25 0.9017368387510685 0
0.2599999999999998 0.8984655573586803 0
0.27000000000000046 0.8950752197227825 0
0.28000000000000025 0.8915656439364571 0
0.29000000000000004 0.8879326508749916 0
0.2999999999999998 0.884176586859415 0
0.3100000000000005 0.8802929448158708 0
0.3200000000000003 0.8762834261154047 0
0.33000000000000007 0.872144812548753 0
0.33999999999999986 0.8678803594060531 0
0.35000000000000053 0.8634894802002998 0
0.3600000000000003 0.8589762976158262 0
0.3700000000000001 0.8543433849680548 0
0.3799999999999999 0.8495947303591611 0
0.3899999999999997 0.8447356735884776 0
0.40000000000000036 0.8397694601168105 0
0.41000000000000014 0.8347032394003324 0
0.41999999999999993 0.8295393384406987 0
0.4299999999999997 0.8242856174119833 0
0.4400000000000004 0.8189432162291179 0
0.4500000000000002 0.8135195877160922 0
0.45999999999999996 0.8080142156947298 0
0.46999999999999975 0.8024329620200321 0
0.4800000000000004 0.7967737535394537 0
0.4900000000000002 0.7910398469281301 0
0.5 0.7852289275354325 0
0.5099999999999998 0.7793413683156715 0
0.5200000000000005 0.7733763242298536 0
0.5300000000000002 0.7673319944131172 0
0.54 0.7612092908076364 0
0.5499999999999998 0.755005307840997 0
0.5600000000000005 0.7487211299739022 0
0.5700000000000003 0.7423531942043148 0
0.5800000000000001 0.7359014668668601 0
0.5899999999999999 0.7293614922824612 0
0.6000000000000005 0.7227334648326021 0
0.6100000000000003 0.7160122557677324 0
0.6200000000000001 0.7092011305743231 0
0.6299999999999999 0.7022957564864297 0
0.6399999999999997 0.6953028284160148 0
0.6500000000000004 0.688220473170383 0
0.6600000000000001 0.6810553429641601 0
0.6699999999999999 0.673808029992312 0
0.6799999999999997 0.666482114637323 0
0.6900000000000004 0.6590790893481575 0
0.7000000000000002 0.6516014195638978 0
0.71 0.6440507520448924 0
0.7199999999999998 0.6364328150735924 0
0.7300000000000004 0.6287508168761233 0
0.7400000000000002 0.62101346101099 0
0.75 0.6132269192444475 0
0.7599999999999998 0.6053973129804493 0
0.7700000000000005 0.5975324888734539 0
0.7800000000000002 0.5896334994332117 0
0.79 0.581707271892172 0
0.7999999999999998 0.5737549223211106 0
0.8100000000000005 0.5657824371556298 0
0.8200000000000003 0.5577956693705535 0
0.8300000000000001 0.549802156734778 0
0.8399999999999999 0.5418082312612643 0
0.8500000000000005 0.5338234100592061 0
0.8600000000000003 0.5258479530951394 0
0.8700000000000001 0.5178903382922071 0
0.8799999999999999 0.5099478041704346 0
0.8899999999999997 0.5020262887761501 0
0.9000000000000004 0.4941280091297283 0
0.9100000000000001 0.4862591843051933 0
0.9199999999999999 0.47842518137741696 0
0.9299999999999997 0.47063446399483383 0
0.9400000000000004 0.4628866053358309 0
0.9500000000000002 0.45518935929111237 0
0.96 0.44753769765641427 0
0.9699999999999998 0.43993623136109683 0
0.9800000000000004 0.4323852164998809 0
0.9900000000000002 0.4248892420760545 0
1.0 0.41745283431705477 0
1.0099999999999998 0.41008322350334925 0.8
1.0200000000000005 0.4028437080622168 0.8
1.0300000000000002 0.39573839767379515 0.8
1.04 0.38875889948225056 0.8
1.0499999999999998 0.3819060906434206 0.8
1.0600000000000005 0.37517840040227174 0
1.0700000000000003 0.36851807682060006 0
1.08 0.36192891391859333 0
1.0899999999999999 0.35541764743270116 0
1.1000000000000005 0.34898019970655886 0
1.1100000000000003 0.3426213698048857 0
1.12 0.3363356653865492 0
1.13 0.33012503581647884 0
1.1400000000000006 0.32399247926512675 0
1.1500000000000004 0.3179424467669614 0
1.1600000000000001 0.3119765044514799 0
1.17 0.3061006862965161 0
1.1799999999999997 0.30030846624945184 0
1.1900000000000004 0.2946021288046454 0
1.2000000000000002 0.28898022156960435 0
1.21 0.28344447650691734 0
1.2199999999999998 0.27799949223186127 0
1.2300000000000004 0.2726503450987335 0
1.2400000000000002 0.2673935832029 0
1.25 0.26223206640682023 0
1.2599999999999998 0.2571610296652187 0
1.2700000000000005 0.2521800389777761 0
1.2800000000000002 0.2472935917283267 0
1.29 0.24250413166734588 0
1.2999999999999998 0.23781174112352121 0
1.3100000000000005 0.23321850154253881 0
1.3200000000000003 0.22871856997657092 0
1.33 0.22430938316300622 0
1.3399999999999999 0.21999420364947478 0
1.3500000000000005 0.21577215840164915 0
1.3600000000000003 0.21164537893047916 0
1.37 0.20761381896295852 0
1.38 0.20367152119591028 0
1.3900000000000006 0.1998135332085815 0
1.4000000000000004 0.19604209333123218 0
1.4100000000000001 0.19235345783928623 0
1.42 0.18874994679098928 0
1.4299999999999997 0.185229317528866 0
1.4400000000000004 0.1817852549558601 0
1.4500000000000002 0.1784110773246584 0
1.46 0.17510865270800022 0
1.4699999999999998 0.1718734223924231 0
1.4800000000000004 0.1687061499487915 0
1.4900000000000002 0.1656040505254252 0
1.5 0.16256032311710764 0
1.5099999999999998 0.15956883412309364 0
1.5200000000000005 0.15663192316854466 0
1.5300000000000002 0.15374751654881227 0
1.54 0.15091344612698301 0
1.5499999999999998 0.14812851920378756 0
1.5600000000000005 0.14538708815835988 0
1.5700000000000003 0.14268634128614674 0
1.58 0.1400294187225885 0
1.5899999999999999 0.13741855460809593 0
1.6000000000000005 0.13484857616763615 0
1.6100000000000003 0.13231980812794172 0
1.62 0.12983129124651943 0
1.63 0.1273842078210388 0
1.6400000000000006 0.12498029241602776 0
1.6500000000000004 0.12262285014020242 0
1.6600000000000001 0.12030709027809887 0
1.67 0.11803244607858437 0
1.6799999999999997 0.115802999319794 0
1.6900000000000004 0.11362082517572238 0
1.7000000000000002 0.11148290424193384 0
1.71 0.10938770504494681 0
1.7199999999999998 0.1073366236128177 0
1.7300000000000004 0.1053282690636119 0
1.7400000000000002 0.10336265874729922 0
1.75 0.10143766082662055 0
1.7599999999999998 0.09955169795925424 0
1.7700000000000005 0.09770143721703764 0
1.7800000000000002 0.09588769557533794 0
1.79 0.09410868149806305 0
1.7999999999999998 0.09236168827108958 0
1.8100000000000005 0.09064434519928927 0
1.8200000000000003 0.0889567892404797 0
1.83 0.087298836656969 0
1.8399999999999999 0.08566821926596181 0
1.8500000000000005 0.08406485344281821 0
1.8600000000000003 0.08248850127540747 0
1.87 0.0809403678036839 0
1.88 0.07941936118740384 0
1.8900000000000006 0.07792632764232434 0
1.9000000000000004 0.07646127619209356 0
1.9100000000000001 0.07502491504275066 0
1.92 0.07361711484677033 0
1.9299999999999997 0.07223738010474245 0
1.9400000000000004 0.07088566342570407 0
1.9500000000000002 0.0695612073021441 0
1.96 0.06826416082816378 0
1.9699999999999998 0.06699200767194409 0
1.9800000000000004 0.06574352951348608 0
1.9900000000000002 0.06451900592107498 0
2.0 0.06331945260878134 0
2.01 0.0621396920654633 0
2.0200000000000005 0.06097524606999422 0
2.0300000000000002 0.05983451425657084 0
2.04 0.05872415010385042 0
2.05 0.05762698401484654 0
2.0600000000000005 0.056528091909560416 0
2.0700000000000003 0.055462329048731746 0
2.08 0.05445648098558263 0
2.09 0.05344648752041646 0
2.1000000000000005 0.05238384567337502 0
2.1100000000000003 0.051383796707556 0
2.12 0.050529285715134986 0
2.13 0.049620713508265656 0
2.1400000000000006 0.04852242388468355 0
2.1500000000000004 0.04755864671970996 0
2.16 0.04693822329466427 0
2.17 0.04615533791553336 0
2.1799999999999997 0.04490472032626198 0
2.1900000000000004 0.04392617599340984 0
2.2 0.043634147153474065 0
2.21 0.04301308244192312 0
2.2199999999999998 0.0415398704161314 0
2.2300000000000004 0.04050820295528604 0
2.24 0.04051793435689376 0
2.25 0.04006199193623539 0
2.26 0.038529124359225196 0
2.2700000000000005 0.037487891542427224 0
2.2800000000000002 0.037462138053624305 0
2.29 0.03705331204296622 0
2.3 0.035932947364047035 0
2.3100000000000005 0.03505802800145372 0
2.3200000000000003 0.03448075365571768 0
2.33 0.03390084947705963 0
2.34 0.03354716737024643 0
2.3500000000000005 0.03301049844102752 0
2.3600000000000003 0.03187670181230864 0
2.37 0.031072871360906383 0
2.38 0.031013329946148874 0
2.3900000000000006 0.03066686146707264 0
2.4000000000000004 0.02981621149089806 0
2.41 0.029110431892091993 0
2.42 0.02846275038567074 0
2.4299999999999997 0.02791742851940815 0
2.4400000000000004 0.02780143389903587 0
2.45 0.027444477831090604 0
2.46 0.026495141570228017 0
2.4699999999999998 0.02579523246176158 0
2.4800000000000004 0.025479352717922486 0
2.49 0.02510767685539777 0
2.5 0.024851179562289827 0
2.51 0.024455996004309158 0
2.5200000000000005 0.023592059748642993 0
2.5300000000000002 0.02296745005890065 0
2.54 0.022789251996003457 0
2.55 0.022502786991587042 0
2.5600000000000005 0.022200124032286817 0
2.5700000000000003 0.02181137849939848 0
2.58 0.021044077256551004 0
2.59 0.020488534016597223 0
2.6000000000000005 0.02034273545212683 0
2.6100000000000003 0.020096833270067817 0
2.62 0.019845098785993814 0
2.63 0.019505839745132952 0
2.6400000000000006 0.018806465246400714 0
2.6500000000000004 0.018295910621587246 0
2.66 0.01811183769803035 0
2.67 0.017874907503322622 0
2.6799999999999997 0.017735797836463063 0
2.6900000000000004 0.01747781536926553 0
2.7 0.016857811633835793 0
2.71 0.016390085162161658 0
2.7199999999999998 0.016100584919253175 0
2.7300000000000004 0.01583517861518068 0
2.74 0.015807164287055454 0
2.75 0.01563515748815826 0
2.76 0.015165512315591302 0
2.7700000000000005 0.014772644211394936 0
2.7800000000000002 0.014339778342632434 0
2.79 0.014013561763929717 0
2.8 0.01399990948134777 0
2.8100000000000005 0.013873666805461348 0
2.8200000000000003 0.013648794963734784 0
2.83 0.013387090343987045 0
2.84 0.012885774718250633 0
2.8500000000000005 0.012515701951941348 0
2.8600000000000003 0.012342712227529713 0
2.87 0.01216762883590875 0
2.88 0.012159180810296754 0
2.8900000000000006 0.012037695130557368 0
2.9000000000000004 0.011690510906536533 0
2.91 0.011387663785507722 0
2.92 0.01099772769724367 0
2.9300000000000006 0.010710963418403559 0
2.9400000000000004 0.010662419263596908 0
2.95 0.010560931820934247 0
2.96 0.010507370746090011 0
2.9699999999999998 0.010373306993557102 0
2.9800000000000004 0.010016506686321246 0
2.99 0.009726767293596393 0
3.0 0.009422831904417806 0
3.01 0.009195712874221117 0
3.0199999999999996 0.009183195730035289 0
3.0299999999999994 0.009111912965231398 0
3.040000000000001 0.009057529323327854 0
3.0500000000000007 0.008937525875218061 0
3.0600000000000005 0.008622108573249864 0
3.0700000000000003 0.008365334899381183 0
3.08 0.0080888037099092 0
3.09 0.007883511099277313 0
3.0999999999999996 0.007862910067240577 0
3.1099999999999994 0.00780149467762741 0
3.120000000000001 0.007789670692176106 0
3.130000000000001 0.007709364827868206 0
3.1400000000000006 0.0074686125965453725 0
3.1500000000000004 0.007258760921606392 0
3.16 0.006975304310340584 0
3.17 0.006766159772305146 0
3.1799999999999997 0.006692163387235591 0
3.1899999999999995 0.006614340226760056 0
3.1999999999999993 0.0066472592248716855 0
3.210000000000001 0.006612055972325503 0
3.2200000000000006 0.006489788521470078 0
3.2300000000000004 0.006353940449054389 0
3.24 0.00608795823017658 0
3.25 0.005882476460804492 0
3.26 0.005711974820519159 0
3.2699999999999996 0.005582578205911965 0
3.2799999999999994 0.005590166961363015 0
3.290000000000001 0.005562518613631227 0
3.3000000000000007 0.0055699873898476275 0
3.3100000000000005 0.005525166185082136 0
3.3200000000000003 0.0053719166480705035 0
3.33 0.00522856796580403 0
3.34 0.004998549099946817 0
3.3499999999999996 0.004823449785928453 0
3.3599999999999994 0.004703833062702011 0
3.370000000000001 0.004610888240396026 0
3.380000000000001 0.004632963616176975 0
3.3900000000000006 0.004621130000720571 0
3.4000000000000004 0.004632303505651037 0
3.41 0.004598995627793618 0
3.42 0.004474369983998928 0
3.4299999999999997 0.004355273800825951 0
3.4399999999999995 0.004156124566116379 0
3.4499999999999993 0.0040019093434628195 0
3.460000000000001 0.003876671233093611 0
3.4700000000000006 0.003782067999322998 0
3.4800000000000004 0.0037831931724872977 0
3.49 0.003767980379845731 0
3.5 0.003804397328145095 0
3.51 0.0037995623037969935 0
3.5199999999999996 0.003747645545497896 0
3.5299999999999994 0.0036800851751062087 0
3.540000000000001 0.0035260577714553137 0
3.5500000000000007 0.003397881731966666 0
3.5600000000000005 0.0032427134292075427 0
3.5700000000000003 0.0031249168979318414 0
3.58 0.0030618200547016827 0
3.59 0.0030116458372701467 0
3.5999999999999996 0.0030379203650817894 0
3.6099999999999994 0.0030418581986040413 0
3.620000000000001 0.003070934490015755 0
3.630000000000001 0.0030668847593745764 0
3.6400000000000006 0.0030152818551818232 0
3.6500000000000004 0.0029545646738045944 0
3.66 0.002824962312031924 0
3.67 0.0027162947800111015 0
3.6799999999999997 0.002582679206489027 0
3.6899999999999995 0.0024793611299108063 0
3.700000000000001 0.0024126201700359223 0
3.710000000000001 0.002361784705745199 0
3.7200000000000006 0.0023743712946205945 0
3.7300000000000004 0.002375906680036307 0
3.74 0.0024147931342604996 0
3.75 0.0024267662525720626 0
3.76 0.0024240730647927962 0
3.7699999999999996 0.0024026840183377454 0
3.7799999999999994 0.0023287561013749583 0
3.790000000000001 0.00225864845739308 0
3.8000000000000007 0.002142075937957402 0
3.8100000000000005 0.0020464339858370186 0
3.8200000000000003 0.0019447211054272897 0
3.83 0.0018656357390222818 0
3.84 0.001820499492790129 0
3.8499999999999996 0.0017860421047470102 0
3.8599999999999994 0.0017999766635413018 0
3.870000000000001 0.0018060598369873783 0
3.880000000000001 0.0018437929353676496 0
3.8900000000000006 0.0018612930665205987 0
3.9000000000000004 0.001876089911656096 0
3.91 0.0018730846219674774 0
3.92 0.0018364978973235187 0
3.9299999999999997 0.0017960977063618021 0
3.9399999999999995 0.0017142392399725384 0
3.950000000000001 0.0016427936311013299 0
3.960000000000001 0.0015473865581060568 0
3.9700000000000006 0.0014692569328107962 0
3.9800000000000004 0.0013962001838615427 0
3.99 0.0013387464749417685 0
4.0 0.0013091709014110805 0
4.01 0.0012867853735661152 0
4.02 0.0012993512144853468 0
4.029999999999999 0.0013074226084414705 0
4.040000000000001 0.0013414460311199589 0
4.050000000000001 0.0013618209864433382 0
4.0600000000000005 0.001388558837544181 0
4.07 0.0014001928841895807 0
4.08 0.0013969313831031962 0
4.09 0.0013849688637555186 0
4.1 0.0013448320700761144 0
4.109999999999999 0.001305515692519296 0
4.120000000000001 0.0012382823815996003 0
4.130000000000001 0.0011793715343235286 0
4.140000000000001 0.0011045899974348214 0
4.15 0.0010414841607513565 0
4.16 0.000979199844177461 0
4.17 0.000928169670807355 0
4.18 0.0008919144851859554 0
4.1899999999999995 0.0008635544884196724 0
4.200000000000001 0.000857200707555041 0
4.210000000000001 0.000853178669442814 0
4.220000000000001 0.0008711884773011488 0
4.23 0.0008851700561515901 0
4.24 0.0009153402390322036 0
4.25 0.0009365809738313694 0
4.26 0.000964350344790601 0
4.27 0.000981694897180259 0
4.279999999999999 0.000994722152535163 0
4.290000000000001 0.000999560699024678 0
4.300000000000001 0.000991059374157036 0
4.3100000000000005 0.0009789080673997363 0
4.32 0.000948728404310873 0
4.33 0.0009196392592205634 0
4.34 0.0008731336424485065 0
4.35 0.0008311519136966523 0
4.359999999999999 0.0007767442614307955 0
4.370000000000001 0.0007285853612838958 0
4.380000000000001 0.0006751922632577512 0
4.390000000000001 0.0006284395883425835 0
4.4 0.0005835305754239231 0
4.41 0.0005448338747773844 0
4.42 0.0005133768391873382 0
4.43 0.0004871422780033819 0
4.4399999999999995 0.0004713048155133046 0
4.450000000000001 0.0004591585724587068 0
4.460000000000001 0.0004585191702745484 0
4.470000000000001 0.0004595220049351224 0
4.48 0.00047158707679802024 0
4.49 0.00048294602674866746 0
4.5 0.0005038374431502403 0
4.51 0.0005217889355584861 0
4.52 0.0005469974353974357 0
4.529999999999999 0.0005676023068697912 0
4.540000000000001 0.0005927027928729037 0
4.550000000000001 0.0006124195599479054 0
4.5600000000000005 0.0006336489341633127 0
4.57 0.0006496643003811261 0
4.58 0.0006642914800174695 0
4.59 0.0006746518190947542 0
4.6 0.0006811182366809089 0
4.609999999999999 0.0006847242926513464 0
4.620000000000001 0.0006825828413964811 0
4.630000000000001 0.0006791013824585221 0
4.640000000000001 0.0006688152759777237 0
4.65 0.0006585451816982838 0
4.66 0.0006412186958516572 0
4.67 0.000624935848470201 0
4.68 0.0006020398172928435 0
4.6899999999999995 0.000580837768980513 0
4.700000000000001 0.000553972812107754 0
4.710000000000001 0.0005291125558224926 0
4.720000000000001 0.0004998312465955239 0
4.73 0.000472610784672395 0
4.74 0.0004423022910109391 0
4.75 0.0004139534886409663 0
4.76 0.00038378299741417636 0
4.77 0.0003553992697901695 0
4.779999999999999 0.00032628940233404206 0
4.790000000000001 0.0002987837871979669 0
4.800000000000001 0.0002714245429589045 0
4.8100000000000005 0.00024551445346612767 0
4.82 0.0002203900548567523 0
4.83 0.00019660298255288138 0
4.84 0.00017402679167384497 0
4.85 0.00015272051032984936 0
4.859999999999999 0.00013287197259844566 0
4.870000000000001 0.00011426313774023167 0
4.880000000000001 9.722300807649504e-05 0
4.890000000000001 8.141906501803456e-05 0
4.9 6.720085902489266e-05 0
4.91 5.4231475935861505e-05 0
4.92 4.280821274865338e-05 0
4.93 3.265374436881182e-05 0
4.9399999999999995 2.397972866349318e-05 0
4.950000000000001 1.6595305829594342e-05 0
4.960000000000001 1.0623057297631674e-05 0
4.970000000000001 5.957706740927015e-06 0
4.98 2.650287621078056e-06 0
4.99 6.610099598897608e-07 0
