-2.0 0.00013911504591868843 0
-1.99 0.0005560122559683792 0
-1.98 0.0012530327561643864 0
-1.97 0.0022260954624192175 0
-1.96 0.0034852295221892825 0
-1.95 0.005016001836779553 0
-1.94 0.00684337745377441 0
-1.93 0.008936426395672211 0
-1.92 0.011342196223272606 0
-1.91 0.014005563489270957 0
-1.9 0.017004390387421547 0
-1.89 0.020246249714947498 0
-1.88 0.02385235586670583 0
-1.87 0.027679388252568514 0
-1.8599999999999999 0.03190466503078506 0
-1.85 0.03632283746001187 0
-1.84 0.04117857951235068 0
-1.83 0.04618740812598973 0
-1.82 0.051675758637325646 0
-1.81 0.05725891716210484 0
-1.8 0.06336118480336228 0
-1.79 0.06948590695023017 0
-1.78 0.07616416547803453 0
-1.77 0.08278073791435257 0
-1.76 0.08997396377920543 0
-1.75 0.09700298788091447 0
-1.74 0.10460924277200176 0
-1.73 0.11193647810158601 0
-1.72 0.11981445324750566 0
-1.71 0.12730317592156867 0
-1.7 0.13528476505916265 0
-1.69 0.1427768633216845 0
-1.68 0.1506561118363176 0
-1.67 0.15796232534623125 0
-1.66 0.16549473136300744 0
-1.65 0.17240550286495365 0
-1.6400000000000001 0.17933236083824697 0
-1.63 0.1856323554684631 0
-1.62 0.19168201495737847 0
-1.6099999999999999 0.19714712337980633 0
-1.6 0.20204012542461275 0
-1.5899999999999999 0.20644865583521155 0
-1.58 0.20993894916235956 0
-1.57 0.21309514374992336 0
-1.56 0.21499014872612304 0
-1.55 0.21673522687782276 0
-1.54 0.21691356979556173 0
-1.53 0.2171551375697496 0
-1.52 0.21561832779991463 0
-1.51 0.21436693686849073 0
-1.5 0.21125454796026952 0
-1.49 0.20863033863797503 0
-1.48 0.20422154179643168 0
-1.47 0.20048039318422214 0
-1.46 0.1952236218092312 0
-1.45 0.1907867023766191 0
-1.44 0.18527668666508734 0
-1.43 0.18070650256703244 0
-1.42 0.17564451442121803 0
-1.4100000000000001 0.1716245846423187 0
-1.4 0.1677986446283923 0
-1.3900000000000001 0.1650903030956149 0
-1.38 0.16329306926861767 0
-1.37 0.16263495915940437 0
-1.3599999999999999 0.16357931711326182 0
-1.35 0.16560355030498145 0
-1.3399999999999999 0.16984149359056244 0
-1.33 0.1749578469559709 0
-1.3199999999999998 0.1827439168597745 0
-1.31 0.19102530829651063 0
-1.2999999999999998 0.2022301710439502 0
-1.29 0.21337217545380074 0
-1.28 0.22740750738444257 0
-1.27 0.24069194773252972 0
-1.26 0.2564673224074384 0
-1.25 0.27082043948148643 0
-1.24 0.2868448132562722 0
-1.23 0.30096063985109 0
-1.22 0.31549781544568334 0
-1.21 0.32798009960747165 0
-1.2 0.3393482125831346 0
-1.19 0.34895755384699106 0
-1.18 0.35588991395141334 0
-1.17 0.3617410009851423 0
-1.1600000000000001 0.3636847047998707 0
-1.15 0.3654827780497634 0
-1.1400000000000001 0.3628635185108531 0
-1.13 0.36109493008360416 0
-1.12 0.3553279622160884 0
-1.1099999999999999 0.35128548840742196 0
-1.1 0.34461726755233635 0
-1.0899999999999999 0.34031606151634763 0
-1.08 0.33543118234949754 0
-1.0699999999999998 0.33319069185650463 0
-1.06 0.332659106727367 0
-1.0499999999999998 0.33461461223174727 0.8
-1.04 0.3403705077345617 0.8
-1.03 0.3479316362117037 0.8
-1.02 0.3606495554840662 0.8
-1.01 0.37387291148441126 0.8
-1.0 0.39257454007575937 0
-0.99 0.4100278107936932 0
-0.98 0.4319453961877153 0
-0.97 0.4510292856054345 0
-0.96 0.47232335947108894 0
-0.95 0.4899146574173306 0
-0.94 0.5065129295996755 0
-0.9299999999999999 0.5197071721753835 0
-0.9199999999999999 0.528592473984481 0
-0.9099999999999999 0.535527654998481 0
-0.8999999999999999 0.5358868723315212 0
-0.8899999999999999 0.5364449302095667 0
-0.8799999999999999 0.530216337858551 0
-0.8699999999999999 0.5263305313807771 0
-0.8599999999999999 0.5178092260461733 0
-0.8499999999999999 0.5131398063815175 0
-0.8400000000000001 0.5077169046642603 0
-0.8300000000000001 0.5065809595852552 0
-0.8200000000000001 0.5089887719317541 0
-0.81 0.5147760024977456 0
-0.8 0.5273610373843818 0
-0.79 0.541063927888416 0
-0.78 0.5626254650423612 0
-0.77 0.5822340369034504 0
-0.76 0.6079677268575239 0
-0.75 0.629082718574404 0
-0.74 0.6519945924778897 0
-0.73 0.6694091956654654 0
-0.72 0.6830253231935381 0
-0.71 0.692694131488615 0
-0.7 0.6940584495005971 0
-0.69 0.6948307833931533 0
-0.6799999999999999 0.6862462645018129 0
-0.6699999999999999 0.6807098708566764 0
-0.6599999999999999 0.6690940390002275 0
-0.6499999999999999 0.662905594991359 0
-0.6399999999999999 0.656885514898418 0
-0.6299999999999999 0.6564122588896721 0
-0.6199999999999999 0.6624290377853657 0
-0.6099999999999999 0.6715405440806348 0
-0.5999999999999999 0.6906018668218836 0
-0.5900000000000001 0.7084090291498532 0
-0.5800000000000001 0.7349774926935136 0
-0.5700000000000001 0.7560452487245521 0
-0.56 0.780087469162299 0
-0.55 0.7970625030693067 0
-0.54 0.80901212371975 0
-0.53 0.8162570475428054 0
-0.52 0.8125754159082295 0
-0.51 0.809216089410562 0
-0.5 0.7950092727736308 0
-0.49 0.7859533724608211 0
-0.48 0.7725320506581356 0
-0.47 0.7663005641695764 0
-0.45999999999999996 0.7648839467484182 0
-0.44999999999999996 0.7686759639800106 0
-0.43999999999999995 0.7837790214524153 0
-0.42999999999999994 0.7986975394176106 0
-0.41999999999999993 0.8248231128784499 0
-0.4099999999999999 0.8448589184679834 0
-0.3999999999999999 0.8689094186807498 0
-0.3899999999999999 0.8845949430368585 0
-0.3799999999999999 0.8938173956405183 0
-0.3699999999999999 0.8980748389023357 0
-0.3599999999999999 0.8890309857613203 0
-0.34999999999999987 0.881825054957753 0
-0.33999999999999986 0.8635245206304334 0
-0.33000000000000007 0.852590381537524 0
-0.32000000000000006 0.8407158751949491 0
-0.31000000000000005 0.8368343649296925 0
-0.30000000000000004 0.8429474952438707 0
-0.29000000000000004 0.8520009347094187 0
-0.28 0.8750232104522954 0
-0.27 0.8931700331170678 0
-0.26 0.9190666340768352 0
-0.25 0.935434021461736 0
-0.24 0.9468290617560257 0
-0.22999999999999998 0.9515077957265524 0
-0.21999999999999997 0.9415652232840346 0
-0.20999999999999996 0.9331047329221227 0
-0.19999999999999996 0.9119727672443207 0
-0.18999999999999995 0.899239950795848 0
-0.17999999999999994 0.8863297420462918 0
-0.16999999999999993 0.8820614706559035 0
-0.15999999999999992 0.8903034735651398 0
-0.1499999999999999 0.9001285752447037 0
-0.1399999999999999 0.9248222095725288 0
-0.1299999999999999 0.941958092342958 0
-0.11999999999999988 0.9634432469283868 0
-0.10999999999999988 0.9745294132067419 0
-0.09999999999999987 0.9747419815697691 0
-0.08999999999999986 0.9712500289587389 0
-0.08000000000000007 0.9509541622273788 0
-0.07000000000000006 0.9369510230464227 0
-0.06000000000000005 0.9159775349238716 0
-0.050000000000000044 0.9054615020138267 0
-0.040000000000000036 0.9044563177846185 0
-0.030000000000000027 0.9083123556788785 0
-0.020000000000000018 0.9291403388782398 0
-0.010000000000000009 0.9439008309917918 0
0.0 0.9666319602267922 0
0.010000000000000231 0.9778637771358236 0
0.020000000000000018 0.9793634529171154 0
0.03000000000000025 0.9757788421715484 0
0.040000000000000036 0.954055301209991 0
0.04999999999999982 0.9388363028651947 0
0.06000000000000005 0.9161853915605004 0
0.06999999999999984 0.9047600501493265 0
0.08000000000000007 0.9045310533469606 0
0.08999999999999986 0.9083893791876949 0
0.10000000000000009 0.9300812085298489 0
0.10999999999999988 0.9435797541028013 0
0.1200000000000001 0.9619746696460495 0
0.1299999999999999 0.9686403244603361 0
0.14000000000000012 0.9608913357217806 0
0.1499999999999999 0.9514053602428957 0
0.16000000000000014 0.924343069776406 0
0.16999999999999993 0.9073219987919239 0
0.18000000000000016 0.8903237824886687 0
0.18999999999999995 0.8834568422325086 0
0.20000000000000018 0.8940518547382493 0
0.20999999999999996 0.9025432993238683 0
0.2200000000000002 0.9250183232437565 0
0.22999999999999998 0.9349743265312718 0
0.2400000000000002 0.937812803895163 0
0.25 0.9333907862924953 0
0.26000000000000023 0.9089143951200094 0
0.27 0.8915341925067961 0
0.28000000000000025 0.8669645046576712 0
0.29000000000000004 0.8545969947156397 0
0.30000000000000027 0.8571519323626396 0
0.31000000000000005 0.8611220478951945 0
0.31999999999999984 0.8824956933306753 0
0.33000000000000007 0.8919081121937991 0
0.33999999999999986 0.8976639102042636 0
0.3500000000000001 0.8943226295348483 0
0.3599999999999999 0.8705082356481677 0
0.3700000000000001 0.8530263101415653 0
0.3799999999999999 0.8269565133371218 0
0.3900000000000001 0.8136098188190607 0
0.3999999999999999 0.8156188065713436 0
0.41000000000000014 0.8187246369708493 0
0.41999999999999993 0.8391045032256513 0
0.43000000000000016 0.8467092938379962 0
0.43999999999999995 0.8480927711502676 0
0.4500000000000002 0.8417650668188924 0
0.45999999999999996 0.8143113334518624 0
0.4700000000000002 0.795638824264704 0
0.48 0.7731139316214102 0
0.4900000000000002 0.7623823496459895 0
0.5 0.7707287251636391 0
0.5100000000000002 0.7755629970346369 0
0.52 0.7927219177850406 0
0.5300000000000002 0.7959911342428153 0
0.54 0.7848491443235516 0
0.5500000000000003 0.7718563130675146 0
0.56 0.7406736465025121 0
0.5699999999999998 0.7223091529298393 0
0.5800000000000001 0.7118225569827845 0
0.5899999999999999 0.7077791812334046 0
0.6000000000000001 0.7242496490503635 0
0.6099999999999999 0.7295463499311032 0
0.6200000000000001 0.7334417818201688 0
0.6299999999999999 0.7274603185887495 0
0.6400000000000001 0.7000127517122913 0
0.6499999999999999 0.6809529029674812 0
0.6600000000000001 0.657949256581229 0
0.6699999999999999 0.6466786882990199 0
0.6800000000000002 0.6555450154742759 0
0.69 0.6585821466664938 0
0.7000000000000002 0.6698024180485671 0
0.71 0.667858186367134 0
0.7200000000000002 0.6469392947646634 0
0.73 0.6298411088724679 0
0.7400000000000002 0.6018168566733874 0
0.75 0.5871018236711485 0
0.7600000000000002 0.5897489597275605 0
0.77 0.5902481985746366 0
0.7800000000000002 0.6033463767626627 0
0.79 0.6027092672041069 0
0.8000000000000003 0.585515129241671 0
0.81 0.5699739698972525 0
0.8199999999999998 0.5413036610203692 0
0.8300000000000001 0.5260202371056213 0
0.8399999999999999 0.5269775169730122 0
0.8500000000000001 0.5265468531689067 0
0.8599999999999999 0.5389611426556146 0
0.8700000000000001 0.537939046906197 0
0.8799999999999999 0.5202064796489927 0
0.8900000000000001 0.5049412164142774 0
0.8999999999999999 0.47828410845583785 0
0.9100000000000001 0.4644829881513037 0
0.9199999999999999 0.4683812790706418 0
0.9300000000000002 0.4686551412348674 0
0.94 0.47808754435073164 0
0.9500000000000002 0.4752719479731197 0
0.96 0.45342560331011883 0
0.9700000000000002 0.43755524638969623 0
0.98 0.4165110685056714 0
0.9900000000000002 0.4062574670314646 0
1.0 0.4158658528148715 0
1.0100000000000002 0.41731307998180533 0.8
1.02 0.4193454813968278 0.8
1.0300000000000002 0.413107054861935 0.8
1.04 0.38710061840009585 0.8
1.0500000000000003 0.3716961871140582 0
1.06 0.36223610850996063 0
1.0700000000000003 0.3577727290554262 0
1.08 0.3708586630835352 0
1.0899999999999999 0.37188589294392477 0
1.1 0.3608439260520227 0
1.1099999999999999 0.349855833469672 0
1.12 0.3265184834969899 0
1.13 0.31495058987660135 0
1.1400000000000001 0.32072896726585465 0
1.15 0.3215598184433774 0
1.1600000000000001 0.3268279255805652 0
1.17 0.3230333048291233 0
1.1800000000000002 0.300044914894991 0
1.19 0.28669480582175577 0
1.2000000000000002 0.27936997470237707 0
1.21 0.27596561824717425 0
1.2200000000000002 0.28817568756816386 0
1.23 0.28885088222978117 0
1.2400000000000002 0.2747070749509257 0
1.25 0.263999004744252 0
1.2600000000000002 0.2473818405725606 0
1.27 0.23998919255539436 0
1.2800000000000002 0.25112023592757016 0
1.29 0.2530177560438757 0
1.3000000000000003 0.24838917669876687 0
1.31 0.2414551708819618 0
1.3200000000000003 0.22121091149393432 0
1.33 0.21184231535144374 0
1.3399999999999999 0.21906381508553233 0
1.35 0.22054766069684262 0
1.3599999999999999 0.22240757316167048 0
1.37 0.21842233917617815 0
1.38 0.1980833959102346 0
1.3900000000000001 0.18843578389978285 0
1.4 0.19254183787773724 0
1.4100000000000001 0.19342054517713395 0
1.42 0.1984519133059391 0
1.4300000000000002 0.1961318049562656 0
1.44 0.1767806901284575 0
1.4500000000000002 0.16768356132043882 0
1.46 0.17091670034269485 0
1.4700000000000002 0.17169926782932696 0
1.48 0.17727675190863848 0
1.4900000000000002 0.17548126201545314 0
1.5 0.15697290363532798 0
1.5100000000000002 0.14871672422811996 0
1.52 0.15353132296234448 0
1.5300000000000002 0.15480541291401545 0
1.54 0.1584525624073144 0
1.5500000000000003 0.15617908097895652 0
1.56 0.13867242838063687 0
1.5700000000000003 0.13158393819754774 0
1.58 0.13993334200097257 0
1.5899999999999999 0.14197034665646796 0
1.6 0.14066206197174838 0
1.6099999999999999 0.1369501502422097 0
1.62 0.12242839990504834 0
1.63 0.11729459551162495 0
1.6400000000000001 0.12924722463451488 0
1.65 0.13162008835138045 0
1.6600000000000001 0.12243666968828022 0
1.67 0.11673332349816007 0
1.6800000000000002 0.10984158477400333 0
1.69 0.10780610973384365 0
1.7000000000000002 0.11893348900813111 0
1.71 0.12009540245290058 0
1.7200000000000002 0.10399705252124777 0
1.73 0.09737457576245721 0
1.7400000000000002 0.10278902058082016 0
1.75 0.10413081452874447 0
1.7600000000000002 0.10465772325121334 0
1.77 0.10221962693144897 0
1.7800000000000002 0.08948674004644616 0
1.79 0.08552059462380587 0
1.8000000000000003 0.0985280335663552 0
1.81 0.1007349660029602 0
1.8200000000000003 0.08601236095393923 0
1.83 0.08010681217615559 0
1.8399999999999999 0.08520804656627229 0
1.85 0.08641357110043145 0
1.8599999999999999 0.08597683547672107 0
1.87 0.08371278310360598 0
1.88 0.0737506170575965 0
1.8900000000000001 0.07101836397181305 0
1.9 0.08354403013527727 0
1.9100000000000001 0.0852781905681948 0
1.92 0.06745085508653778 0
1.9300000000000002 0.06204557341949765 0
1.94 0.07735087673347708 0
1.9500000000000002 0.0803443923083015 0
1.96 0.06394011085501188 0
1.9700000000000002 0.05853059362160291 0
1.98 0.06972619124089996 0
1.9900000000000002 0.0719160144923025 0
2.0 0.06096291197442025 0
2.01 0.056976503570277746 0
2.0200000000000005 0.06284286090962533 0
2.0300000000000002 0.0637087445887209 0
2.04 0.057664528114846625 0
2.05 0.05510627948372647 0
2.0600000000000005 0.05723784199009726 0
2.0700000000000003 0.057118510940256134 0
2.08 0.05402303631277653 0
2.09 0.05238539965336195 0
2.0999999999999996 0.052623252097740526 0
2.1100000000000003 0.05201471245560817 0
2.12 0.050326321609074263 0
2.13 0.04916399791015434 0
2.1399999999999997 0.048651996702925054 0
2.1500000000000004 0.04787510864331658 0
2.16 0.04676670870590188 0
2.17 0.04583181724572393 0
2.1799999999999997 0.04510039353754695 0
2.1900000000000004 0.04430011560524525 0
2.2 0.04341545429973526 0
2.21 0.0425869997400795 0
2.2199999999999998 0.041821596119574034 0
2.2300000000000004 0.04104928517140167 0
2.24 0.040266087150684485 0
2.25 0.03950448710848919 0
2.26 0.03876734646923776 0
2.2700000000000005 0.038037983479096954 0
2.2800000000000002 0.037317221429771806 0
2.29 0.03661413661358032 0
2.3 0.03592844555319594 0
2.3100000000000005 0.03525540218081187 0
2.3200000000000003 0.03459494506197758 0
2.33 0.033947895131031934 0
2.34 0.03331432988105505 0
2.3500000000000005 0.03269520484811484 0
2.3600000000000003 0.03208840833927626 0
2.37 0.031493338648274825 0
2.38 0.030908698589157162 0
2.3899999999999997 0.03033306838874165 0
2.4000000000000004 0.02976669544879474 0
2.41 0.029210885254722135 0
2.42 0.02866489632279685 0
2.4299999999999997 0.02812785501563489 0
2.4400000000000004 0.027600097036771187 0
2.45 0.02708014982897282 0
2.46 0.026569734031894124 0
2.4699999999999998 0.026070175760178088 0
2.4800000000000004 0.025581250938243906 0
2.49 0.025102407082710224 0
2.5 0.02463330497078108 0
2.51 0.024172967878300686 0
2.5200000000000005 0.023721509497944198 0
2.5300000000000002 0.0232805166708605 0
2.54 0.022848168343691525 0
2.55 0.022423677141443943 0
2.5600000000000005 0.022006263722122697 0
2.5700000000000003 0.021595099667242247 0
2.58 0.021190687900494245 0
2.59 0.020794140092760056 0
2.6000000000000005 0.02040499380408514 0
2.6100000000000003 0.02002172211691974 0
2.62 0.019645405253367165 0
2.63 0.019275835104134387 0
2.6399999999999997 0.018913767616029725 0
2.6500000000000004 0.01856014275019887 0
2.66 0.01821398647578295 0
2.67 0.0178739947185221 0
2.6799999999999997 0.017540201396895612 0
2.6900000000000004 0.01721364491545502 0
2.7 0.01689319648847523 0
2.71 0.016578904191245938 0
2.7199999999999998 0.016269972105302725 0
2.7300000000000004 0.015965275963987918 0
2.74 0.015665677765243177 0
2.75 0.015372097843420373 0
2.76 0.015084353789107337 0
2.7700000000000005 0.014801074931133288 0
2.7800000000000002 0.014523186265665358 0
2.79 0.014250945663299885 0
2.8 0.013984297688408783 0
2.8100000000000005 0.013723670135556075 0
2.8200000000000003 0.01346808727378456 0
2.83 0.013216860902540694 0
2.84 0.012969898388332521 0
2.8500000000000005 0.012728352336709482 0
2.8600000000000003 0.012491227549444678 0
2.87 0.012257333703991301 0
2.88 0.012027429825769511 0
2.8899999999999997 0.011801861799164171 0
2.9000000000000004 0.011580832121471062 0
2.91 0.01136370459339571 0
2.92 0.011150851753819333 0
2.9299999999999997 0.010942233949179847 0
2.9400000000000004 0.01073766889695886 0
2.95 0.010537576754770574 0
2.96 0.010341151614102546 0
2.9699999999999998 0.010148219757245273 0
2.9800000000000004 0.00995856637981853 0
2.99 0.009772537961891455 0
3.0 0.009589955182008794 0
3.01 0.009410139361007083 0
3.0200000000000005 0.009233730049084501 0
3.0300000000000002 0.009060696524728034 0
3.04 0.008891179817882107 0
3.05 0.008724849687926686 0
3.0600000000000005 0.008561651363909774 0
3.0700000000000003 0.008401940377428968 0
3.08 0.008245109804707464 0
3.09 0.008091265501635622 0
3.1000000000000005 0.007940092503695975 0
3.1100000000000003 0.007791630323168856 0
3.12 0.007645947739648745 0
3.13 0.007502685499720012 0
3.1399999999999997 0.0073622555931831205 0
3.1500000000000004 0.0072243741488761766 0
3.16 0.007089210288916811 0
3.17 0.006956729644798962 0
3.1799999999999997 0.006826665263977171 0
3.1900000000000004 0.0066992683357798045 0
3.2 0.006574083785414147 0
3.21 0.006451280479134902 0
3.2199999999999998 0.006330708492795935 0
3.2300000000000004 0.006212217894556039 0
3.24 0.006096067663819835 0
3.25 0.005981907204528826 0
3.26 0.005870027225121601 0
3.2700000000000005 0.005760255470293757 0
3.2800000000000002 0.0056525078124175275 0
3.29 0.005546953200113819 0
3.3 0.005443208256331276 0
3.3100000000000005 0.005341523721232778 0
3.3200000000000003 0.0052416680716958815 0
3.33 0.005143604336005375 0
3.34 0.00504749567382213 0
3.3500000000000005 0.004953018830813827 0
3.3600000000000003 0.004860452048548014 0
3.37 0.004769569384694713 0
3.38 0.004680343867558426 0
3.3899999999999997 0.004592907685022607 0
3.4000000000000004 0.004506938083425362 0
3.41 0.0044226996884424415 0
3.42 0.004339990899164941 0
3.4299999999999997 0.004258795808799429 0
3.4400000000000004 0.004179266716189289 0
3.45 0.004101088470740598 0
3.46 0.004024489715681179 0
3.4699999999999998 0.003949271349291711 0
3.4800000000000004 0.003875363846741056 0
3.49 0.0038029360662209274 0
3.5 0.003731700704020329 0
3.51 0.0036619015450345283 0
3.5200000000000005 0.0035934363549454972 0
3.5300000000000002 0.0035262151047914937 0
3.54 0.003460426416708261 0
3.55 0.0033957495308137597 0
3.5600000000000005 0.003332318798926324 0
3.5700000000000003 0.003270049775780896 0
3.58 0.0032087800822963603 0
3.59 0.0031487582739666686 0
3.6000000000000005 0.0030897669688480607 0
3.6100000000000003 0.0030319481797873695 0
3.62 0.002975349075555501 0
3.63 0.0029197387061291446 0
3.6399999999999997 0.0028653001387181657 0
3.6500000000000004 0.00281178364023619 0
3.66 0.0027591618021280784 0
3.67 0.0027075567429103438 0
3.6799999999999997 0.002656759244055222 0
3.6900000000000004 0.002607015531922595 0
3.7 0.0025582745257191407 0
3.71 0.0025104486994533925 0
3.7199999999999998 0.002463691260465942 0
3.7300000000000004 0.0024176999924803697 0
3.74 0.002372517964728312 0
3.75 0.0023281621059439025 0
3.76 0.002284465003081661 0
3.7700000000000005 0.0022416608138957693 0
3.7800000000000002 0.0021996679177678628 0
3.79 0.0021585471744126417 0
3.8 0.002118408855224111 0
3.8100000000000005 0.002078859269608727 0
3.8200000000000003 0.002039971002219538 0
3.83 0.0020018875387685995 0
3.84 0.001964444375869074 0
3.8500000000000005 0.0019275343772217483 0
3.8600000000000003 0.0018911381615478767 0
3.87 0.0018559188407102102 0
3.88 0.001821870425460393 0
3.8899999999999997 0.0017876599266969083 0
3.9000000000000004 0.0017535139913224817 0
3.91 0.0017211078861572161 0
3.92 0.0016900010407668237 0
3.9299999999999997 0.0016577292009721531 0
3.9400000000000004 0.0016247766324729693 0
3.95 0.0015952370593593727 0
3.96 0.0015683701570085948 0
3.9699999999999998 0.0015380102239923538 0
3.9800000000000004 0.0015054148639589585 0
3.99 0.0014787096751875414 0
4.0 0.001455973807067552 0
4.01 0.001426861825196273 0
4.0200000000000005 0.0013938621295511355 0
4.03 0.0013698823970760378 0
4.04 0.0013517958095931443 0
4.05 0.0013245214532101313 0
4.0600000000000005 0.0012918683999231233 0
4.07 0.0012695066247816146 0
4.08 0.0012530724032867753 0
4.09 0.001228225211079858 0
4.1000000000000005 0.0011993287954198924 0
4.11 0.0011775867745493964 0
4.12 0.001159271908114708 0
4.13 0.001137934760428021 0
4.140000000000001 0.0011160478817593088 0
4.15 0.0010939427842533184 0
4.16 0.0010707845689616876 0
4.17 0.0010523717669860264 0
4.18 0.0010377160612647306 0
4.19 0.0010169436699152769 0
4.2 0.000992565419708122 0
4.21 0.0009747101561925731 0
4.22 0.0009601469492345368 0
4.23 0.0009423619671921872 0
4.24 0.0009240457085942056 0
4.25 0.0009057761510154683 0
4.26 0.0008865046171454828 0
4.2700000000000005 0.0008713328138322195 0
4.28 0.0008592185184977643 0
4.29 0.0008420796820373283 0
4.3 0.000822430186608039 0
4.3100000000000005 0.0008071221880233044 0
4.32 0.0007935325196768009 0
4.33 0.0007797044540386913 0
4.34 0.0007668965467078975 0
4.3500000000000005 0.000751158125080558 0
4.36 0.0007332518747870942 0
4.37 0.0007203225995560181 0
4.38 0.0007101373152491936 0
4.390000000000001 0.0006972596654800903 0
4.4 0.0006838492751455091 0
4.41 0.0006698309597776388 0
4.42 0.0006545957081773697 0
4.43 0.0006434070518643551 0
4.44 0.0006349285579985513 0
4.45 0.0006230460539265149 0
4.46 0.0006099288046944497 0
4.47 0.0005975247998254588 0
4.48 0.000584590728819321 0
4.49 0.0005747509773115955 0
4.5 0.0005673044333830323 0
4.51 0.0005565207254147086 0
4.5200000000000005 0.0005443433446297487 0
4.53 0.0005332806766542639 0
4.54 0.0005219570321819283 0
4.55 0.0005132521784768584 0
4.5600000000000005 0.0005066801177678605 0
4.57 0.0004970584363305081 0
4.58 0.00048617262880296287 0
4.59 0.0004761770454928896 0
4.6000000000000005 0.00046585523467009633 0
4.61 0.0004581199170986695 0
4.62 0.00045233470499501314 0
4.63 0.0004439079657460377 0
4.640000000000001 0.0004345669896584662 0
4.65 0.00042545325196769547 0
4.66 0.0004157319430720328 0
4.67 0.00040875097541836586 0
4.68 0.0004034763885431821 0
4.69 0.00039624966329581405 0
4.7 0.0003887123107045749 0
4.71 0.00038045786422600587 0
4.72 0.00037124398035352714 0
4.73 0.0003647094746785946 0
4.74 0.0003593983374557584 0
4.75 0.0003533007972604321 0
4.76 0.00034771603450124564 0
4.7700000000000005 0.0003404956970612843 0
4.78 0.0003321140134870344 0
4.79 0.00032570094605787386 0
4.8 0.00031973529847493333 0
4.8100000000000005 0.00031453700590333065 0
4.82 0.00031058463556485767 0
4.83 0.00030464336544834444 0
4.84 0.00029778678719162165 0
4.8500000000000005 0.000291427583312141 0
4.86 0.00028468081253884214 0
4.87 0.0002799412541117481 0
4.88 0.00027649465602397994 0
4.890000000000001 0.00027180489747626496 0
4.9 0.00026708855838129656 0
4.91 0.00026130230890977465 0
4.92 0.0002546532775066806 0
4.93 0.00024981427382288364 0
4.94 0.0002453923831033401 0
4.95 0.0002414680077256466 0
4.96 0.00023856922708484558 0
4.97 0.00023412589567131369 0
4.98 0.0002290241996099902 0
4.99 0.0002239407266643499 0
5.0 0.00021837019494003572 0
5.01 0.00021461544241895458 0
5.0200000000000005 0.0002117052609476145 0
5.03 0.00020833268490713273 0
5.04 0.00020544599383581292 0
5.05 0.00020126025605312617 0
5.0600000000000005 0.00019630766487728233 0
5.07 0.00019206193743026944 0
5.08 0.00018765718546119676 0
5.09 0.00018461012378024732 0
5.1000000000000005 0.00018244273027041892 0
5.11 0.00017950506888348127 0
5.12 0.0001767578247412262 0
5.13 0.00017298653321966105 0
5.140000000000001 0.00016849625166547516 0
5.15 0.00016490063715240925 0
5.16 0.00016129135967301838 0
5.17 0.00015874766460466976 0
5.18 0.00015699663871569425 0
5.19 0.00015448660134145535 0
5.2 0.00015210025802575626 0
5.21 0.00014881494529999772 0
5.22 0.00014488817944825213 0
5.23 0.0001417411468345697 0
5.24 0.00013854656086885044 0
5.25 0.00013634876872834788 0
5.26 0.00013484296307257092 0
5.2700000000000005 0.00013278684698563798 0
5.28 0.00013094160838663792 0
5.29 0.0001281779129382099 0
5.3 0.0001248726239432188 0
5.3100000000000005 0.00012203669073985284 0
5.32 0.00011899973132475666 0
5.33 0.0001169848068951163 0
5.34 0.00011551678487916842 0
5.3500000000000005 0.00011388693570225977 0
5.36 0.0001126361706535542 0
5.37 0.00011045409601698094 0
5.38 0.0001079151018534927 0
5.390000000000001 0.00010536693079593506 0
5.4 0.00010243381186573073 0
5.41 0.0001004345931117921 0
5.42 9.872349104423004e-05 0
5.43 9.736561445151835e-05 0
5.44 9.651650940947464e-05 0
5.45 9.495803031330953e-05 0
5.46 9.335953818667728e-05 0
5.47 9.123620030874533e-05 0
5.48 8.866893146249028e-05 0
5.49 8.662314562755562e-05 0
5.5 8.44971742727599e-05 0
5.51 8.312064506521602e-05 0
5.5200000000000005 8.217224222007955e-05 0
5.53 8.110028590453364e-05 0
5.54 8.033758568280035e-05 0
5.55 7.885490135269181e-05 0
5.5600000000000005 7.715432722725792e-05 0
5.57 7.527573006843298e-05 0
5.58 7.304013698341827e-05 0
5.59 7.142876136510342e-05 0
5.6000000000000005 6.988239959378108e-05 0
5.61 6.886628639789501e-05 0
5.62 6.825187034409497e-05 0
5.63 6.737457670608681e-05 0
5.640000000000001 6.669689462020006e-05 0
5.65 6.540315533218513e-05 0
5.66 6.387782086373976e-05 0
5.67 6.227252187388085e-05 0
5.68 6.037152618995625e-05 0
5.69 5.9025922268479554e-05 0
5.7 5.774543740621437e-05 0
5.71 5.692240984129954e-05 0
5.72 5.6442007690580546e-05 0
5.73 5.5767960852784446e-05 0
5.74 5.5291140432345565e-05 0
5.75 5.4276013911025537e-05 0
5.76 5.30987157602545e-05 0
5.7700000000000005 5.175450029556206e-05 0
5.78 5.0131948292955355e-05 0
5.79 4.891327507345927e-05 0
5.8 4.766868944721228e-05 0
5.8100000000000005 4.6902327435235913e-05 0
5.82 4.639401630758944e-05 0
5.83 4.589600658926921e-05 0
5.84 4.564354430918532e-05 0
5.8500000000000005 4.496601656511753e-05 0
5.86 4.426275056801615e-05 0
5.87 4.322790321444656e-05 0
5.88 4.1955766080150157e-05 0
5.890000000000001 4.082527927366108e-05 0
5.9 3.954032900020977e-05 0
5.91 3.869840585572792e-05 0
5.92 3.7961520383405615e-05 0
5.930000000000001 3.749570812882652e-05 0
5.94 3.727816352041893e-05 0
5.95 3.69003392785662e-05 0
5.96 3.666522352095868e-05 0
5.97 3.604180329450564e-05 0
5.98 3.5329204796218754e-05 0
5.99 3.44232486188773e-05 0
6.0 3.331034091136999e-05 0
6.01 3.2387966994205534e-05 0
6.02 3.13668261688032e-05 0
6.029999999999999 3.0719569518573335e-05 0
6.040000000000001 3.0178786128959822e-05 0
6.050000000000001 2.9843268754202336e-05 0
6.0600000000000005 2.9713832252969887e-05 0
6.07 2.9450144847849096e-05 0
6.08 2.93097630984605e-05 0
6.09 2.8847261390135224e-05 0
6.1 2.8328113009036056e-05 0
6.109999999999999 2.7611640624428224e-05 0
6.120000000000001 2.672647911263621e-05 0
6.130000000000001 2.5940952052791836e-05 0
6.140000000000001 2.5039789748350147e-05 0
6.15 2.4434803800121488e-05 0
6.16 2.3869581215404833e-05 0
6.17 2.3546557407309408e-05 0
6.18 2.3378862670662297e-05 0
6.1899999999999995 2.3213154473731213e-05 0
6.199999999999999 2.319377775361599e-05 0
6.210000000000001 2.295392444594493e-05 0
6.220000000000001 2.2744937398239907e-05 0
6.23 2.228841401948357e-05 0
6.24 2.173411355232911e-05 0
6.25 2.110576877291012e-05 0
6.26 2.03395811272127e-05 0
6.27 1.971923436090185e-05 0
6.279999999999999 1.9034812425762086e-05 0
6.290000000000001 1.8597752161016313e-05 0
6.300000000000001 1.8215225354561805e-05 0
6.3100000000000005 1.800602951948109e-05 0
6.32 1.7924999940563307e-05 0
6.33 1.783235463023011e-05 0
6.34 1.7854874892061764e-05 0
6.35 1.7702791356450927e-05 0
6.359999999999999 1.758247077050977e-05 0
6.370000000000001 1.725737208009702e-05 0
6.380000000000001 1.6866799104628352e-05 0
6.390000000000001 1.638349447301787e-05 0
6.4 1.5789202680259837e-05 0
6.41 1.5267091824929748e-05 0
6.42 1.4667978520477245e-05 0
6.43 1.4250146191834645e-05 0
6.4399999999999995 1.3837681014721388e-05 0
6.449999999999999 1.360351573570554e-05 0
6.460000000000001 1.3447779073652874e-05 0
6.470000000000001 1.3368270372345282e-05 0
6.48 1.3391977225845295e-05 0
6.49 1.3354550215096923e-05 0
6.5 1.3390762698549188e-05 0
6.51 1.3273091324139087e-05 0
6.52 1.3164082655937733e-05 0
6.529999999999999 1.2903291070372793e-05 0
6.540000000000001 1.2585996850795627e-05 0
6.550000000000001 1.2203812947886868e-05 0
6.5600000000000005 1.1736145036562434e-05 0
6.57 1.1317973510723418e-05 0
6.58 1.0835781563712778e-05 0
6.59 1.0483583066005723e-05 0
6.6 1.0121697926570664e-05 0
6.609999999999999 9.903816021609227e-06 0
6.620000000000001 9.730418994460113e-06 0
6.630000000000001 9.650277568292345e-06 0
6.640000000000001 9.643984588322547e-06 0
6.65 9.642753824766889e-06 0
6.66 9.71245677615203e-06 0
6.67 9.702675193387145e-06 0
6.68 9.733608630194339e-06 0
6.6899999999999995 9.642369642578485e-06 0
6.700000000000001 9.54717786465581e-06 0
6.710000000000001 9.345396361249433e-06 0
6.720000000000001 9.099209465423133e-06 0
6.73 8.807110202107202e-06 0
6.74 8.452345790591818e-06 0
6.75 8.125514580771473e-06 0
6.76 7.746961938687362e-06 0
6.77 7.452425837617347e-06 0
6.779999999999999 7.138088754133736e-06 0
6.790000000000001 6.929143117674012e-06 0
6.800000000000001 6.73656428523736e-06 0
6.8100000000000005 6.634191177414222e-06 0
6.82 6.57438646269043e-06 0
6.83 6.561761242778806e-06 0
6.84 6.601872346288571e-06 0
6.85 6.6337084184021225e-06 0
6.859999999999999 6.7128190641026825e-06 0
6.870000000000001 6.734413762398686e-06 0
6.880000000000001 6.785448146926234e-06 0
6.890000000000001 6.752227175856175e-06 0
6.9 6.723237211182613e-06 0
6.91 6.61320048735348e-06 0
6.92 6.482009161793299e-06 0
6.93 6.298621369248496e-06 0
6.9399999999999995 6.076688786192893e-06 0
6.950000000000001 5.844164724326383e-06 0
6.960000000000001 5.569360111043124e-06 0
6.970000000000001 5.323775278062755e-06 0
6.98 5.045956351581431e-06 0
6.99 4.825047464754587e-06 0
7.0 4.590514672502576e-06 0
7.01 4.424270176893754e-06 0
7.02 4.26425324344911e-06 0
7.029999999999999 4.168134884423237e-06 0
7.040000000000001 4.0936194659190475e-06 0
7.050000000000001 4.065934614247285e-06 0
7.0600000000000005 4.0683706796506474e-06 0
7.07 4.092306250970002e-06 0
7.08 4.148319317358469e-06 0
7.09 4.197654953968187e-06 0
7.1 4.2757587917586424e-06 0
7.109999999999999 4.322119777707531e-06 0
7.120000000000001 4.389851728492361e-06 0
7.130000000000001 4.409185609362779e-06 0
7.140000000000001 4.439454022466583e-06 0
7.15 4.416186843325068e-06 0
7.16 4.3918458210969625e-06 0
7.17 4.320321615985678e-06 0
7.18 4.236284889711345e-06 0
7.1899999999999995 4.119993281774248e-06 0
7.200000000000001 3.982709231030076e-06 0
7.210000000000001 3.83217027864806e-06 0
7.220000000000001 3.65690351872339e-06 0
7.23 3.486994756480199e-06 0
7.24 3.2938483293355788e-06 0
7.25 3.121094846159855e-06 0
7.26 2.9308650392635857e-06 0
7.27 2.770991877537547e-06 0
7.279999999999999 2.6017547982843235e-06 0
7.290000000000001 2.467694778706321e-06 0
7.300000000000001 2.3326185657805885e-06 0
7.3100000000000005 2.2331315680846178e-06 0
7.32 2.139583201078221e-06 0
7.33 2.078598404810237e-06 0
7.34 2.0283129419604074e-06 0
7.35 2.0050152115019577e-06 0
7.359999999999999 1.994966410971871e-06 0
7.370000000000001 2.0045273418149236e-06 0
7.380000000000001 2.0281502006217053e-06 0
7.390000000000001 2.062897852802582e-06 0
7.4 2.1113984122376016e-06 0
7.41 2.1621666197572694e-06 0
7.42 2.2257514522072584e-06 0
7.43 2.2831628216240377e-06 0
7.4399999999999995 2.352095948252051e-06 0
7.450000000000001 2.4075981647117314e-06 0
7.460000000000001 2.473039645511662e-06 0
7.470000000000001 2.5196036250815476e-06 0
7.48 2.5742101176967973e-06 0
7.49 2.6066821462669507e-06 0
7.5 2.6449669629540813e-06 0
7.51 2.6601265821930297e-06 0
7.52 2.6785925973453004e-06 0
7.529999999999999 2.6749977476266724e-06 0
7.540000000000001 2.6720724722108916e-06 0
7.550000000000001 2.6497773814776724e-06 0
7.5600000000000005 2.6255933207585576e-06 0
7.57 2.5858118974931944e-06 0
7.58 2.5418837889371105e-06 0
7.59 2.486651301368869e-06 0
7.6 2.425503157344617e-06 0
7.609999999999999 2.3573688816876757e-06 0
7.620000000000001 2.2821581813556494e-06 0
7.630000000000001 2.2039254199541087e-06 0
7.640000000000001 2.1181012352866953e-06 0
7.65 2.032619857749859e-06 0
7.66 1.9396388486104663e-06 0
7.67 1.849648797278229e-06 0
7.68 1.7527604177740723e-06 0
7.6899999999999995 1.6607812163398365e-06 0
7.700000000000001 1.5628829678089025e-06 0
7.710000000000001 1.4711429128552951e-06 0
7.720000000000001 1.3746989799532565e-06 0
7.73 1.2850974129545902e-06 0
7.74 1.1921096443343722e-06 0
7.75 1.106205905673374e-06 0
7.76 1.0182244174146754e-06 0
7.77 9.372474864111112e-07 0
7.779999999999999 8.55408471234952e-07 0
7.790000000000001 7.802817961087148e-07 0
7.800000000000001 7.053616676108775e-07 0
7.8100000000000005 6.36738267931639e-07 0
7.82 5.69215410564442e-07 0
7.83 5.075189896880381e-07 0
7.84 4.476366411070353e-07 0
7.85 3.9310516034606084e-07 0
7.859999999999999 3.409310163848581e-07 0
7.870000000000001 2.936599214350448e-07 0
7.880000000000001 2.491397653784669e-07 0
7.890000000000001 2.091227733755857e-07 0
7.9 1.7212673887993773e-07 0
7.91 1.3929274676404027e-07 0
7.92 1.0965374495818178e-07 0
7.93 8.389897174593794e-08 0
7.9399999999999995 6.14434012625597e-08 0
7.950000000000001 4.2658307130598504e-08 0
7.960000000000001 2.72294890298899e-08 0
7.970000000000001 1.5320315719955187e-08 0
7.98 6.7952207789786646e-09 0
7.99 1.7001759114855078e-09 0
