-5.0 7.076561924246343e-07 -0.8
-4.99 2.8378510833924525e-06 -0.8
-4.98 6.383135775443344e-06 -0.8
-4.97 1.138178029716672e-05 -0.8
-4.96 1.7799531796814213e-05 -0.8
-4.95 2.5697305715828302e-05 -0.8
-4.94 3.503690041147202e-05 -0.8
-4.93 4.5807825035719095e-05 -0.8
-4.92 5.808604607494097e-05 -0.8
-4.91 7.156584503566077e-05 -0.8
-4.9 8.669000849998144e-05 -0.8
-4.89 0.00010247764291923852 -0.8
-4.88 0.00012013613807731032 -0.8
-4.87 0.00013749756960472118 -0.8
-4.86 0.00015702059798933956 -0.8
-4.85 0.00017482688552190596 -0.8
-4.84 0.00019503619258408366 -0.8
-4.83 0.00021177664998542863 -0.8
-4.82 0.0002308742591465621 -0.8
-4.81 0.00024478008449369654 -0.8
-4.8 0.0002603701997514016 -0.8
-4.79 0.00026965881413771144 -0.8
-4.78 0.00027903258886015494 -0.8
-4.77 0.00028224674997202426 -0.8
-4.76 0.00028303669390040146 -0.8
-4.75 0.0002794330275177239 -0.8
-4.74 0.0002706013149583772 -0.8
-4.73 0.00026056213528171204 -0.8
-4.72 0.00024341869169940762 -0.8
-4.71 0.00022887692972617933 -0.8
-4.7 0.0002075673121718925 -0.8
-4.69 0.00019231666197276186 -0.8
-4.68 0.0001732488477612744 -0.8
-4.67 0.0001626854411399013 -0.8
-4.66 0.0001528312370616161 -0.8
-4.65 0.00015243834701467618 -0.8
-4.64 0.0001570309083879084 -0.8
-4.63 0.00016949140798587715 -0.8
-4.62 0.00018973271751664803 -0.8
-4.61 0.0002121826205638695 -0.8
-4.6 0.00024330333498042518 -0.8
-4.59 0.00026741827103578735 -0.8
-4.58 0.0002981006466028086 -0.8
-4.57 0.00031407416288765087 -0.8
-4.56 0.00032990860389557554 -0.8
-4.55 0.00033174094926725 -0.8
-4.54 0.0003241386932666704 -0.8
-4.53 0.00031289729538853446 -0.8
-4.52 0.00028796215732058414 -0.8
-4.51 0.00027261859307435804 -0.8
-4.5 0.00024993718387586645 -0.8
-4.49 0.00024477025368699454 -0.8
-4.48 0.0002445159410049401 -0.8
-4.47 0.00025913623520635486 -0.8
-4.46 0.00028744039141365016 -0.8
-4.45 0.0003150356162396759 -0.8
-4.4399999999999995 0.0003561178003719918 -0.8
-4.43 0.0003772055725471387 -0.8
-4.42 0.00039963746140233804 -0.8
-4.41 0.0004007233005571592 -0.8
-4.4 0.0003858311800783158 -0.8
-4.39 0.00037146039333226476 -0.8
-4.38 0.0003397541511578899 -0.8
-4.37 0.00033100096152538315 -0.8
-4.36 0.00032438356120710935 -0.8
-4.35 0.00034065920523991013 -0.8
-4.34 0.0003765856719368687 -0.8
-4.33 0.0004072651901126025 -0.8
-4.32 0.00045399849704871425 -0.8
-4.31 0.000468696489285221 -0.8
-4.3 0.0004732596654306873 -0.8
-4.29 0.0004631248151274019 -0.8
-4.28 0.00042697179560157497 -0.8
-4.27 0.0004164776265556754 -0.8
-4.26 0.0004042837755704033 -0.8
-4.25 0.0004233228496947604 -0.8
-4.24 0.0004688350367024568 -0.8
-4.23 0.0005009965009238639 -0.8
-4.22 0.0005482362217680164 -0.8
-4.21 0.0005542236885851607 -0.8
-4.2 0.0005345518581494138 -0.8
-4.1899999999999995 0.0005203911141111535 -0.8
-4.18 0.00048442086994779425 -0.8
-4.17 0.0004940852036164965 -0.8
-4.16 0.0005293759944958651 -0.8
-4.15 0.0005648889264589718 -0.8
-4.14 0.0006263490390707859 -0.8
-4.13 0.0006356018730488361 -0.8
-4.12 0.000615104813325304 -0.8
-4.11 0.0006020970713418322 -0.8
-4.1 0.0005658018117267442 -0.8
-4.09 0.0005850276428561704 -0.8
-4.08 0.00064337932501195 -0.8
-4.07 0.0006774919884862899 -0.8
-4.06 0.0007242541035113231 -0.8
-4.05 0.0007196337685759546 -0.8
-4.04 0.0006653731997326528 -0.8
-4.03 0.000666222497981931 -0.8
-4.02 0.0006838331281402537 -0.8
-4.01 0.000723553791008326 -0.8
-4.0 0.0008064672241826086 -0.8
-3.99 0.0008120698250738368 -0.8
-3.98 0.0007648007242846706 -0.8
-3.9699999999999998 0.0007619704028723199 -0.8
-3.96 0.000761900965293256 -0.8
-3.95 0.0008035466877787897 -0.8
-3.94 0.0009013092235320768 -0.8
-3.9299999999999997 0.0009047595068971769 -0.8
-3.92 0.0008402000035032764 -0.8
-3.91 0.0008472376891034386 -0.8
-3.9 0.0008817098290053995 -0.8
-3.8899999999999997 0.0009230978230627255 -0.8
-3.88 0.0010014052296760494 -0.8
-3.87 0.0009927606472321753 -0.8
-3.86 0.0008985582202569188 -0.8
-3.8499999999999996 0.0009390637380446191 -0.8
-3.84 0.001084283144937775 -0.8
-3.83 0.0010894530452523385 -0.8
-3.8200000000000003 0.0009984754007289882 -0.8
-3.81 0.001024992443086683 -0.8
-3.8 0.0011259625172606348 -0.8
-3.79 0.0011439200523956146 -0.8
-3.7800000000000002 0.0011129749690184595 -0.8
-3.77 0.0011349679121355218 -0.8
-3.76 0.0011867750594820614 -0.8
-3.75 0.0012093699470518715 -0.8
-3.74 0.001216593898988379 -0.8
-3.73 0.0012395351337855017 -0.8
-3.7199999999999998 0.0012707256478083368 -0.8
-3.71 0.0012951336871465803 -0.8
-3.7 0.0013164486166090722 -0.8
-3.69 0.001341411633719672 -0.8
-3.6799999999999997 0.001368359227460302 -0.8
-3.67 0.0013944928423115944 -0.8
-3.66 0.001420526700740131 -0.8
-3.65 0.0014475659864855634 -0.8
-3.6399999999999997 0.0014753428208264955 -0.8
-3.63 0.001503465079242271 -0.8
-3.62 0.001532045249021115 -0.8
-3.61 0.0015612326094977106 -0.8
-3.5999999999999996 0.0015910019258431674 -0.8
-3.59 0.001621318269878294 -0.8
-3.58 0.0016522041504322383 -0.8
-3.5700000000000003 0.0016836847109246383 -0.8
-3.56 0.0017157675213046854 -0.8
-3.55 0.0017484598364146365 -0.8
-3.54 0.001781774381696285 -0.8
-3.5300000000000002 0.0018157242006546798 -0.8
-3.52 0.001850321084744683 -0.8
-3.51 0.0018855770441168155 -0.8
-3.5 0.0019215047208378105 -0.8
-3.49 0.0019581169957285194 -0.8
-3.48 0.0019954268915158596 -0.8
-3.4699999999999998 0.0020334476804816978 -0.8
-3.46 0.0020721929132608958 -0.8
-3.45 0.0021116763981354216 -0.8
-3.44 0.0021519122004832266 -0.8
-3.4299999999999997 0.0021929146538545463 -0.8
-3.42 0.0022346983662719032 -0.8
-3.41 0.0022772782240505864 -0.8
-3.4 0.002320669396851651 -0.8
-3.3899999999999997 0.002364887343392561 -0.8
-3.38 0.0024099478170010523 -0.8
-3.37 0.002455866871166108 -0.8
-3.36 0.0025026608652457365 -0.8
-3.3499999999999996 0.0025503464703105307 -0.8
-3.34 0.0025989406750829393 -0.8
-3.33 0.002648460791987145 -0.8
-3.3200000000000003 0.0026989244633179453 -0.8
-3.31 0.002750349667525712 -0.8
-3.3 0.0028027547256206193 -0.8
-3.29 0.0028561583077024648 -0.8
-3.2800000000000002 0.002910579439608328 -0.8
-3.27 0.002966037509694482 -0.8
-3.26 0.003022552275741911 -0.8
-3.25 0.0030801438719942004 -0.8
-3.24 0.0031388328163345827 -0.8
-3.23 0.003198640017591046 -0.8
-3.2199999999999998 0.003259586782988329 -0.8
-3.21 0.003321694825738702 -0.8
-3.2 0.003384986272776108 -0.8
-3.19 0.0034494836726415854 -0.8
-3.1799999999999997 0.0035152100035144695 -0.8
-3.17 0.0035821886813990705 -0.8
-3.16 0.003650443568467526 -0.8
-3.15 0.0037199989815619753 -0.8
-3.1399999999999997 0.0037908797008553677 -0.8
-3.13 0.003863110978681933 -0.8
-3.12 0.0039367185485325975 -0.8
-3.11 0.004011728634223129 -0.8
-3.0999999999999996 0.004088167959237458 -0.8
-3.09 0.00416606375624677 -0.8
-3.08 0.004245443776813478 -0.8
-3.0700000000000003 0.0043263363012769574 -0.8
-3.06 0.004408770148829306 -0.8
-3.05 0.00449277468778186 -0.8
-3.04 0.004578379846028213 -0.8
-3.0300000000000002 0.0046656161217080916 -0.8
-3.02 0.004754514594071575 -0.8
-3.01 0.004845106934550239 -0.8
-3.0 0.004937425418043517 -0.8
-2.9899999999999998 0.005031502934414688 -0.8
-2.98 0.005127373000209575 -0.8
-2.9699999999999998 0.005225069770596612 -0.8
-2.96 0.005324628051535229 -0.8
-2.95 0.005426083312177448 -0.8
-2.94 0.005529471697502148 -0.8
-2.93 0.005634830041193711 -0.8
-2.92 0.005742195878764167 -0.8
-2.91 0.005851607460925379 -0.8
-2.9 0.0059631037672169184 -0.8
-2.89 0.006076724519893824 -0.8
-2.88 0.006192510198076411 -0.8
-2.87 0.006310502052173182 -0.8
-2.86 0.006430742118575346 -0.8
-2.85 0.006553273234636648 -0.8
-2.84 0.006678139053928299 -0.8
-2.83 0.006805384061798101 -0.8
-2.82 0.006935053591213875 -0.8
-2.81 0.007067193838918811 -0.8
-2.8 0.007201851881883559 -0.8
-2.79 0.0073390756940846305 -0.8
-2.78 0.0074789141635903875 -0.8
-2.77 0.007621417109983202 -0.8
-2.76 0.007766635302103672 -0.8
-2.75 0.007914620476140428 -0.8
-2.7399999999999998 0.008065425354061817 -0.8
-2.73 0.008219103662399014 -0.8
-2.7199999999999998 0.008375710151386107 -0.8
-2.71 0.008535300614466628 -0.8
-2.6999999999999997 0.008697931908167566 -0.8
-2.69 0.008863661972361301 -0.8
-2.68 0.009032549850904058 -0.8
-2.67 0.009204655712668918 -0.8
-2.66 0.009380040872987171 -0.8
-2.65 0.009558767815487547 -0.8
-2.64 0.009740900214361404 -0.8
-2.63 0.009926502957044668 -0.8
-2.62 0.01011564216733853 -0.8
-2.61 0.010308385228961377 -0.8
-2.6 0.010504800809556432 -0.8
-2.59 0.010704958885161752 -0.8
-2.58 0.010908930765152675 -0.8
-2.57 0.01111678911759011 -0.8
-2.56 0.011328607995124996 -0.8
-2.55 0.011544462861525308 -0.8
-2.54 0.011764430618590862 -0.8
-2.53 0.011988589632867882 -0.8
-2.52 0.012217019763519013 -0.8
-2.51 0.012449802393486527 -0.8
-2.5 0.012687020458588919 -0.8
-2.4899999999999998 0.012928758466690699 -0.8
-2.48 0.013175102527830721 -0.8
-2.4699999999999998 0.013426140422678553 -0.8
-2.46 0.013681961632341682 -0.8
-2.4499999999999997 0.013942657239250186 -0.8
-2.44 0.014208319969696194 -0.8
-2.43 0.014479044657883824 -0.8
-2.42 0.014754928229913823 -0.8
-2.41 0.01503606839583338 -0.8
-2.4 0.015322563892020852 -0.8
-2.39 0.015614518462226142 -0.8
-2.38 0.015912040127234676 -0.8
-2.37 0.016215230319459917 -0.8
-2.36 0.016524186483990302 -0.8
-2.35 0.016839030317811036 -0.8
-2.34 0.017159899993633078 -0.8
-2.33 0.017486882288782812 -0.8
-2.32 0.017820034412291116 -0.8
-2.31 0.018159535260412137 -0.8
-2.3 0.018505630001118805 -0.8
-2.29 0.01885832158926023 -0.8
-2.28 0.019217499143253703 -0.8
-2.27 0.01958350760955245 -0.8
-2.26 0.01995688002101766 -0.8
-2.25 0.020337403795592054 -0.8
-2.2399999999999998 0.020724618026316866 -0.8
-2.23 0.021119129538584924 -0.8
-2.2199999999999998 0.021521809362110244 -0.8
-2.21 0.021932300492754537 -0.8
-2.1999999999999997 0.022350102083665547 -0.8
-2.19 0.022775681450293336 -0.8
-2.18 0.023209367874632663 -0.8
-2.17 0.02365147551777615 -0.8
-2.16 0.02410286262069225 -0.8
-2.15 0.02456284479648671 -0.8
-2.14 0.025029910996761728 -0.8
-2.13 0.025505613332931745 -0.8
-2.12 0.025992204528129788 -0.8
-2.11 0.026488569581266424 -0.8
-2.1 0.0269935672834941 -0.8
-2.09 0.02750772031286117 -0.8
-2.08 0.028030758779654576 -0.8
-2.07 0.028563801648001205 -0.8
-2.06 0.02910898866469189 -0.8
-2.05 0.029665075496026094 -0.8
-2.04 0.03023059657380467 -0.8
-2.03 0.030806281180981387 -0.8
-2.02 0.03139196873535706 -0.8
-2.01 0.03198882913133188 -0.8
-2.0 0.032599032703679566 -0.8
-1.9899999999999998 0.033221527476581275 -0.8
-1.98 0.033855476268777725 -0.8
-1.9699999999999998 0.034501020676334884 -0.8
-1.96 0.03515715339417821 -0.8
-1.9499999999999997 0.03582536580594345 -0.8
-1.94 0.03650752206762015 -0.8
-1.9299999999999997 0.03720337930915224 -0.8
-1.92 0.037913697376487095 -0.8
-1.9100000000000001 0.03863773084332258 -0.8
-1.9 0.03937408461340116 -0.8
-1.8900000000000001 0.04012371316143149 -0.8
-1.88 0.04088674707042423 -0.8
-1.87 0.04166425280507064 -0.8
-1.8599999999999999 0.04245800380597159 -0.8
-1.85 0.04326761981059073 -0.8
-1.8399999999999999 0.044093485677421884 -0.8
-1.83 0.04493518473625657 -0.8
-1.8199999999999998 0.04579172727600999 -0.8
-1.81 0.04666390810219172 -0.8
-1.7999999999999998 0.04755176096802649 -0.8
-1.79 0.04845629004023092 -0.8
-1.7799999999999998 0.04937882336117614 -0.8
-1.77 0.05031947028172522 -0.8
-1.7599999999999998 0.05127909015667257 -0.8
-1.75 0.05225740785728761 -0.8
-1.7399999999999998 0.05325417965009015 -0.8
-1.73 0.054269687252498096 -0.8
-1.7199999999999998 0.05530365342666639 -0.8
-1.71 0.0563568618506407 -0.8
-1.6999999999999997 0.057429808102261594 -0.8
-1.69 0.05852312084853302 -0.8
-1.6799999999999997 0.05963766176000947 -0.8
-1.67 0.060773690876985545 -0.8
-1.6600000000000001 0.061931769801657384 -0.8
-1.65 0.06311211943340543 -0.8
-1.6400000000000001 0.0643150047220797 -0.8
-1.63 0.06554085316130163 -0.8
-1.62 0.06679003322082853 -0.8
-1.6099999999999999 0.06806304688308988 -0.8
-1.6 0.06936045740969585 -0.8
-1.5899999999999999 0.07068263807348449 -0.8
-1.58 0.07203004301769914 -0.8
-1.5699999999999998 0.07340298396861761 -0.8
-1.56 0.07480160435568306 -0.8
-1.5499999999999998 0.07622642035353398 -0.8
-1.54 0.07767751060872392 -0.8
-1.5299999999999998 0.07915572491825523 -0.8
-1.52 0.08066156229615756 -0.8
-1.5099999999999998 0.08219601151768476 -0.8
-1.5 0.08376022751414003 -0.8
-1.4899999999999998 0.08535496249667444 -0.8
-1.48 0.08698174788553131 -0.8
-1.4699999999999998 0.08864085213180765 -0.8
-1.46 0.09033356038833744 -0.8
-1.4499999999999997 0.09205973915892576 -0.8
-1.44 0.09381988680475271 -0.8
-1.4299999999999997 0.09561383615728668 -0.8
-1.42 0.09744118678622408 -0.8
-1.4100000000000001 0.09930217307172334 -0.8
-1.4 0.10119587359680479 -0.8
-1.3900000000000001 0.10312319381134219 -0.8
-1.38 0.1050833528444781 -0.8
-1.37 0.10707791473333053 -0.8
-1.3599999999999999 0.10910687258292812 -0.8
-1.35 0.11117218590413999 -0.8
-1.3399999999999999 0.11327497983010677 -0.8
-1.33 0.11541722377313834 -0.8
-1.3199999999999998 0.11760116437750717 -0.8
-1.31 0.11982841877836303 -0.8
-1.2999999999999998 0.12210203172926397 -0.8
-1.29 0.12442303236923054 -0.8
-1.2799999999999998 0.12679476870290068 -0.8
-1.27 0.12921761002912485 -0.8
-1.2599999999999998 0.1316946952623161 -0.8
-1.25 0.1342258067437235 -0.8
-1.2399999999999998 0.13681345983173143 -0.8
-1.23 0.13945701645911104 -0.8
-1.2199999999999998 0.1421581089873761 -0.8
-1.21 0.14491588130449348 -0.8
-1.1999999999999997 0.14773098274587576 -0.8
-1.19 0.15060252987050124 -0.8
-1.1799999999999997 0.15353021805823788 -0.8
-1.17 0.15651328593467853 -0.8
-1.1600000000000001 0.15955058788445592 -0.8
-1.15 0.16264158055285807 -0.8
-1.1400000000000001 0.16578442929858198 -0.8
-1.13 0.16897885228749002 -0.8
-1.12 0.17222248100705043 -0.8
-1.1099999999999999 0.17551529467377802 -0.8
-1.1 0.17885452554350137 -0.8
-1.0899999999999999 0.18224038051971825 -0.8
-1.08 0.1856697945330249 -0.8
-1.0699999999999998 0.18914314623185569 -0.8
-1.06 0.19265713926755942 -0.8
-1.0499999999999998 0.19621225330832598 0
-1.04 0.1998366754893571 0
-1.0299999999999998 0.20353206732727458 0
-1.02 0.20729592953609655 0
-1.0099999999999998 0.21112990024101644 0
-1.0 0.21503132600529176 -0.8
-0.9900000000000002 0.2189670009886495 -0.8
-0.9799999999999995 0.22293283331925903 -0.8
-0.9699999999999998 0.22692881612555169 -0.8
-0.96 0.23095064632420825 -0.8
-0.9500000000000002 0.2349979361487812 -0.8
-0.9399999999999995 0.2390661978648524 -0.8
-0.9299999999999997 0.2431545533382395 -0.8
-0.9199999999999999 0.24725839838668193 -0.8
-0.9100000000000001 0.25137626356983284 -0.8
-0.9000000000000004 0.2555035522740367 -0.8
-0.8899999999999997 0.2596381269621215 -0.8
-0.8799999999999999 0.2637755872925296 -0.8
-0.8700000000000001 0.2679130970610657 -0.8
-0.8600000000000003 0.27204670364304057 -0.8
-0.8499999999999996 0.27617291457241533 -0.8
-0.8399999999999999 0.2802885197051 -0.8
-0.8300000000000001 0.28438951214119657 -0.8
-0.8200000000000003 0.28847371949229944 -0.8
-0.8099999999999996 0.2925368788423865 -0.8
-0.7999999999999998 0.2965780833946844 -0.8
-0.79 0.30059318461654816 -0.8
-0.7800000000000002 0.30458261558626654 -0.8
-0.7699999999999996 0.3085427849329018 -0.8
-0.7599999999999998 0.31247530202605006 -0.8
-0.75 0.31637756518197424 -0.8
-0.7400000000000002 0.3202519099652318 -0.8
-0.7299999999999995 0.32409702663808415 -0.8
-0.7199999999999998 0.3279152687585493 -0.8
-0.71 0.33170666053726644 -0.8
-0.7000000000000002 0.33547274483181433 -0.8
-0.6899999999999995 0.33921457243208236 -0.8
-0.6799999999999997 0.34293217045450464 -0.8
-0.6699999999999999 0.3466269735607347 -0.8
-0.6600000000000001 0.35029720053890584 -0.8
-0.6499999999999995 0.3539438530863897 -0.8
-0.6399999999999997 0.3575636703428074 -0.8
-0.6299999999999999 0.36115652358788347 -0.8
-0.6200000000000001 0.36471860283930313 -0.8
-0.6100000000000003 0.3682483938590877 -0.8
-0.5999999999999996 0.37174273789508067 -0.8
-0.5899999999999999 0.3751991005621097 -0.8
-0.5800000000000001 0.37861588099691135 -0.8
-0.5700000000000003 0.3819903836310494 -0.8
-0.5599999999999996 0.3853226652337492 -0.8
-0.5499999999999998 0.3886107762547686 -0.8
-0.54 0.39185562627595444 -0.8
-0.5300000000000002 0.39505642537497443 -0.8
-0.5199999999999996 0.3982137243734664 -0.8
-0.5099999999999998 0.4013275554326771 -0.8
-0.5 0.4043973290563061 -0.8
-0.4900000000000002 0.4074230983329954 -0.8
-0.47999999999999954 0.410403317472492 -0.8
-0.46999999999999975 0.4133374627786291 -0.8
-0.45999999999999996 0.41622388950122685 -0.8
-0.4500000000000002 0.4190615650956395 -0.8
-0.4399999999999995 0.4218493651271251 -0.8
-0.4299999999999997 0.42458624490484675 -0.8
-0.41999999999999993 0.42727141401454083 -0.8
-0.41000000000000014 0.4299040385768688 -0.8
-0.39999999999999947 0.4324831873672832 -0.8
-0.3899999999999997 0.43500792871763094 -0.8
-0.3799999999999999 0.43747739845308314 -0.8
-0.3700000000000001 0.4398903857506298 -0.8
-0.3600000000000003 0.44224685198310726 -0.8
-0.34999999999999964 0.44454595138188113 -0.8
-0.33999999999999986 0.44678824185232785 -0.8
-0.33000000000000007 0.44897391645007007 -0.8
-0.3200000000000003 0.4511024618446627 -0.8
-0.3099999999999996 0.45317447586561704 -0.8
-0.2999999999999998 0.45518738249752 -0.8
-0.29000000000000004 0.45714006602985674 -0.8
-0.28000000000000025 0.4590305705148122 -0.8
-0.2699999999999996 0.46085674686844963 -0.8
-0.2599999999999998 0.4626194891384943 -0.8
-0.25 0.4643170902643889 -0.8
-0.2400000000000002 0.46595270668415406 -0.8
-0.22999999999999954 0.4675294225673264 -0.8
-0.21999999999999975 0.4690445866576212 -0.8
-0.20999999999999996 0.4704971835325426 -0.8
-0.20000000000000018 0.4718845404974829 -0.8
-0.1899999999999995 0.4732068660086225 -0.8
-0.17999999999999972 0.47446177335160383 -0.8
-0.16999999999999993 0.47564290786645413 -0.8
-0.16000000000000014 0.4767575971460848 -0.8
-0.14999999999999947 0.4778118361047566 -0.8
-0.13999999999999968 0.47880290174194123 -0.8
-0.1299999999999999 0.47973164692511533 -0.8
-0.1200000000000001 0.48059166622797406 -0.8
-0.11000000000000032 0.48137629706240764 -0.8
-0.09999999999999964 0.4820908085941424 -0.8
-0.08999999999999986 0.48274035419285866 -0.8
-0.08000000000000007 0.48332451968968354 -0.8
-0.07000000000000028 0.48383894260613697 -0.8
-0.05999999999999961 0.4842846083715532 -0.8
-0.04999999999999982 0.4846668128093846 -0.8
-0.040000000000000036 0.48497981703855386 -0.8
-0.03000000000000025 0.4852202148008222 -0.8
-0.019999999999999574 0.48539161303688294 -0.8
-0.009999999999999787 0.48548989541967835 -0.8
0.0 0.48551967460802636 -0.8
0.009999999999999787 0.48548989541852405 -0.8
0.020000000000000462 0.4853916130358844 -0.8
0.03000000000000025 0.4852202148008584 -0.8
0.040000000000000036 0.48497981703941484 -0.8
0.04999999999999982 0.48466681281050394 -0.8
0.0600000000000005 0.4842846083719122 -0.8
0.07000000000000028 0.4838389426051962 -0.8
0.08000000000000007 0.48332451968831647 -0.8
0.08999999999999986 0.48274035419249656 -0.8
0.10000000000000053 0.4820908085945337 -0.8
0.11000000000000032 0.481376297063161 -0.8
0.1200000000000001 0.4805916662293827 -0.8
0.1299999999999999 0.4797316469257919 -0.8
0.13999999999999968 0.47880290174067336 -0.8
0.15000000000000036 0.47781183610313405 -0.8
0.16000000000000014 0.47675759714551935 -0.8
0.16999999999999993 0.47564290786634034 -0.8
0.17999999999999972 0.47446177335210166 -0.8
0.1900000000000004 0.4732068660100652 -0.8
0.20000000000000018 0.4718845404991795 -0.8
0.20999999999999996 0.47049718353303804 -0.8
0.21999999999999975 0.4690445866564898 -0.8
0.23000000000000043 0.4675294225655039 -0.8
0.2400000000000002 0.465952706682565 -0.8
0.25 0.4643170902635994 -0.8
0.2599999999999998 0.4626194891389862 -0.8
0.27000000000000046 0.4608567468701307 -0.8
0.28000000000000025 0.45903057051697116 -0.8
0.29000000000000004 0.45714006603148966 -0.8
0.2999999999999998 0.4551873824978846 -0.8
0.3100000000000005 0.4531744758644963 -0.8
0.3200000000000003 0.4511024618424792 -0.8
0.33000000000000007 0.44897391644761336 -0.8
0.33999999999999986 0.44678824185054755 -0.8
0.35000000000000053 0.44454595138146585 -0.8
0.3600000000000003 0.44224685198420954 -0.8
0.3700000000000001 0.439890385752982 -0.8
0.3799999999999999 0.4374773984558997 -0.8
0.3899999999999997 0.43500792872004196 -0.8
0.40000000000000036 0.43248318736849317 -0.8
0.41000000000000014 0.429904038576505 -0.8
0.41999999999999993 0.42727141401260915 -0.8
0.4299999999999997 0.42458624490184776 -0.8
0.4400000000000004 0.4218493651238935 -0.8
0.4500000000000002 0.4190615650929675 -0.8
0.45999999999999996 0.4162238894998118 -0.8
0.46999999999999975 0.41333746277893085 -0.8
0.4800000000000004 0.41040331747440906 -0.8
0.4900000000000002 0.4074230983361838 -0.8
0.5 0.4043973290600769 -0.8
0.5099999999999998 0.4013275554362801 -0.8
0.5200000000000005 0.39821372437622665 -0.8
0.5300000000000002 0.39505642537619934 -0.8
0.54 0.39185562627554704 -0.8
0.5499999999999998 0.3886107762526087 -0.8
0.5600000000000005 0.38532266523023334 -0.8
0.5700000000000003 0.3819903836266947 -0.8
0.5800000000000001 0.37861588099233223 -0.8
0.5899999999999999 0.37519910055809386 -0.8
0.6000000000000005 0.3717427378920891 -0.8
0.6100000000000003 0.3682483938576197 -0.8
0.6200000000000001 0.3647186028395307 -0.8
0.6299999999999999 0.36115652358992323 -0.8
0.6399999999999997 0.3575636703463331 -0.8
0.6500000000000004 0.3539438530912156 -0.8
0.6600000000000001 0.3502972005444205 -0.8
0.6699999999999999 0.3466269735665155 -0.8
0.6799999999999997 0.3429321704599029 -0.8
0.6900000000000004 0.33921457243664 -0.8
0.7000000000000002 0.3354727448351605 -0.8
0.71 0.3317066605390499 -0.8
0.7199999999999998 0.32791526875862165 -0.8
0.7300000000000004 0.3240970266363804 -0.8
0.7400000000000002 0.32025190996182634 -0.8
0.75 0.31637756517698296 -0.8
0.7599999999999998 0.3124753020197886 -0.8
0.7700000000000005 0.30854278492562465 -0.8
0.7800000000000002 0.30458261557835226 -0.8
0.79 0.3005931846083403 -0.8
0.7999999999999998 0.29657808338650077 -0.8
0.8100000000000005 0.29253687883458357 -0.8
0.8200000000000003 0.28847371948518463 -0.8
0.8300000000000001 0.28438951213504465 -0.8
0.8399999999999999 0.28028851970012353 -0.8
0.8500000000000005 0.2761729145687739 -0.8
0.8600000000000003 0.27204670364090644 -0.8
0.8700000000000001 0.26791309706049493 -0.8
0.8799999999999999 0.2637755872936089 -0.8
0.8899999999999997 0.25963812696484373 -0.8
0.9000000000000004 0.255503552278424 -0.8
0.9100000000000001 0.2513762635758744 -0.8
0.9199999999999999 0.2472583983942905 -0.8
0.9299999999999997 0.24315455334741395 -0.8
0.9400000000000004 0.23906619787552638 -0.8
0.9500000000000002 0.2349979361608907 -0.8
0.96 0.2309506463376895 -0.8
0.9699999999999998 0.22692881614035543 -0.8
0.9800000000000004 0.2229328333352784 -0.8
0.9900000000000002 0.2189670010058712 -0.8
1.0 0.21503132602365363 -0.8
1.0099999999999998 0.21112990025621775 0
1.0200000000000005 0.20729592954401796 0
1.0300000000000002 0.2035320673280413 0
1.04 0.19983667548309 0
1.0499999999999998 0.19621225329517766 0
1.0600000000000005 0.19265713925157113 -0.8
1.0700000000000003 0.18914314621693729 -0.8
1.08 0.1856697945191885 -0.8
1.0899999999999999 0.18224038050698382 -0.8
1.1000000000000005 0.17885452553191472 -0.8
1.1100000000000003 0.17551529466337265 -0.8
1.12 0.1722224809978378 -0.8
1.13 0.16897885227948456 -0.8
1.1400000000000006 0.16578442929186954 -0.8
1.1500000000000004 0.1626415805474188 -0.8
1.1600000000000001 0.15955058788033252 -0.8
1.17 0.15651328593182529 -0.8
1.1799999999999997 0.15353021805667144 -0.8
1.1900000000000004 0.15060252987014988 -0.8
1.2000000000000002 0.14773098274670096 -0.8
1.21 0.1449158813064027 -0.8
1.2199999999999998 0.14215810899025863 -0.8
1.2300000000000004 0.13945701646280423 -0.8
1.2400000000000002 0.13681345983612497 -0.8
1.25 0.13422580674858345 -0.8
1.2599999999999998 0.1316946952674595 -0.8
1.2700000000000005 0.12921761003432203 -0.8
1.2800000000000002 0.12679476870791684 -0.8
1.29 0.12442303237383841 -0.8
1.2999999999999998 0.12210203173324508 -0.8
1.3100000000000005 0.11982841878157915 -0.8
1.3200000000000003 0.11760116437976961 -0.8
1.33 0.11541722377439506 -0.8
1.3399999999999999 0.11327497983029423 -0.8
1.3500000000000005 0.11117218590334105 -0.8
1.3600000000000003 0.10910687258122309 -0.8
1.37 0.10707791473093427 -0.8
1.38 0.10508335284158782 -0.8
1.3900000000000006 0.10312319380827252 -0.8
1.4000000000000004 0.10119587359383726 -0.8
1.4100000000000001 0.09930217306913433 -0.8
1.42 0.09744118678427637 -0.8
1.4299999999999997 0.09561383615613073 -0.8
1.4400000000000004 0.0938198868045055 -0.8
1.4500000000000002 0.09205973915955161 -0.8
1.46 0.09033356038972519 -0.8
1.4699999999999998 0.08864085213371482 -0.8
1.4800000000000004 0.08698174788768927 -0.8
1.4900000000000002 0.08535496249873603 -0.8
1.5 0.08376022751580482 -0.8
1.5099999999999998 0.08219601151872527 -0.8
1.5200000000000005 0.08066156229640697 -0.8
1.5300000000000002 0.07915572491775272 -0.8
1.54 0.07767751060755072 -0.8
1.5499999999999998 0.07622642035197642 -0.8
1.5600000000000005 0.0748016043540767 -0.8
1.5700000000000003 0.07340298396725439 -0.8
1.58 0.07203004301687911 -0.8
1.5899999999999999 0.07068263807333953 -0.8
1.6000000000000005 0.0693604574102513 -0.8
1.6100000000000003 0.06806304688414025 -0.8
1.62 0.06679003322211038 -0.8
1.63 0.0655408531624753 -0.8
1.6400000000000006 0.06431500472282368 -0.8
1.6500000000000004 0.06311211943357017 -0.8
1.6600000000000001 0.061931769801211685 -0.8
1.67 0.06077369087610438 -0.8
1.6799999999999997 0.059637661758969646 -0.8
1.6900000000000004 0.058523120847669696 -0.8
1.7000000000000002 0.057429808101848424 -0.8
1.71 0.056356861850788156 -0.8
1.7199999999999998 0.055303653427288366 -0.8
1.7300000000000004 0.05426968725334303 -0.8
1.7400000000000002 0.05325417965083405 -0.8
1.75 0.05225740785765639 -0.8
1.7599999999999998 0.051279090156549835 -0.8
1.7700000000000005 0.050319470281183235 -0.8
1.7800000000000002 0.04937882336047857 -0.8
1.79 0.04845629003967476 -0.8
1.7999999999999998 0.04755176096783769 -0.8
1.8100000000000005 0.046663908102455354 -0.8
1.8200000000000003 0.045791727276548615 -0.8
1.83 0.04493518473680717 -0.8
1.8399999999999999 0.04409348567771115 -0.8
1.8500000000000005 0.043267619810473515 -0.8
1.8600000000000003 0.04245800380557162 -0.8
1.87 0.04166425280459369 -0.8
1.88 0.040886747070153856 -0.8
1.8900000000000006 0.040123713161521836 -0.8
1.9000000000000004 0.03937408461372809 -0.8
1.9100000000000001 0.038637730843712394 -0.8
1.92 0.037913697376680204 -0.8
1.9299999999999997 0.03720337930901674 -0.8
1.9400000000000004 0.03650752206732365 -0.8
1.9500000000000002 0.03582536580565806 -0.8
1.96 0.0351571533940911 -0.8
1.9699999999999998 0.03450102067653906 -0.8
1.9800000000000004 0.033855476269040084 -0.8
1.9900000000000002 0.03322152747671588 -0.8
2.0 0.03259903270364088 -0.8
2.01 0.03198882913110185 -0.8
2.0200000000000005 0.031391968735183864 -0.8
2.0300000000000002 0.03080628118102868 -0.8
2.04 0.0302305965739263 -0.8
2.05 0.029665075496165295 -0.8
2.0600000000000005 0.02910898866474093 -0.8
2.0700000000000003 0.02856380164785075 -0.8
2.08 0.0280307587795451 -0.8
2.09 0.027507720312904157 -0.8
2.1000000000000005 0.026993567283539032 -0.8
2.1100000000000003 0.026488569581318518 -0.8
2.12 0.02599220452817459 -0.8
2.13 0.025505613332841858 -0.8
2.1400000000000006 0.025029910996697668 -0.8
2.1500000000000004 0.024562844796573235 -0.8
2.16 0.0241028626206948 -0.8
2.17 0.02365147551770612 -0.8
2.1799999999999997 0.023209367874707388 -0.8
2.1900000000000004 0.02277568145035512 -0.8
2.2 0.022350102083546382 -0.8
2.21 0.021932300492702225 -0.8
2.2199999999999998 0.021521809362231144 -0.8
2.2300000000000004 0.02111912953863016 -0.8
2.24 0.020724618026221185 -0.8
2.25 0.020337403795559327 -0.8
2.26 0.019956880021085414 -0.8
2.2700000000000005 0.019583507609576688 -0.8
2.2800000000000002 0.01921749914321363 -0.8
2.29 0.01885832158924539 -0.8
2.3 0.018505630001141974 -0.8
2.3100000000000005 0.018159535260420225 -0.8
2.3200000000000003 0.017820034412281218 -0.8
2.33 0.017486882288777705 -0.8
2.34 0.01715989999363787 -0.8
2.3500000000000005 0.016839030317813166 -0.8
2.3600000000000003 0.016524186483987124 -0.8
2.37 0.01621523031945916 -0.8
2.38 0.015912040127234794 -0.8
2.3900000000000006 0.01561451846222394 -0.8
2.4000000000000004 0.01532256389202115 -0.8
2.41 0.015036068395834415 -0.8
2.42 0.014754928229913162 -0.8
2.4299999999999997 0.014479044657884117 -0.8
2.4400000000000004 0.014208319969695142 -0.8
2.45 0.013942657239250743 -0.8
2.46 0.013681961632343106 -0.8
2.4699999999999998 0.013426140422679143 -0.8
2.4800000000000004 0.013175102527831738 -0.8
2.49 0.012928758466690926 -0.8
2.5 0.01268702045858932 -0.8
2.51 0.012449802393487154 -0.8
2.5200000000000005 0.01221701976351916 -0.8
2.5300000000000002 0.01198858963286776 -0.8
2.54 0.011764430618591431 -0.8
2.55 0.011544462861526267 -0.8
2.5600000000000005 0.011328607995125842 -0.8
2.5700000000000003 0.011116789117590576 -0.8
2.58 0.010908930765152595 -0.8
2.59 0.010704958885161769 -0.8
2.6000000000000005 0.010504800809555133 -0.8
2.6100000000000003 0.010308385228960422 -0.8
2.62 0.010115642167338552 -0.8
2.63 0.009926502957046236 -0.8
2.6400000000000006 0.00974090021436073 -0.8
2.6500000000000004 0.009558767815487802 -0.8
2.66 0.009380040872986915 -0.8
2.67 0.009204655712668739 -0.8
2.6799999999999997 0.009032549850904695 -0.8
2.6900000000000004 0.008863661972361924 -0.8
2.7 0.008697931908167233 -0.8
2.71 0.00853530061446608 -0.8
2.7199999999999998 0.0083757101513863 -0.8
2.7300000000000004 0.008219103662399684 -0.8
2.74 0.008065425354062256 -0.8
2.75 0.00791462047614014 -0.8
2.76 0.007766635302103985 -0.8
2.7700000000000005 0.007621417109982974 -0.8
2.7800000000000002 0.007478914163590666 -0.8
2.79 0.007339075694084502 -0.8
2.8 0.007201851881883401 -0.8
2.8100000000000005 0.0070671938389190005 -0.8
2.8200000000000003 0.006935053591214164 -0.8
2.83 0.006805384061797679 -0.8
2.84 0.006678139053928029 -0.8
2.8500000000000005 0.006553273234636702 -0.8
2.8600000000000003 0.006430742118575842 -0.8
2.87 0.006310502052172942 -0.8
2.88 0.00619251019807637 -0.8
2.8900000000000006 0.006076724519893799 -0.8
2.9000000000000004 0.0059631037672169115 -0.8
2.91 0.005851607460925245 -0.8
2.92 0.005742195878763876 -0.8
2.9300000000000006 0.005634830041193938 -0.8
2.9400000000000004 0.005529471697502355 -0.8
2.95 0.005426083312177124 -0.8
2.96 0.005324628051535356 -0.8
2.9699999999999998 0.005225069770596723 -0.8
2.9800000000000004 0.005127373000209406 -0.8
2.99 0.005031502934415135 -0.8
3.0 0.004937425418043679 -0.8
3.01 0.004845106934550421 -0.8
3.0199999999999996 0.004754514594071564 -0.8
3.0299999999999994 0.0046656161217080005 -0.8
3.040000000000001 0.0045783798460284145 -0.8
3.0500000000000007 0.004492774687781754 -0.8
3.0600000000000005 0.004408770148829148 -0.8
3.0700000000000003 0.004326336301277301 -0.8
3.08 0.0042454437768139975 -0.8
3.09 0.004166063756246888 -0.8
3.0999999999999996 0.004088167959237206 -0.8
3.1099999999999994 0.004011728634223416 -0.8
3.120000000000001 0.003936718548532509 -0.8
3.130000000000001 0.003863110978682081 -0.8
3.1400000000000006 0.003790879700855351 -0.8
3.1500000000000004 0.0037199989815619454 -0.8
3.16 0.003650443568467625 -0.8
3.17 0.0035821886813986277 -0.8
3.1799999999999997 0.0035152100035145874 -0.8
3.1899999999999995 0.003449483672641758 -0.8
3.1999999999999993 0.0033849862727764178 -0.8
3.210000000000001 0.0033216948257386715 -0.8
3.2200000000000006 0.0032595867829883322 -0.8
3.2300000000000004 0.003198640017590771 -0.8
3.24 0.0031388328163343368 -0.8
3.25 0.0030801438719944823 -0.8
3.26 0.003022552275741932 -0.8
3.2699999999999996 0.0029660375096947768 -0.8
3.2799999999999994 0.002910579439608263 -0.8
3.290000000000001 0.0028561583077023845 -0.8
3.3000000000000007 0.0028027547256207126 -0.8
3.3100000000000005 0.0027503496675256754 -0.8
3.3200000000000003 0.0026989244633181283 -0.8
3.33 0.002648460791987173 -0.8
3.34 0.002598940675082974 -0.8
3.3499999999999996 0.0025503464703105325 -0.8
3.3599999999999994 0.0025026608652449767 -0.8
3.370000000000001 0.0024558668711661927 -0.8
3.380000000000001 0.00240994781700538 -0.8
3.3900000000000006 0.0023648873433908357 -0.8
3.4000000000000004 0.0023206693968309076 -0.8
3.41 0.0022772782240596547 -0.8
3.42 0.0022346983663730914 -0.8
3.4299999999999997 0.00219291465381232 -0.8
3.4399999999999995 0.0021519122000151453 -0.8
3.4499999999999993 0.002111676398319671 -0.8
3.460000000000001 0.0020721929153469406 -0.8
3.4700000000000006 0.002033447679712302 -0.8
3.4800000000000004 0.001995426882587744 -0.8
3.49 0.001958116998801951 -0.8
3.5 0.0019215047574932952 -0.8
3.51 0.0018855770324099812 -0.8
3.5199999999999996 0.0018503209406052774 -0.8
3.5299999999999994 0.0018157242430858374 -0.8
3.540000000000001 0.0017817749237239295 -0.8
3.5500000000000007 0.0017484596904835253 -0.8
3.5600000000000005 0.0017157655754530799 -0.8
3.5700000000000003 0.0016836851855568655 -0.8
3.58 0.0016522108066079969 -0.8
3.59 0.0016213168161051002 -0.8
3.5999999999999996 0.0015909802763367606 -0.8
3.6099999999999994 0.0015612367810023647 -0.8
3.620000000000001 0.001532112045754397 -0.8
3.630000000000001 0.001503453946894685 -0.8
3.6400000000000006 0.0014751478538073805 -0.8
3.6500000000000004 0.001447593362538476 -0.8
3.66 0.0014210634559602914 -0.8
3.67 0.0013944318922044134 -0.8
3.6799999999999997 0.0013669708400361482 -0.8
3.6899999999999995 0.001341532178545653 -0.8
3.700000000000001 0.001319811115226631 -0.8
3.710000000000001 0.0012949380060339854 -0.8
3.7200000000000006 0.001263153189142444 -0.8
3.7300000000000004 0.001239774832928689 -0.8
3.74 0.0012324132360853242 -0.8
3.75 0.0012093878263859665 -0.8
3.76 0.001156593547623563 -0.8
3.7699999999999996 0.0011341815518038036 -0.8
3.7799999999999994 0.0011657162616215558 -0.8
3.790000000000001 0.0011474165642939168 -0.8
3.8000000000000007 0.0010445226101651736 -0.8
3.8100000000000005 0.0010175003130903201 -0.8
3.8200000000000003 0.0011102114421934078 -0.8
3.83 0.0011049430347937822 -0.8
3.84 0.0009569566228392313 -0.8
3.8499999999999996 0.0009156793144551522 -0.8
3.8599999999999994 0.0010116766708979346 -0.8
3.870000000000001 0.0010204859668869037 -0.8
3.880000000000001 0.0009406864939158602 -0.8
3.8900000000000006 0.000898509894591292 -0.8
3.9000000000000004 0.0008633809238541264 -0.8
3.91 0.0008562091424615423 -0.8
3.92 0.0009219987601738025 -0.8
3.9299999999999997 0.0009184827352382743 -0.8
3.9399999999999995 0.0008188574358420606 -0.8
3.950000000000001 0.000776418197343788 -0.8
3.960000000000001 0.000776488957991103 -0.8
3.9700000000000006 0.0007793732082410945 -0.8
3.9800000000000004 0.0008275429726729053 -0.8
3.99 0.0008218336200343769 -0.8
4.0 0.000737340357454425 -0.8
4.01 0.0006968628585866615 -0.8
4.02 0.000678916676157737 -0.8
4.029999999999999 0.0006780511954131944 -0.8
4.040000000000001 0.000733345643068019 -0.8
4.050000000000001 0.0007380540136869349 -0.8
4.0600000000000005 0.0006904008950949299 -0.8
4.07 0.0006556382502267337 -0.8
4.08 0.0005961747373432957 -0.8
4.09 0.0005765825779608314 -0.8
4.1 0.0006135694060741887 -0.8
4.109999999999999 0.0006268249970776928 -0.8
4.120000000000001 0.0006477126069910803 -0.8
4.130000000000001 0.0006382834698633674 -0.8
4.140000000000001 0.0005756522986020422 -0.8
4.15 0.000539462704584282 -0.8
4.16 0.0005034994843226703 -0.8
4.17 0.000493651006809582 -0.8
4.18 0.0005303066266373912 -0.8
4.1899999999999995 0.0005447371889525668 -0.8
4.200000000000001 0.0005647838456917013 -0.8
4.210000000000001 0.0005586822939069023 -0.8
4.220000000000001 0.0005105424692168419 -0.8
4.23 0.00047776820167929923 -0.8
4.24 0.0004313888271950452 -0.8
4.25 0.0004119869832782751 -0.8
4.26 0.0004244131754385632 -0.8
4.27 0.0004351072999820343 -0.8
4.279999999999999 0.00047194917776376984 -0.8
4.290000000000001 0.0004822771371170645 -0.8
4.300000000000001 0.0004776270143829452 -0.8
4.3100000000000005 0.00046264896715952745 -0.8
4.32 0.0004150252055708722 -0.8
4.33 0.00038376112102328914 -0.8
4.34 0.0003471501127992054 -0.8
4.35 0.0003305643532656094 -0.8
4.359999999999999 0.0003373078412793994 -0.8
4.370000000000001 0.00034622781385412575 -0.8
4.380000000000001 0.00037853818555924406 -0.8
4.390000000000001 0.00039318279272769913 -0.8
4.4 0.00040835866710057166 -0.8
4.41 0.000407252138405931 -0.8
4.42 0.00038439283319219146 -0.8
4.43 0.0003629032554074103 -0.8
4.4399999999999995 0.0003210382929021796 -0.8
4.450000000000001 0.00029291726971272553 -0.8
4.460000000000001 0.00026407380719142365 -0.8
4.470000000000001 0.00024917493846146355 -0.8
4.48 0.00024943409680875213 -0.8
4.49 0.0002546994774890606 -0.8
4.5 0.00027781305739518324 -0.8
4.51 0.0002934489773301025 -0.8
4.52 0.0003188592285685872 -0.8
4.529999999999999 0.0003303148196130953 -0.8
4.540000000000001 0.0003380619287085453 -0.8
4.550000000000001 0.0003361946698966738 -0.8
4.5600000000000005 0.0003200585200512065 -0.8
4.57 0.00030378064499402626 -0.8
4.58 0.0002725136486100355 -0.8
4.59 0.000247939227480403 -0.8
4.6 0.00021622554015568815 -0.8
4.609999999999999 0.00019334787751022889 -0.8
4.620000000000001 0.00017272089083822753 -0.8
4.630000000000001 0.00016002296935536687 -0.8
4.640000000000001 0.0001553429014928756 -0.8
4.65 0.0001557432776520293 -0.8
4.66 0.00016578524336008593 -0.8
4.67 0.000176549924729308 -0.8
4.68 0.00019598105634729328 -0.8
4.6899999999999995 0.0002115222918549194 -0.8
4.700000000000001 0.00023323794205107096 -0.8
4.710000000000001 0.0002480567822033821 -0.8
4.720000000000001 0.00026552687630707067 -0.8
4.73 0.0002757573421310199 -0.8
4.74 0.0002847573338049711 -0.8
4.75 0.0002884296643094243 -0.8
4.76 0.000287624668818972 -0.8
4.77 0.0002843492652031157 -0.8
4.779999999999999 0.00027479688293322545 -0.8
4.790000000000001 0.00026533128364126325 -0.8
4.800000000000001 0.000249444114920047 -0.8
4.8100000000000005 0.00023527332850523322 -0.8
4.82 0.00021581183422516412 -0.8
4.83 0.00019875240478480605 -0.8
4.84 0.00017815803035409002 -0.8
4.85 0.0001600124624957009 -0.8
4.859999999999999 0.0001401174430703733 -0.8
4.870000000000001 0.00012242520748656646 -0.8
4.880000000000001 0.0001044302480329558 -0.8
4.890000000000001 8.834179662753743e-05 -0.8
4.9 7.29294579274012e-05 -0.8
4.91 5.919281538960231e-05 -0.8
4.92 4.6680645593295356e-05 -0.8
4.93 3.5704492180603845e-05 -0.8
4.9399999999999995 2.6186941202524016e-05 -0.8
4.950000000000001 1.813868339938035e-05 -0.8
4.960000000000001 1.159864830649749e-05 -0.8
4.970000000000001 6.5047598019959466e-06 -0.8
4.98 2.8919233901147943e-06 -0.8
4.99 7.211398466310592e-07 -0.8
