-5.0 1.8675502290676845e-05 0
-4.99 6.89089790867937e-05 0
-4.98 0.0001833825626380204 0
-4.97 0.00019998769675957703 0
-4.96 0.00012872061774543857 0
-4.95 0.00011329900546291182 0
-4.94 0.00012565250025413127 0
-4.93 0.00013015556545777283 0
-4.92 0.00013181614944359578 0
-4.91 0.00013418431774441203 0
-4.9 0.000136779724729764 0
-4.89 0.00013939184046649354 0
-4.88 0.00014204657820723 0
-4.87 0.00014475296154753498 0
-4.86 0.00014751110708001761 0
-4.85 0.0001503217815323461 0
-4.84 0.00015318600656285302 0
-4.83 0.00015610480685978277 0
-4.82 0.0001590792219269694 0
-4.81 0.00016211031137962586 0
-4.8 0.00016519915509485736 0
-4.79 0.00016834685352113833 0
-4.78 0.00017155452807370307 0
-4.77 0.00017482332153524323 0
-4.76 0.00017815439846303544 0
-4.75 0.00018154894560438133 0
-4.74 0.00018500817231820274 0
-4.73 0.00018853331100595483 0
-4.72 0.00019212561755251295 0
-4.71 0.00019578637177162126 0
-4.7 0.00019951687786267023 0
-4.69 0.0002033184648747705 0
-4.68 0.0002071924871818358 0
-4.67 0.0002111403249625059 0
-4.66 0.0002151633846943563 0
-4.65 0.0002192630996534955 0
-4.64 0.0002234409304258943 0
-4.63 0.00022769836542679042 0
-4.62 0.00023203692143261914 0
-4.61 0.000236458144120186 0
-4.6 0.00024096360861655688 0
-4.59 0.00024555492006203534 0
-4.58 0.00025023371418189016 0
-4.57 0.0002550016578671029 0
-4.56 0.00025986044976994166 0
-4.55 0.0002648118209090936 0
-4.54 0.0002698575352858919 0
-4.53 0.00027499939051278335 0
-4.52 0.000280239218454075 0
-4.51 0.0002855788858780522 0
-4.5 0.0002910202951218343 0
-4.49 0.0002965653847710606 0
-4.48 0.00030221613034789975 0
-4.47 0.00030797454501632876 0
-4.46 0.0003138426802985967 0
-4.45 0.00031982262680753837 0
-4.4399999999999995 0.0003259165149904048 0
-4.43 0.0003321265158878335 0
-4.42 0.00033845484190596147 0
-4.41 0.0003449037476077659 0
-4.4 0.0003514755305137672 0
-4.39 0.0003581725319220508 0
-4.38 0.00036499713774077407 0
-4.37 0.00037195177933895104 0
-4.36 0.000379038934413828 0
-4.35 0.0003862611278722671 0
-4.34 0.00039362093273113746 0
-4.33 0.00040112097103203157 0
-4.32 0.00040876391477719586 0
-4.31 0.000416552486883769 0
-4.3 0.0004244894621464528 0
-4.29 0.00043257766823418187 0
-4.28 0.0004408199866934915 0
-4.27 0.00044921935397579236 0
-4.26 0.0004577787624829425 0
-4.25 0.000466501261634467 0
-4.24 0.00047538995895394 0
-4.23 0.0004844480211747812 0
-4.22 0.0004936786753687917 0
-4.21 0.0005030852100975461 0
-4.2 0.000512670976581747 0
-4.1899999999999995 0.0005224393898957045 0
-4.18 0.0005323939301864101 0
-4.17 0.0005425381439099664 0
-4.16 0.000552875645095788 0
-4.15 0.0005634101166369784 0
-4.14 0.0005741453115990635 0
-4.13 0.000585085054557489 0
-4.12 0.0005962332429628446 0
-4.11 0.0006075938485273868 0
-4.1 0.0006191709186381353 0
-4.09 0.0006309685778027444 0
-4.08 0.0006429910291175072 0
-4.07 0.0006552425557629996 0
-4.06 0.0006677275225313604 0
-4.05 0.0006804503773823899 0
-4.04 0.0006934156530263811 0
-4.03 0.0007066279685411298 0
-4.02 0.0007200920310121178 0
-4.01 0.0007338126372194096 0
-4.0 0.0007477946753353563 0
-3.99 0.0007620431266747132 0
-3.98 0.0007765630674648327 0
-3.9699999999999998 0.0007913596706557169 0
-3.96 0.0008064382077611968 0
-3.95 0.0008218040507393814 0
-3.94 0.0008374626739069696 0
-3.9299999999999997 0.000853419655885489 0
-3.92 0.0008696806815924482 0
-3.91 0.0008862515442647213 0
-3.9 0.0009031381475255886 0
-3.8899999999999997 0.0009203465074840242 0
-3.88 0.0009378827548791033 0
-3.87 0.0009557531372653211 0
-3.86 0.00097396402123838 0
-3.8499999999999996 0.0009925218947049227 0
-3.84 0.0010114333691855343 0
-3.83 0.0010307051821852582 0
-3.8200000000000003 0.0010503441995751382 0
-3.81 0.0010703574180572586 0
-3.8 0.0010907519676452058 0
-3.79 0.0011115351142055368 0
-3.7800000000000002 0.0011327142620507393 0
-3.77 0.0011542969565731614 0
-3.76 0.0011762908869401483 0
-3.75 0.0011987038888201915 0
-3.74 0.0012215439471860785 0
-3.73 0.001244819199155877 0
-3.7199999999999998 0.0012685379368911236 0
-3.71 0.001292708610557191 0
-3.7 0.0013173398313206834 0
-3.69 0.0013424403744288211 0
-3.6799999999999997 0.0013680191823309713 0
-3.67 0.0013940853678685405 0
-3.66 0.0014206482175139717 0
-3.65 0.0014477171946875086 0
-3.6399999999999997 0.0014753019431258526 0
-3.63 0.0015034122903134807 0
-3.62 0.0015320582509864254 0
-3.61 0.0015612500307065984 0
-3.5999999999999996 0.001590998029488941 0
-3.59 0.0016213128455092503 0
-3.58 0.0016522052788827044 0
-3.5700000000000003 0.0016836863355081445 0
-3.56 0.0017157672309920126 0
-3.55 0.0017484593946381637 0
-3.54 0.0017817744735319995 0
-3.5300000000000002 0.0018157243366710176 0
-3.52 0.001850321079211318 0
-3.51 0.001885577026774042 0
-3.5 0.0019215047398210147 0
-3.49 0.0019581170181436395 0
-3.48 0.00199542690543096 0
-3.4699999999999998 0.0020334476938947054 0
-3.46 0.0020721929290153577 0
-3.45 0.002111676414369686 0
-3.44 0.002151912216561242 0
-3.4299999999999997 0.0021929146701978063 0
-3.42 0.0022346983830253703 0
-3.41 0.0022772782411313495 0
-3.4 0.0023206694142392814 0
-3.3899999999999997 0.002364887361109485 0
-3.38 0.002409947835058081 0
-3.37 0.002455866889567532 0
-3.36 0.0025026608839987096 0
-3.3499999999999996 0.002550346489421015 0
-3.34 0.002598940694557532 0
-3.33 0.0026484608118322963 0
-3.3200000000000003 0.002698924483538052 0
-3.31 0.0027503496881334496 0
-3.3 0.002802754746622437 0
-3.29 0.002856158329103275 0
-3.2800000000000002 0.00291057946141631 0
-3.27 0.002966037531919014 0
-3.26 0.003022552298388408 0
-3.25 0.0030801438950755267 0
-3.24 0.0031388328398550954 0
-3.23 0.0031986400415586268 0
-3.2199999999999998 0.0032595868074116736 0
-3.21 0.003321694850631072 0
-3.2 0.0033849862981412075 0
-3.19 0.0034494836984910117 0
-3.1799999999999997 0.0035152100298529287 0
-3.17 0.003582188708241323 0
-3.16 0.0036504435958230395 0
-3.15 0.0037199990094374164 0
-3.1399999999999997 0.0037908797292569327 0
-3.13 0.0038631110076293123 0
-3.12 0.003936718578034022 0
-3.11 0.004011728664285718 0
-3.0999999999999996 0.004088167989867287 0
-3.09 0.004166063787460662 0
-3.08 0.004245443808625749 0
-3.0700000000000003 0.004326336333693938 0
-3.06 0.0044087701818569525 0
-3.05 0.0044927747214398486 0
-3.04 0.004578379880333247 0
-3.0300000000000002 0.004665616156671088 0
-3.02 0.004754514629699245 0
-3.01 0.0048451069708579505 0
-3.0 0.0049374254550428485 0
-2.9899999999999998 0.005031502972109593 0
-2.98 0.0051273730386218195 0
-2.9699999999999998 0.005225069809746685 0
-2.96 0.0053246280914354925 0
-2.95 0.0054260833528317265 0
-2.94 0.005529471738933343 0
-2.93 0.005634830083421747 0
-2.92 0.005742195921791639 0
-2.91 0.005851607504758373 0
-2.9 0.005963103811892734 0
-2.89 0.006076724565427921 0
-2.88 0.0061925102444733504 0
-2.87 0.006310502099449418 0
-2.86 0.0064307421667603 0
-2.85 0.006553273283740071 0
-2.84 0.0066781391039664505 0
-2.83 0.006805384112791373 0
-2.82 0.006935053643181937 0
-2.81 0.0070671938918763595 0
-2.8 0.007201851935854432 0
-2.79 0.007339075749076037 0
-2.78 0.007478914219623481 0
-2.77 0.007621417167088735 0
-2.76 0.007766635360304892 0
-2.75 0.007914620535439126 0
-2.7399999999999998 0.008065425414491465 0
-2.73 0.008219103723978553 0
-2.7199999999999998 0.008375710214152345 0
-2.71 0.008535300678419122 0
-2.6999999999999997 0.008697931973336636 0
-2.69 0.008863662038768485 0
-2.68 0.009032549918580919 0
-2.67 0.009204655781635913 0
-2.66 0.00938004094327063 0
-2.65 0.009558767887114586 0
-2.64 0.009740900287343219 0
-2.63 0.009926503031421521 0
-2.62 0.010115642243142679 0
-2.61 0.010308385306206149 0
-2.6 0.010504800888269071 0
-2.59 0.010704958965379272 0
-2.58 0.010908930846887368 0
-2.57 0.011116789200870144 0
-2.56 0.011328608080045682 0
-2.55 0.011544462948097887 0
-2.54 0.011764430706587725 0
-2.53 0.01198858972242263 0
-2.52 0.012217019855621384 0
-2.51 0.01244980248789787 0
-2.5 0.012687020551591112 0
-2.4899999999999998 0.012928758559287823 0
-2.48 0.01317510263378468 0
-2.4699999999999998 0.013426140538915034 0
-2.46 0.0136819617107593 0
-2.4499999999999997 0.013942657289501498 0
-2.44 0.014208320151887435 0
-2.43 0.014479044944382171 0
-2.42 0.0147549281167699 0
-2.41 0.015036067956647697 0
-2.4 0.01532256462438528 0
-2.39 0.015614520188720274 0
-2.38 0.015912038663274456 0
-2.37 0.01621522604356369 0
-2.36 0.01652419034467322 0
-2.35 0.01683904163981319 0
-2.34 0.01715989209961668 0
-2.33 0.01748685603189516 0
-2.32 0.01782004992250797 0
-2.31 0.018159592476843393 0
-2.3 0.018505604662126533 0
-2.29 0.018858209750411786 0
-2.28 0.01921753336269283 0
-2.27 0.019583703513436627 0
-2.26 0.01995685065630539 0
-2.25 0.02033710773063496 0
-2.2399999999999998 0.020724610208865926 0
-2.23 0.02111949614458881 0
-2.2199999999999998 0.02152190622191592 0
-2.21 0.02193198380555005 0
-2.1999999999999997 0.022349874991928087 0
-2.19 0.02277572866109521 0
-2.18 0.023209696529916845 0
-2.17 0.023651933205968395 0
-2.16 0.024102596242861575 0
-2.15 0.024561846196187842 0
-2.14 0.025029846680639095 0
-2.13 0.025506764428537578 0
-2.12 0.025992769349104813 0
-2.11 0.026488034588950184 0
-2.1 0.026992736593892043 0
-2.09 0.02750705517167778 0
-2.08 0.028031173556105633 0
-2.07 0.028565278472265615 0
-2.06 0.029109560203260287 0
-2.05 0.029664212657685915 0
-2.04 0.030229433438867834 0
-2.03 0.030805423915336864 0
-2.02 0.0313923892924973 0
-2.01 0.03199053868568602 0
-2.0 0.03260008519467623 0
-1.9899999999999998 0.033221245979657595 0
-1.98 0.03385424233868855 0
-1.9699999999999998 0.03449929978631045 0
-1.96 0.03515664813401143 0
-1.9499999999999997 0.03582652157217455 0
-1.94 0.03650915875335307 0
-1.9299999999999997 0.03720480287744177 0
-1.92 0.03791370177829192 0
-1.9100000000000001 0.038636108011847546 0
-1.9 0.03937227894632644 0
-1.8900000000000001 0.04012247685383501 0
-1.88 0.040886969003818364 0
-1.87 0.041666027758210794 0
-1.8599999999999999 0.04245993066844143 0
-1.85 0.043268960574571566 0
-1.8399999999999999 0.0440934057058407 0
-1.83 0.04493355978327352 0
-1.8199999999999998 0.04578972212461912 0
-1.81 0.04666219775069325 0
-1.7999999999999998 0.047551297494223536 0
-1.79 0.04845733811046547 0
-1.7799999999999998 0.049380642390220476 0
-1.77 0.05032153927461821 0
-1.7599999999999998 0.05128036397253347 0
-1.75 0.05225745807978881 0
-1.7399999999999998 0.05325316970109767 0
-1.73 0.05426785357384563 0
-1.7199999999999998 0.05530187119446942 0
-1.71 0.056355590947618855 0
-1.6999999999999997 0.057429388236952365 0
-1.69 0.0585236456190303 0
-1.6799999999999997 0.0596387529396504 0
-1.67 0.06077510747280684 0
-1.6600000000000001 0.061933114062098116 0
-1.65 0.06311318526492316 0
-1.6400000000000001 0.06431574149970751 0
-1.63 0.06554121119526923 0
-1.62 0.06679003094385068 0
-1.6099999999999999 0.06806264565640437 0
-1.6 0.06935950872152401 0
-1.5899999999999999 0.07068108216615476 0
-1.58 0.07202783682099652 0
-1.5699999999999998 0.07340025248779992 0
-1.56 0.07479881811068952 0
-1.5499999999999998 0.07622403194975609 0
-1.54 0.07767640175922445 0
-1.5299999999999998 0.07915644496790045 0
-1.52 0.08066468886363738 0
-1.5099999999999998 0.08220167078125509 0
-1.5 0.08376793829394805 0
-1.4899999999999998 0.08536404940847153 0
-1.48 0.08699057276329474 0
-1.4699999999999998 0.08864808783235908 0
-1.46 0.09033718513080617 0
-1.4499999999999997 0.09205846642486167 0
-1.44 0.0938125449473769 0
-1.4299999999999997 0.09560004561534605 0
-1.42 0.09742160525324517 0
-1.4100000000000001 0.09927787281922394 0
-1.4 0.1011695096369818 0
-1.3900000000000001 0.1030971896307295 0
-1.38 0.10506159956574988 0
-1.37 0.10706343929335287 0
-1.3599999999999999 0.1091034219988626 0
-1.35 0.11118227445740461 0
-1.3399999999999999 0.1133007372918553 0
-1.33 0.11545956523656435 0
-1.3199999999999998 0.11765952740693941 0
-1.31 0.11990140757295645 0
-1.2999999999999998 0.12218600443852298 0
-1.29 0.12451413192591186 0
-1.2799999999999998 0.12688661946610263 0
-1.27 0.12930431229361358 0
-1.2599999999999998 0.13176807174864885 0
-1.25 0.13427877558282145 0
-1.2399999999999998 0.1368373182720409 0
-1.23 0.1394446113366924 0
-1.2199999999999998 0.14210158366463077 0
-1.21 0.14480918184202188 0
-1.1999999999999997 0.14756837049231325 0
-1.19 0.1503801326183624 0
-1.1799999999999997 0.15324546995322538 0
-1.17 0.1561654033167896 0
-1.1600000000000001 0.15914097297973737 0
-1.15 0.16217323903434058 0
-1.1400000000000001 0.16526328177037997 0
-1.13 0.16841220206009952 0
-1.12 0.17162112177354868 0
-1.1099999999999999 0.17489118428882713 0
-1.1 0.17822355387995656 0
-1.0899999999999999 0.18161941280611563 0
-1.08 0.18507998934932074 0
-1.0699999999999998 0.18860662506864156 0
-1.06 0.19220029217480306 0
-1.0499999999999998 0.19586082786979217 0
-1.04 0.19959173139117495 0
-1.0299999999999998 0.2034038933310052 0
-1.02 0.20729426415957408 0
-1.0099999999999998 0.2112451169927221 0
-1.0 0.21524737235483218 0
-0.9900000000000002 0.21929076348123755 0
-0.9799999999999995 0.22336450337360475 0
-0.9699999999999998 0.22745809362598948 0
-0.96 0.23155067703269205 0
-0.9500000000000002 0.23563572936716587 0
-0.9399999999999995 0.2397220687096909 0
-0.9299999999999997 0.24381101705010455 0
-0.9199999999999999 0.24789985694025368 0
-0.9100000000000001 0.2519871027001692 0
-0.9000000000000004 0.2560717163219641 0
-0.8899999999999997 0.26015256066263903 0
-0.8799999999999999 0.26422847220954215 0
-0.8700000000000001 0.2682982936972684 0
-0.8600000000000003 0.27236087066252673 0
-0.8499999999999996 0.2764150505379514 0
-0.8399999999999999 0.2804596831126558 0
-0.8300000000000001 0.2844936208841469 0
-0.8200000000000003 0.28851571938806475 0
-0.8099999999999996 0.2925248375172 0
-0.7999999999999998 0.29651983784742275 0
-0.79 0.3004995869601754 0
-0.7800000000000002 0.3044629557624318 0
-0.7699999999999996 0.3084088198112506 0
-0.7599999999999998 0.3123360596271407 0
-0.75 0.3162435610154546 0
-0.7400000000000002 0.3201302153824226 0
-0.7299999999999995 0.32399492004709646 0
-0.7199999999999998 0.3278365785576093 0
-0.71 0.3316541009991399 0
-0.7000000000000002 0.33544640430435657 0
-0.6899999999999995 0.3392124125633766 0
-0.6799999999999997 0.34295105732239883 0
-0.6699999999999999 0.3466612778946673 0
-0.6600000000000001 0.35034202165515294 0
-0.6499999999999995 0.3539922443426376 0
-0.6399999999999997 0.35761091035527826 0
-0.6299999999999999 0.3611969930439332 0
-0.6200000000000001 0.364749475002416 0
-0.6100000000000003 0.3682673483600146 0
-0.5999999999999996 0.3717496150620849 0
-0.5899999999999999 0.3751952871581113 0
-0.5800000000000001 0.3786033870778592 0
-0.5700000000000003 0.3819729479122303 0
-0.5599999999999996 0.3853030136852172 0
-0.5499999999999998 0.38859263962612967 0
-0.54 0.39184089243801445 0
-0.5300000000000002 0.3950468505594327 0
-0.5199999999999996 0.3982096044323481 0
-0.5099999999999998 0.40132825675333056 0
-0.5 0.4044019227313155 0
-0.4900000000000002 0.40742973033789354 0
-0.47999999999999954 0.41041082055792344 0
-0.46999999999999975 0.41334434762653594 0
-0.45999999999999996 0.4162294792750358 0
-0.4500000000000002 0.4190653969661611 0
-0.4399999999999995 0.4218512961210028 0
-0.4299999999999997 0.4245863863565217 0
-0.41999999999999993 0.42726989170095603 0
-0.41000000000000014 0.42990105081884106 0
-0.39999999999999947 0.432479117225923 0
-0.3899999999999997 0.4350033595004987 0
-0.3799999999999999 0.4374730614929032 0
-0.3700000000000001 0.4398875225228031 0
-0.3600000000000003 0.44224605758847796 0
-0.34999999999999964 0.44454799754853636 0
-0.33999999999999986 0.4467926893237264 0
-0.33000000000000007 0.44897949607202914 0
-0.3200000000000003 0.45110779737714823 0
-0.3099999999999996 0.45317698942000717 0
-0.2999999999999998 0.4551864851511592 0
-0.29000000000000004 0.4571357144589214 0
-0.28000000000000025 0.4590241243272275 0
-0.2699999999999996 0.46085117899771083 0
-0.2599999999999998 0.46261636011781887 0
-0.25 0.4643191668887544 0
-0.2400000000000002 0.46595911620893665 0
-0.22999999999999954 0.4675357428089048 0
-0.21999999999999975 0.46904859938526 0
-0.20999999999999996 0.47049725672670717 0
-0.20000000000000018 0.47188130383582416 0
-0.1899999999999995 0.47320034804423156 0
-0.17999999999999972 0.47445401512883995 0
-0.16999999999999993 0.47564194941036575 0
-0.16000000000000014 0.4767638138632813 0
-0.14999999999999947 0.47781929020129116 0
-0.13999999999999968 0.4788080789792331 0
-0.1299999999999999 0.4797298996650622 0
-0.1200000000000001 0.48058449073272713 0
-0.11000000000000032 0.4813716097251576 0
-0.09999999999999964 0.482091033328566 0
-0.08999999999999986 0.4827425574384289 0
-0.08000000000000007 0.48332599720871566 0
-0.07000000000000028 0.4838411871130401 0
-0.05999999999999961 0.48428798098783915 0
-0.04999999999999982 0.4846662520723502 0
-0.040000000000000036 0.4849758930483586 0
-0.03000000000000025 0.4852168160679601 0
-0.019999999999999574 0.4853889527784373 0
-0.009999999999999787 0.4854922543431872 0
0.0 0.4855266914549443 0
0.009999999999999787 0.48549225434319043 0
0.020000000000000462 0.485388952778439 0
0.03000000000000025 0.4852168160679562 0
0.040000000000000036 0.4849758930483564 0
0.04999999999999982 0.48466625207235003 0
0.0600000000000005 0.48428798098783604 0
0.07000000000000028 0.48384118711304114 0
0.08000000000000007 0.4833259972087081 0
0.08999999999999986 0.48274255743842753 0
0.10000000000000053 0.4820910333285666 0
0.11000000000000032 0.48137160972515886 0
0.1200000000000001 0.480584490732726 0
0.1299999999999999 0.4797298996650608 0
0.13999999999999968 0.47880807897923494 0
0.15000000000000036 0.4778192902012901 0
0.16000000000000014 0.4767638138632787 0
0.16999999999999993 0.4756419494103648 0
0.17999999999999972 0.47445401512884083 0
0.1900000000000004 0.4732003480442292 0
0.20000000000000018 0.47188130383582677 0
0.20999999999999996 0.47049725672670734 0
0.21999999999999975 0.4690485993852566 0
0.23000000000000043 0.4675357428089059 0
0.2400000000000002 0.4659591162089321 0
0.25 0.4643191668887617 0
0.2599999999999998 0.4626163601178157 0
0.27000000000000046 0.46085117899770917 0
0.28000000000000025 0.4590241243272356 0
0.29000000000000004 0.4571357144589214 0
0.2999999999999998 0.45518648515115784 0
0.3100000000000005 0.45317698942001255 0
0.3200000000000003 0.4511077973771454 0
0.33000000000000007 0.4489794960720278 0
0.33999999999999986 0.4467926893237228 0
0.35000000000000053 0.4445479975485319 0
0.3600000000000003 0.4422460575884769 0
0.3700000000000001 0.43988752252279484 0
0.3799999999999999 0.4374730614929048 0
0.3899999999999997 0.43500335950050306 0
0.40000000000000036 0.43247911722592286 0
0.41000000000000014 0.42990105081883856 0
0.41999999999999993 0.4272698917009623 0
0.4299999999999997 0.42458638635651763 0
0.4400000000000004 0.4218512961210064 0
0.4500000000000002 0.41906539696616163 0
0.45999999999999996 0.41622947927503695 0
0.46999999999999975 0.4133443476265402 0
0.4800000000000004 0.4104108205579085 0
0.4900000000000002 0.40742973033789637 0
0.5 0.40440192273130376 0
0.5099999999999998 0.4013282567533431 0
0.5200000000000005 0.3982096044323495 0
0.5300000000000002 0.3950468505594283 0
0.54 0.39184089243801834 0
0.5499999999999998 0.38859263962613605 0
0.5600000000000005 0.3853030136852048 0
0.5700000000000003 0.38197294791223674 0
0.5800000000000001 0.3786033870778548 0
0.5899999999999999 0.37519528715809636 0
0.6000000000000005 0.3717496150620982 0
0.6100000000000003 0.3682673483600095 0
0.6200000000000001 0.3647494750024227 0
0.6299999999999999 0.3611969930439236 0
0.6399999999999997 0.35761091035528064 0
0.6500000000000004 0.35399224434262755 0
0.6600000000000001 0.35034202165515504 0
0.6699999999999999 0.3466612778946534 0
0.6799999999999997 0.34295105732240716 0
0.6900000000000004 0.3392124125633656 0
0.7000000000000002 0.33544640430436456 0
0.71 0.3316541009991507 0
0.7199999999999998 0.3278365785576014 0
0.7300000000000004 0.3239949200471115 0
0.7400000000000002 0.3201302153824215 0
0.75 0.31624356101545337 0
0.7599999999999998 0.3123360596271381 0
0.7700000000000005 0.30840881981126134 0
0.7800000000000002 0.3044629557624378 0
0.79 0.3004995869601686 0
0.7999999999999998 0.29651983784742714 0
0.8100000000000005 0.2925248375171983 0
0.8200000000000003 0.28851571938806 0
0.8300000000000001 0.28449362088415225 0
0.8399999999999999 0.28045968311266317 0
0.8500000000000005 0.2764150505379464 0
0.8600000000000003 0.2723608706625221 0
0.8700000000000001 0.2682982936972479 0
0.8799999999999999 0.2642284722095553 0
0.8899999999999997 0.2601525606626557 0
0.9000000000000004 0.25607171632195147 0
0.9100000000000001 0.25198710270014857 0
0.9199999999999999 0.24789985694023087 0
0.9299999999999997 0.24381101705010144 0
0.9400000000000004 0.23972206870969662 0
0.9500000000000002 0.23563572936716665 0
0.96 0.23155067703269205 0
0.9699999999999998 0.22745809362598993 0
0.9800000000000004 0.22336450337360775 0
0.9900000000000002 0.2192907634812382 0
1.0 0.21524737235483374 0
1.0099999999999998 0.2112451169927246 0
1.0200000000000005 0.207294264159575 0
1.0300000000000002 0.20340389333100264 0
1.04 0.1995917313911742 0
1.0499999999999998 0.19586082786978706 0
1.0600000000000005 0.1922002921748016 0
1.0700000000000003 0.18860662506864284 0
1.08 0.1850799893493175 0
1.0899999999999999 0.18161941280611585 0
1.1000000000000005 0.17822355387995867 0
1.1100000000000003 0.174891184288823 0
1.12 0.1716211217735428 0
1.13 0.1684122020600989 0
1.1400000000000006 0.1652632817703761 0
1.1500000000000004 0.1621732390343389 0
1.1600000000000001 0.15914097297973875 0
1.17 0.1561654033167938 0
1.1799999999999997 0.15324546995322738 0
1.1900000000000004 0.1503801326183625 0
1.2000000000000002 0.1475683704923159 0
1.21 0.1448091818420201 0
1.2199999999999998 0.14210158366463468 0
1.2300000000000004 0.13944461133668903 0
1.2400000000000002 0.13683731827203333 0
1.25 0.1342787755828248 0
1.2599999999999998 0.13176807174864377 0
1.2700000000000005 0.12930431229360695 0
1.2800000000000002 0.12688661946609575 0
1.29 0.12451413192591006 0
1.2999999999999998 0.12218600443852706 0
1.3100000000000005 0.11990140757295391 0
1.3200000000000003 0.1176595274069396 0
1.33 0.11545956523656861 0
1.3399999999999999 0.11330073729185583 0
1.3500000000000005 0.11118227445740828 0
1.3600000000000003 0.10910342199886568 0
1.37 0.10706343929335269 0
1.38 0.10506159956574955 0
1.3900000000000006 0.10309718963073403 0
1.4000000000000004 0.10116950963697913 0
1.4100000000000001 0.09927787281922335 0
1.42 0.09742160525324049 0
1.4299999999999997 0.09560004561533901 0
1.4400000000000004 0.09381254494737762 0
1.4500000000000002 0.09205846642485785 0
1.46 0.09033718513080567 0
1.4699999999999998 0.08864808783235813 0
1.4800000000000004 0.08699057276329637 0
1.4900000000000002 0.08536404940847503 0
1.5 0.08376793829394856 0
1.5099999999999998 0.08220167078125526 0
1.5200000000000005 0.08066468886364163 0
1.5300000000000002 0.07915644496790572 0
1.54 0.07767640175921155 0
1.5499999999999998 0.07622403194975548 0
1.5600000000000005 0.07479881811068201 0
1.5700000000000003 0.07340025248779442 0
1.58 0.07202783682098376 0
1.5899999999999999 0.07068108216615446 0
1.6000000000000005 0.06935950872152553 0
1.6100000000000003 0.06806264565639746 0
1.62 0.066790030943851 0
1.63 0.0655412111952692 0
1.6400000000000006 0.06431574149970809 0
1.6500000000000004 0.0631131852649181 0
1.6600000000000001 0.061933114062097464 0
1.67 0.060775107472806976 0
1.6799999999999997 0.05963875293965148 0
1.6900000000000004 0.058523645619028015 0
1.7000000000000002 0.05742938823695018 0
1.71 0.056355590947619834 0
1.7199999999999998 0.05530187119446821 0
1.7300000000000004 0.05426785357384469 0
1.7400000000000002 0.05325316970109626 0
1.75 0.05225745807978872 0
1.7599999999999998 0.05128036397253299 0
1.7700000000000005 0.05032153927461851 0
1.7800000000000002 0.04938064239022046 0
1.79 0.0484573381104648 0
1.7999999999999998 0.0475512974942236 0
1.8100000000000005 0.04666219775069317 0
1.8200000000000003 0.04578972212462077 0
1.83 0.04493355978327604 0
1.8399999999999999 0.0440934057058365 0
1.8500000000000005 0.043268960574571046 0
1.8600000000000003 0.04245993066843278 0
1.87 0.0416660277582084 0
1.88 0.04088696900380968 0
1.8900000000000006 0.04012247685383552 0
1.9000000000000004 0.039372278946322954 0
1.9100000000000001 0.038636108011848726 0
1.92 0.03791370177829405 0
1.9299999999999997 0.0372048028774419 0
1.9400000000000004 0.036509158753353206 0
1.9500000000000002 0.03582652157217464 0
1.96 0.035156648134011974 0
1.9699999999999998 0.03449929978631064 0
1.9800000000000004 0.03385424233868871 0
1.9900000000000002 0.03322124597965844 0
2.0 0.032600085194676734 0
2.01 0.03199053868568655 0
2.0200000000000005 0.03139238929249811 0
2.0300000000000002 0.030805423915337693 0
2.04 0.030229433438868577 0
2.05 0.029664212657686515 0
2.0600000000000005 0.029109560203260373 0
2.0700000000000003 0.028565278472265875 0
2.08 0.028031173556105893 0
2.09 0.02750705517167803 0
2.1000000000000005 0.02699273659389311 0
2.1100000000000003 0.026488034588950528 0
2.12 0.025992769349105244 0
2.13 0.025506764428537835 0
2.1400000000000006 0.025029846680639043 0
2.1500000000000004 0.024561846196188356 0
2.16 0.02410259624286179 0
2.17 0.023651933205968437 0
2.1799999999999997 0.023209696529917324 0
2.1900000000000004 0.022775728661095375 0
2.2 0.02234987499192861 0
2.21 0.021931983805550493 0
2.2199999999999998 0.021521906221916205 0
2.2300000000000004 0.021119496144589165 0
2.24 0.020724610208866238 0
2.25 0.020337107730635195 0
2.26 0.019956850656306088 0
2.2700000000000005 0.01958370351343761 0
2.2800000000000002 0.019217533362692475 0
2.29 0.01885820975041139 0
2.3 0.01850560466212654 0
2.3100000000000005 0.018159592476843005 0
2.3200000000000003 0.01782004992250806 0
2.33 0.017486856031894784 0
2.34 0.01715989209961638 0
2.3500000000000005 0.01683904163981412 0
2.3600000000000003 0.01652419034467369 0
2.37 0.016215226043564002 0
2.38 0.01591203866327473 0
2.3900000000000006 0.015614520188720392 0
2.4000000000000004 0.01532256462438563 0
2.41 0.015036067956647829 0
2.42 0.014754928116769735 0
2.4299999999999997 0.014479044944382256 0
2.4400000000000004 0.0142083201518873 0
2.45 0.013942657289501576 0
2.46 0.01368196171075981 0
2.4699999999999998 0.013426140538915565 0
2.4800000000000004 0.013175102633782578 0
2.49 0.012928758559287379 0
2.5 0.01268702055158973 0
2.51 0.012449802487897352 0
2.5200000000000005 0.012217019855618717 0
2.5300000000000002 0.011988589722423126 0
2.54 0.01176443070658817 0
2.55 0.01154446294809785 0
2.5600000000000005 0.011328608080045913 0
2.5700000000000003 0.0111167892008705 0
2.58 0.010908930846887406 0
2.59 0.010704958965379353 0
2.6000000000000005 0.010504800888269336 0
2.6100000000000003 0.010308385306206464 0
2.62 0.010115642243142814 0
2.63 0.009926503031421386 0
2.6400000000000006 0.009740900287343292 0
2.6500000000000004 0.009558767887114772 0
2.66 0.009380040943270768 0
2.67 0.009204655781636189 0
2.6799999999999997 0.00903254991858109 0
2.6900000000000004 0.008863662038768861 0
2.7 0.008697931973336783 0
2.71 0.008535300678419053 0
2.7199999999999998 0.008375710214152234 0
2.7300000000000004 0.008219103723978124 0
2.74 0.008065425414491447 0
2.75 0.007914620535438701 0
2.76 0.007766635360304877 0
2.7700000000000005 0.007621417167088755 0
2.7800000000000002 0.007478914219623494 0
2.79 0.007339075749076194 0
2.8 0.007201851935854615 0
2.8100000000000005 0.007067193891876401 0
2.8200000000000003 0.00693505364318208 0
2.83 0.006805384112791382 0
2.84 0.0066781391039664635 0
2.8500000000000005 0.006553273283740219 0
2.8600000000000003 0.006430742166760445 0
2.87 0.0063105020994494426 0
2.88 0.006192510244473559 0
2.8900000000000006 0.006076724565428001 0
2.9000000000000004 0.005963103811892922 0
2.91 0.005851607504758392 0
2.92 0.005742195921791803 0
2.9300000000000006 0.0056348300834217786 0
2.9400000000000004 0.005529471738933398 0
2.95 0.005426083352831797 0
2.96 0.005324628091435511 0
2.9699999999999998 0.005225069809746856 0
2.9800000000000004 0.00512737303862189 0
2.99 0.00503150297210963 0
3.0 0.004937425455042963 0
3.01 0.004845106970857995 0
3.0199999999999996 0.004754514629699251 0
3.0299999999999994 0.00466561615667111 0
3.040000000000001 0.004578379880333258 0
3.0500000000000007 0.004492774721440009 0
3.0600000000000005 0.0044087701818569846 0
3.0700000000000003 0.004326336333693982 0
3.08 0.004245443808625897 0
3.09 0.004166063787460679 0
3.0999999999999996 0.004088167989867309 0
3.1099999999999994 0.004011728664285872 0
3.120000000000001 0.003936718578034027 0
3.130000000000001 0.0038631110076293926 0
3.1400000000000006 0.003790879729256974 0
3.1500000000000004 0.0037199990094374325 0
3.16 0.0036504435958230733 0
3.17 0.003582188708241381 0
3.1799999999999997 0.0035152100298527804 0
3.1899999999999995 0.0034494836984910347 0
3.1999999999999993 0.0033849862981411767 0
3.210000000000001 0.003321694850630992 0
3.2200000000000006 0.0032595868074116515 0
3.2300000000000004 0.003198640041558625 0
3.24 0.003138832839855089 0
3.25 0.0030801438950755367 0
3.26 0.0030225522983884493 0
3.2699999999999996 0.002966037531919157 0
3.2799999999999994 0.0029105794614164384 0
3.290000000000001 0.00285615832910334 0
3.3000000000000007 0.002802754746622573 0
3.3100000000000005 0.0027503496881334383 0
3.3200000000000003 0.0026989244835378752 0
3.33 0.002648460811832239 0
3.34 0.0025989406945574976 0
3.3499999999999996 0.002550346489420972 0
3.3599999999999994 0.0025026608839986524 0
3.370000000000001 0.002455866889567478 0
3.380000000000001 0.0024099478350581224 0
3.3900000000000006 0.0023648873611096 0
3.4000000000000004 0.002320669414239286 0
3.41 0.002277278241131339 0
3.42 0.002234698383025392 0
3.4299999999999997 0.0021929146701978024 0
3.4399999999999995 0.0021519122165612726 0
3.4499999999999993 0.002111676414369603 0
3.460000000000001 0.002072192929015332 0
3.4700000000000006 0.00203344769389469 0
3.4800000000000004 0.0019954269054311066 0
3.49 0.0019581170181436646 0
3.5 0.0019215047398204756 0
3.51 0.0018855770267739715 0
3.5199999999999996 0.0018503210792110967 0
3.5299999999999994 0.0018157243366709241 0
3.540000000000001 0.00178177447353148 0
3.5500000000000007 0.0017484593946382834 0
3.5600000000000005 0.0017157672309921679 0
3.5700000000000003 0.0016836863355081456 0
3.58 0.0016522052788827902 0
3.59 0.0016213128455093073 0
3.5999999999999996 0.001590998029488791 0
3.6099999999999994 0.0015612500307065015 0
3.620000000000001 0.001532058250986351 0
3.630000000000001 0.0015034122903134124 0
3.6400000000000006 0.001475301943125691 0
3.6500000000000004 0.0014477171946874784 0
3.66 0.001420648217514025 0
3.67 0.001394085367868573 0
3.6799999999999997 0.0013680191823309468 0
3.6899999999999995 0.0013424403744288207 0
3.700000000000001 0.001317339831320648 0
3.710000000000001 0.0012927086105572034 0
3.7200000000000006 0.0012685379368910826 0
3.7300000000000004 0.0012448191991558848 0
3.74 0.0012215439471861052 0
3.75 0.0011987038888202099 0
3.76 0.0011762908869401491 0
3.7699999999999996 0.0011542969565731653 0
3.7799999999999994 0.00113271426205076 0
3.790000000000001 0.001111535114205542 0
3.8000000000000007 0.0010907519676452337 0
3.8100000000000005 0.001070357418057244 0
3.8200000000000003 0.0010503441995750843 0
3.83 0.0010307051821852738 0
3.84 0.0010114333691855063 0
3.8499999999999996 0.0009925218947049498 0
3.8599999999999994 0.0009739640212383284 0
3.870000000000001 0.0009557531372653323 0
3.880000000000001 0.0009378827548791434 0
3.8900000000000006 0.000920346507484017 0
3.9000000000000004 0.0009031381475255761 0
3.91 0.0008862515442647149 0
3.92 0.0008696806815924315 0
3.9299999999999997 0.000853419655885493 0
3.9399999999999995 0.0008374626739069672 0
3.950000000000001 0.0008218040507393659 0
3.960000000000001 0.0008064382077612069 0
3.9700000000000006 0.0007913596706557214 0
3.9800000000000004 0.0007765630674648384 0
3.99 0.0007620431266747056 0
4.0 0.0007477946753353495 0
4.01 0.0007338126372194024 0
4.02 0.0007200920310121144 0
4.029999999999999 0.0007066279685411442 0
4.040000000000001 0.0006934156530263544 0
4.050000000000001 0.000680450377382392 0
4.0600000000000005 0.0006677275225313759 0
4.07 0.0006552425557629939 0
4.08 0.0006429910291175194 0
4.09 0.0006309685778027591 0
4.1 0.0006191709186381517 0
4.109999999999999 0.0006075938485273928 0
4.120000000000001 0.0005962332429628457 0
4.130000000000001 0.0005850850545575026 0
4.140000000000001 0.0005741453115990734 0
4.15 0.0005634101166369762 0
4.16 0.0005528756450957949 0
4.17 0.0005425381439099901 0
4.18 0.0005323939301864121 0
4.1899999999999995 0.0005224393898956888 0
4.200000000000001 0.0005126709765817489 0
4.210000000000001 0.0005030852100975289 0
4.220000000000001 0.0004936786753687887 0
4.23 0.0004844480211747734 0
4.24 0.00047538995895392413 0
4.25 0.0004665012616344718 0
4.26 0.0004577787624829511 0
4.27 0.00044921935397576824 0
4.279999999999999 0.0004408199866934902 0
4.290000000000001 0.0004325776682341712 0
4.300000000000001 0.0004244894621463995 0
4.3100000000000005 0.0004165524868837751 0
4.32 0.0004087639147771682 0
4.33 0.0004011209710320425 0
4.34 0.0003936209327311267 0
4.35 0.00038626112787221525 0
4.359999999999999 0.0003790389344138309 0
4.370000000000001 0.00037195177933892627 0
4.380000000000001 0.0003649971377407664 0
4.390000000000001 0.0003581725319220063 0
4.4 0.0003514755305137762 0
4.41 0.00034490374760778934 0
4.42 0.0003384548419059653 0
4.43 0.0003321265158878383 0
4.4399999999999995 0.00032591651499043147 0
4.450000000000001 0.00031982262680754347 0
4.460000000000001 0.00031384268029854937 0
4.470000000000001 0.0003079745450163235 0
4.48 0.00030221613034787904 0
4.49 0.0002965653847710588 0
4.5 0.0002910202951217922 0
4.51 0.0002855788858780643 0
4.52 0.00028023921845409867 0
4.529999999999999 0.00027499939051279105 0
4.540000000000001 0.00026985753528588737 0
4.550000000000001 0.0002648118209090895 0
4.5600000000000005 0.00025986044976994925 0
4.57 0.00025500165786709173 0
4.58 0.0002502337141818938 0
4.59 0.0002455549200620199 0
4.6 0.00024096360861654815 0
4.609999999999999 0.00023645814412018857 0
4.620000000000001 0.00023203692143262074 0
4.630000000000001 0.0002276983654267866 0
4.640000000000001 0.0002234409304258977 0
4.65 0.00021926309965350103 0
4.66 0.0002151633846943549 0
4.67 0.00021114032496250584 0
4.68 0.0002071924871818425 0
4.6899999999999995 0.0002033184648747756 0
4.700000000000001 0.0001995168778626742 0
4.710000000000001 0.00019578637177161475 0
4.720000000000001 0.00019212561755251376 0
4.73 0.0001885333110059524 0
4.74 0.0001850081723182027 0
4.75 0.00018154894560437574 0
4.76 0.00017815439846303893 0
4.77 0.00017482332153525077 0
4.779999999999999 0.00017155452807370152 0
4.790000000000001 0.0001683468535211443 0
4.800000000000001 0.0001651991550949272 0
4.8100000000000005 0.00016211031137896266 0
4.82 0.00015907922192043717 0
4.83 0.000156104806913276 0
4.84 0.000153186007047577 0
4.85 0.00015032177811127802 0
4.859999999999999 0.00014751107897863932 0
4.870000000000001 0.000144753128312848 0
4.880000000000001 0.0001420478072999665 0
4.890000000000001 0.00013938592040941872 0
4.9 0.0001367410606378668 0
4.91 0.00013432776934808812 0
4.92 0.00013263554465815165 0
4.93 0.0001280466782211469 0
4.9399999999999995 0.00011545780040942425 0
4.950000000000001 0.00013117325550663882 0
4.960000000000001 0.00020379825473721073 0
4.970000000000001 0.00018687672702074072 0
4.98 7.022196815679877e-05 0
4.99 1.9031344601943783e-05 0
