-5.0 1.0332830152722997e-06 -0.8
-4.99 4.089886547069322e-06 -0.8
-4.98 9.322674225714414e-06 -0.8
-4.97 1.6412031486524896e-05 -0.8
-4.96 2.598820380336644e-05 -0.8
-4.95 3.704535025088909e-05 -0.8
-4.94 5.1026212708434575e-05 -0.8
-4.93 6.585722094546882e-05 -0.8
-4.92 8.398747873076806e-05 -0.8
-4.91 0.00010210676605877585 -0.8
-4.9 0.0001234686507542917 -0.8
-4.89 0.0001439171160875354 -0.8
-4.88 0.00016654929716240148 -0.8
-4.87 0.00018771432215567853 -0.8
-4.86 0.0002084006386633588 -0.8
-4.85 0.00022786275763956123 -0.8
-4.84 0.00024242677388998106 -0.8
-4.83 0.00025691996444631885 -0.8
-4.82 0.00026133002236518636 -0.8
-4.81 0.00026709606688913787 -0.8
-4.8 0.0002592904382027533 -0.8
-4.79 0.0002533416305978086 -0.8
-4.78 0.00023499728821012685 -0.8
-4.77 0.0002175506265016368 -0.8
-4.76 0.0001946794217350407 -0.8
-4.75 0.00017161614565134638 -0.8
-4.74 0.0001534990280893363 -0.8
-4.73 0.00013586754379349273 -0.8
-4.72 0.00013252144793605216 -0.8
-4.71 0.00013104094395812688 -0.8
-4.7 0.00014845956055891036 -0.8
-4.69 0.00016623660191525242 -0.8
-4.68 0.00019891394362693906 -0.8
-4.67 0.00022850577615680042 -0.8
-4.66 0.00025636810395552353 -0.8
-4.65 0.0002818668625890748 -0.8
-4.64 0.00028384818434638805 -0.8
-4.63 0.0002873456691911716 -0.8
-4.62 0.0002639883203226305 -0.8
-4.61 0.0002424007189842473 -0.8
-4.6 0.00021886344181690283 -0.8
-4.59 0.00019701315495145394 -0.8
-4.58 0.00020218836740921846 -0.8
-4.57 0.00020908435165959514 -0.8
-4.56 0.0002464505971841319 -0.8
-4.55 0.0002799835155583367 -0.8
-4.54 0.0003090996101892317 -0.8
-4.53 0.00033564828319326915 -0.8
-4.52 0.00031983545031133556 -0.8
-4.51 0.00030677990746597766 -0.8
-4.5 0.0002767697170861137 -0.8
-4.49 0.00024984299171363196 -0.8
-4.48 0.00026220832506892533 -0.8
-4.47 0.00027544129075611376 -0.8
-4.46 0.0003231421624253172 -0.8
-4.45 0.000364667507123956 -0.8
-4.4399999999999995 0.0003667746592740103 -0.8
-4.43 0.0003702728268180471 -0.8
-4.42 0.00033276214564855253 -0.8
-4.41 0.00030003100916450463 -0.8
-4.4 0.0003172289391709027 -0.8
-4.39 0.0003344731824753547 -0.8
-4.38 0.00038626765969476207 -0.8
-4.37 0.00043107523512160415 -0.8
-4.36 0.00040325610099524044 -0.8
-4.35 0.0003803990785524442 -0.8
-4.34 0.0003630851568241763 -0.8
-4.33 0.0003505186766890443 -0.8
-4.32 0.0004158712191523571 -0.8
-4.31 0.00047167890389877485 -0.8
-4.3 0.00044806006211817385 -0.8
-4.29 0.0004295188164660085 -0.8
-4.28 0.0004128830685655559 -0.8
-4.27 0.0004014441327355071 -0.8
-4.26 0.0004783085493350616 -0.8
-4.25 0.0005434357459081972 -0.8
-4.24 0.00047404048270845216 -0.8
-4.23 0.0004178293643667501 -0.8
-4.22 0.0004915532820566783 -0.8
-4.21 0.0005541698124971207 -0.8
-4.2 0.0005195656123371935 -0.8
-4.1899999999999995 0.000493000911611062 -0.8
-4.18 0.0005276544061325247 -0.8
-4.17 0.0005581167012348808 -0.8
-4.16 0.0005559986113324033 -0.8
-4.15 0.0005563723232759221 -0.8
-4.14 0.0005725803672882912 -0.8
-4.13 0.0005879814042190156 -0.8
-4.12 0.0005969367969416367 -0.8
-4.11 0.000606520235060866 -0.8
-4.1 0.0006188930406096722 -0.8
-4.09 0.0006313335655973009 -0.8
-4.08 0.0006430904444005457 -0.8
-4.07 0.0006551283617946761 -0.8
-4.06 0.0006676951060329785 -0.8
-4.05 0.0006804834789214534 -0.8
-4.04 0.0006934253728913528 -0.8
-4.03 0.0007066190326153659 -0.8
-4.02 0.0007200893274234158 -0.8
-4.01 0.0007338148860943083 -0.8
-4.0 0.0007477953693334434 -0.8
-3.99 0.0007620425901202866 -0.8
-3.98 0.0007765628950549627 -0.8
-3.9699999999999998 0.0007913597852422726 -0.8
-3.96 0.0008064382419237943 -0.8
-3.95 0.0008218040217534371 -0.8
-3.94 0.0008374626615787297 -0.8
-3.9299999999999997 0.0008534196565616509 -0.8
-3.92 0.0008696806788879886 -0.8
-3.91 0.0008862515389092366 -0.8
-3.9 0.0009031381427025736 -0.8
-3.8899999999999997 0.0009203465030529079 -0.8
-3.88 0.0009378827502507801 -0.8
-3.87 0.0009557531324635541 -0.8
-3.86 0.0009739640163651192 -0.8
-3.8499999999999996 0.0009925218897520712 -0.8
-3.84 0.0010114333641362066 -0.8
-3.83 0.0010307051770356535 -0.8
-3.8200000000000003 0.0010503441943287945 -0.8
-3.81 0.0010703574127114582 -0.8
-3.8 0.0010907519621964194 -0.8
-3.79 0.0011115351086527683 -0.8
-3.7800000000000002 0.001132714256392298 -0.8
-3.77 0.0011542969508083333 -0.8
-3.76 0.0011762908810640188 -0.8
-3.75 0.001198703882831297 -0.8
-3.74 0.001221543941082946 -0.8
-3.73 0.0012448191929369527 -0.8
-3.7199999999999998 0.0012685379305556875 -0.8
-3.71 0.0012927086041001215 -0.8
-3.7 0.0013173398247401506 -0.8
-3.69 0.0013424403677226768 -0.8
-3.6799999999999997 0.0013680191754976312 -0.8
-3.67 0.001394085360904458 -0.8
-3.66 0.001420648210417925 -0.8
-3.65 0.0014477171874569764 -0.8
-3.6399999999999997 0.0014753019357564426 -0.8
-3.63 0.0015034122828022191 -0.8
-3.62 0.0015320582433328124 -0.8
-3.61 0.0015612500229071824 -0.8
-3.5999999999999996 0.0015909980215407795 -0.8
-3.59 0.0016213128374104482 -0.8
-3.58 0.00165220527063015 -0.8
-3.5700000000000003 0.0016836863270991902 -0.8
-3.56 0.0017157672224221462 -0.8
-3.55 0.0017484593859062472 -0.8
-3.54 0.0017817744646313487 -0.8
-3.5300000000000002 0.0018157243276011757 -0.8
-3.52 0.001850321069970363 -0.8
-3.51 0.0018855770173545827 -0.8
-3.5 0.0019215047302210762 -0.8
-3.49 0.0019581170083640092 -0.8
-3.48 0.0019954268954638222 -0.8
-3.4699999999999998 0.0020334476837352506 -0.8
-3.46 0.0020721929186622136 -0.8
-3.45 0.002111676403823764 -0.8
-3.44 0.0021519122058120126 -0.8
-3.4299999999999997 0.0021929146592427127 -0.8
-3.42 0.002234698371863705 -0.8
-3.41 0.002277278229757978 -0.8
-3.4 0.0023206694026473877 -0.8
-3.3899999999999997 0.0023648873492966792 -0.8
-3.38 0.002409947823021632 -0.8
-3.37 0.0024558668773014673 -0.8
-3.36 0.0025026608714975532 -0.8
-3.3499999999999996 0.0025503464766814415 -0.8
-3.34 0.0025989406815751237 -0.8
-3.33 0.0026484607986033315 -0.8
-3.3200000000000003 0.002698924470060184 -0.8
-3.31 0.0027503496743961297 -0.8
-3.3 0.0028027547326221797 -0.8
-3.29 0.0028561583148372345 -0.8
-3.2800000000000002 0.002910579446879324 -0.8
-3.27 0.0029660375171040366 -0.8
-3.26 0.0030225522832921167 -0.8
-3.25 0.0030801438796887936 -0.8
-3.24 0.0031388328241755987 -0.8
-3.23 0.0031986400255815542 -0.8
-3.2199999999999998 0.0032595867911309035 -0.8
-3.21 0.0033216948340365595 -0.8
-3.2 0.0033849862812323148 -0.8
-3.19 0.0034494836812585922 -0.8
-3.1799999999999997 0.003515210012295519 -0.8
-3.17 0.0035821886903471757 -0.8
-3.16 0.0036504435775865517 -0.8
-3.15 0.0037199989908548925 -0.8
-3.1399999999999997 0.0037908797103254053 -0.8
-3.13 0.0038631109883323174 -0.8
-3.12 0.003936718558366643 -0.8
-3.11 0.004011728644244702 -0.8
-3.0999999999999996 0.0040881679694501185 -0.8
-3.09 0.004166063766653671 -0.8
-3.08 0.0042454437874188825 -0.8
-3.0700000000000003 0.004326336312085063 -0.8
-3.06 0.004408770159842556 -0.8
-3.05 0.004492774699004781 -0.8
-3.04 0.004578379857464672 -0.8
-3.0300000000000002 0.004665616133363169 -0.8
-3.02 0.0047545146059484265 -0.8
-3.01 0.004845106946653669 -0.8
-3.0 0.004937425430377988 -0.8
-2.9899999999999998 0.005031502946984016 -0.8
-2.98 0.005127373013018097 -0.8
-2.9699999999999998 0.005225069783649191 -0.8
-2.96 0.0053246280648365125 -0.8
-2.95 0.005426083325732053 -0.8
-2.94 0.005529471711314997 -0.8
-2.93 0.005634830055270003 -0.8
-2.92 0.0057421958931085735 -0.8
-2.91 0.005851607475543271 -0.8
-2.9 0.005963103782113306 -0.8
-2.89 0.006076724535074106 -0.8
-2.88 0.006192510213545616 -0.8
-2.87 0.006310502067936854 -0.8
-2.86 0.006430742134640356 -0.8
-2.85 0.006553273251006783 -0.8
-2.84 0.006678139070610236 -0.8
-2.83 0.006805384078798238 -0.8
-2.82 0.006935053608538485 -0.8
-2.81 0.007067193856573072 -0.8
-2.8 0.0072018518998748305 -0.8
-2.79 0.007339075712418058 -0.8
-2.78 0.007478914182273373 -0.8
-2.77 0.007621417129021689 -0.8
-2.76 0.007766635321504505 -0.8
-2.75 0.007914620495911061 -0.8
-2.7399999999999998 0.008065425374210176 -0.8
-2.73 0.008219103682931266 -0.8
-2.7199999999999998 0.008375710172310336 -0.8
-2.71 0.008535300635788065 -0.8
-2.6999999999999997 0.00869793192989567 -0.8
-2.69 0.008863661994503131 -0.8
-2.68 0.009032549873468004 -0.8
-2.67 0.009204655735662839 -0.8
-2.66 0.009380040896418416 -0.8
-2.65 0.009558767839365306 -0.8
-2.64 0.009740900238694537 -0.8
-2.63 0.009926502981842361 -0.8
-2.62 0.010115642192607709 -0.8
-2.61 0.010308385254710633 -0.8
-2.6 0.01050480083579869 -0.8
-2.59 0.010704958911907416 -0.8
-2.58 0.010908930792395 -0.8
-2.57 0.011116789145346364 -0.8
-2.56 0.011328608023459363 -0.8
-2.55 0.011544462890430679 -0.8
-2.54 0.011764430647837564 -0.8
-2.53 0.011988589662538962 -0.8
-2.52 0.012217019794591014 -0.8
-2.51 0.012449802425704553 -0.8
-2.5 0.012687020488227629 -0.8
-2.4899999999999998 0.012928758494703941 -0.8
-2.48 0.013175102567973156 -0.8
-2.4699999999999998 0.013426140471857313 -0.8
-2.46 0.013681961642427562 -0.8
-2.4499999999999997 0.013942657219863076 -0.8
-2.44 0.014208320080930759 -0.8
-2.43 0.014479044872060037 -0.8
-2.42 0.014754928043078213 -0.8
-2.41 0.015036067881555265 -0.8
-2.4 0.015322564547837765 -0.8
-2.39 0.015614520110717359 -0.8
-2.38 0.01591203858380199 -0.8
-2.37 0.016215225962571297 -0.8
-2.36 0.016524190262138562 -0.8
-2.35 0.01683904155573522 -0.8
-2.34 0.017159892013921707 -0.8
-2.33 0.017486855944549063 -0.8
-2.32 0.01782004983349249 -0.8
-2.31 0.01815959238613831 -0.8
-2.3 0.01850560456968668 -0.8
-2.29 0.01885820965623802 -0.8
-2.28 0.019217533266712928 -0.8
-2.27 0.019583703415614443 -0.8
-2.26 0.019956850556625074 -0.8
-2.25 0.02033710762908411 -0.8
-2.2399999999999998 0.020724610105362046 -0.8
-2.23 0.021119496039100228 -0.8
-2.2199999999999998 0.021521906114420647 -0.8
-2.21 0.021931983696032938 -0.8
-2.1999999999999997 0.022349874880307468 -0.8
-2.19 0.022775728547334263 -0.8
-2.18 0.023209696413957183 -0.8
-2.17 0.023651933087827186 -0.8
-2.16 0.024102596122484686 -0.8
-2.15 0.02456184607348042 -0.8
-2.14 0.025029846555588015 -0.8
-2.13 0.025506764301146442 -0.8
-2.12 0.025992769219361764 -0.8
-2.11 0.026488034456625297 -0.8
-2.1 0.026992736458636712 -0.8
-2.09 0.027507055034433802 -0.8
-2.08 0.028031173418173475 -0.8
-2.07 0.028565278328968016 -0.8
-2.06 0.029109560048244703 -0.8
-2.05 0.0296642125114591 -0.8
-2.04 0.03022943332875581 -0.8
-2.03 0.030805423756677847 -0.8
-2.02 0.03139238897312149 -0.8
-2.01 0.03199053853076449 -0.8
-2.0 0.03260008563334146 -0.8
-1.9899999999999998 0.03322124584926594 -0.8
-1.98 0.03385424011097 -0.8
-1.9699999999999998 0.03449929930607536 -0.8
-1.96 0.03515665443576789 -0.8
-1.9499999999999997 0.03582652296437165 -0.8
-1.94 0.03650913998479594 -0.8
-1.9299999999999997 0.03720479638384258 -0.8
-1.92 0.037913749713109644 -0.8
-1.9100000000000001 0.03863612909795856 -0.8
-1.9 0.03937216794299739 -0.8
-1.8900000000000001 0.040122415191394555 -0.8
-1.88 0.04088719076763299 -0.8
-1.87 0.04166617942121676 -0.8
-1.8599999999999999 0.0424595576561435 -0.8
-1.85 0.04326864439668646 -0.8
-1.8399999999999999 0.04409389174755677 -0.8
-1.83 0.04493409260190813 -0.8
-1.8199999999999998 0.04578933581253544 -0.8
-1.81 0.04666153200750698 -0.8
-1.7999999999999998 0.04755116996729593 -0.8
-1.79 0.04845776865790937 -0.8
-1.7799999999999998 0.049381649231675595 -0.8
-1.77 0.0503219537628862 -0.8
-1.7599999999999998 0.05127871721610435 -0.8
-1.75 0.052255852215887896 -0.8
-1.7399999999999998 0.053254251821362786 -0.8
-1.73 0.054269901975478756 -0.8
-1.7199999999999998 0.05530270622605266 -0.8
-1.71 0.05635498042682592 -0.8
-1.6999999999999997 0.05742707844241254 -0.8
-1.69 0.05852170752465493 -0.8
-1.6799999999999997 0.0596397416854652 -0.8
-1.67 0.06077756752639225 -0.8
-1.6600000000000001 0.061935218096829 -0.8
-1.65 0.06311380103005376 -0.8
-1.6400000000000001 0.06431351815667943 -0.8
-1.63 0.06553808455712018 -0.8
-1.62 0.06678837802117125 -0.8
-1.6099999999999999 0.06806293020837367 -0.8
-1.6 0.06936224772275855 -0.8
-1.5899999999999999 0.07068443903634136 -0.8
-1.58 0.07202958868064484 -0.8
-1.5699999999999998 0.07340002538504034 -0.8
-1.56 0.07479620897982195 -0.8
-1.5499999999999998 0.0762205548302749 -0.8
-1.54 0.07767387410846081 -0.8
-1.5299999999999998 0.07915552399503016 -0.8
-1.52 0.08066611377071739 -0.8
-1.5099999999999998 0.08220451927405074 -0.8
-1.5 0.08377109853749255 -0.8
-1.4899999999999998 0.08536665892215321 -0.8
-1.48 0.08699164564284352 -0.8
-1.4699999999999998 0.08864773572582016 -0.8
-1.46 0.09033557307000771 -0.8
-1.4499999999999997 0.0920560538487359 -0.8
-1.44 0.0938098641023598 -0.8
-1.4299999999999997 0.0955973073721711 -0.8
-1.42 0.09741902291609546 -0.8
-1.4100000000000001 0.09927567174715786 -0.8
-1.4 0.1011679262043122 -0.8
-1.3900000000000001 0.10309680365958668 -0.8
-1.38 0.10506307944369675 -0.8
-1.37 0.10706730285216357 -0.8
-1.3599999999999999 0.10911028163444665 -0.8
-1.35 0.11119169175765198 -0.8
-1.3399999999999999 0.1133122350083443 -0.8
-1.33 0.1154713338877096 -0.8
-1.3199999999999998 0.11766953092033308 -0.8
-1.31 0.11990711378537718 -0.8
-1.2999999999999998 0.12218456264768665 -0.8
-1.29 0.12450373356257903 -0.8
-1.2799999999999998 0.12686523002834169 -0.8
-1.27 0.12927228960286694 -0.8
-1.2599999999999998 0.13172579935810097 -0.8
-1.25 0.1342294764868469 -0.8
-1.2399999999999998 0.1367845458635156 -0.8
-1.23 0.13939410890073797 -0.8
-1.2199999999999998 0.14205966490077063 -0.8
-1.21 0.14478288283368218 -0.8
-1.1999999999999997 0.14756539641421582 -0.8
-1.19 0.15040711809604712 -0.8
-1.1799999999999997 0.15330965642182132 -0.8
-1.17 0.1562712968204631 -0.8
-1.1600000000000001 0.15929348812805105 -0.8
-1.15 0.16237329550770654 -0.8
-1.1400000000000001 0.1655119199538496 -0.8
-1.13 0.16870569548944794 -0.8
-1.12 0.1719555345683137 -0.8
-1.1099999999999999 0.17525746792533303 -0.8
-1.1 0.17861211551921566 -0.8
-1.0899999999999999 0.1820154975489511 -0.8
-1.08 0.1854679599927221 -0.8
-1.0699999999999998 0.188965653403792 -0.8
-1.06 0.1925086781171468 -0.8
-1.0499999999999998 0.19609332147559017 0
-1.04 0.1997511325342424 0
-1.0299999999999998 0.20347961151887736 0
-1.02 0.20727964816192482 0
-1.0099999999999998 0.21114866495261458 0
-1.0 0.2150874253069265 -0.8
-0.9900000000000002 0.21905833825585588 -0.8
-0.9799999999999995 0.22306077234704239 -0.8
-0.9699999999999998 0.22709008559779617 -0.8
-0.96 0.23114550892754537 -0.8
-0.9500000000000002 0.23522172976545289 -0.8
-0.9399999999999995 0.23931786513265868 -0.8
-0.9299999999999997 0.24342788566486742 -0.8
-0.9199999999999999 0.24755082596104924 -0.8
-0.9100000000000001 0.25168005947779437 -0.8
-0.9000000000000004 0.2558145781309479 -0.8
-0.8899999999999997 0.2599475023463962 -0.8
-0.8799999999999999 0.2640778252736471 -0.8
-0.8700000000000001 0.26819900684307546 -0.8
-0.8600000000000003 0.2723100796936023 -0.8
-0.8499999999999996 0.27640563016381764 -0.8
-0.8399999999999999 0.28048474856584726 -0.8
-0.8300000000000001 0.28454395644471436 -0.8
-0.8200000000000003 0.2885823859939091 -0.8
-0.8099999999999996 0.2925990294706923 -0.8
-0.7999999999999998 0.2965930069338294 -0.8
-0.79 0.3005657018832738 -0.8
-0.7800000000000002 0.3045161453748514 -0.8
-0.7699999999999996 0.3084472090935692 -0.8
-0.7599999999999998 0.3123577733316737 -0.8
-0.75 0.3162506269901826 -0.8
-0.7400000000000002 0.32012449975325996 -0.8
-0.7299999999999995 0.3239804974581191 -0.8
-0.7199999999999998 0.3278172840409991 -0.8
-0.71 0.33163355872644035 -0.8
-0.7000000000000002 0.33542805368060985 -0.8
-0.6899999999999995 0.33919777050698346 -0.8
-0.6799999999999997 0.34294160173245924 -0.8
-0.6699999999999999 0.3466565374344962 -0.8
-0.6600000000000001 0.350341603102405 -0.8
-0.6499999999999995 0.3539950337526761 -0.8
-0.6399999999999997 0.3576158714873705 -0.8
-0.6299999999999999 0.3612033048722777 -0.8
-0.6200000000000001 0.3647563292089834 -0.8
-0.6100000000000003 0.36827391188032854 -0.8
-0.5999999999999996 0.37175507981401645 -0.8
-0.5899999999999999 0.3751985472762584 -0.8
-0.5800000000000001 0.3786034540748994 -0.8
-0.5700000000000003 0.38196977275510285 -0.8
-0.5599999999999996 0.38529661662733716 -0.8
-0.5499999999999998 0.3885853050344786 -0.8
-0.54 0.3918346975366547 -0.8
-0.5300000000000002 0.3950440920541838 -0.8
-0.5199999999999996 0.3982122749799994 -0.8
-0.5099999999999998 0.4013345234421067 -0.8
-0.5 0.404410104468408 -0.8
-0.4900000000000002 0.4074357013230296 -0.8
-0.47999999999999954 0.4104109878347856 -0.8
-0.46999999999999975 0.4133397777369874 -0.8
-0.45999999999999996 0.4162211759252164 -0.8
-0.4500000000000002 0.41905869680806823 -0.8
-0.4399999999999995 0.42185080356819304 -0.8
-0.4299999999999997 0.4245907749200026 -0.8
-0.41999999999999993 0.42727794400074764 -0.8
-0.41000000000000014 0.4299067643478778 -0.8
-0.39999999999999947 0.43247738821721354 -0.8
-0.3899999999999997 0.4349976713036543 -0.8
-0.3799999999999999 0.4374664388622548 -0.8
-0.3700000000000001 0.43988485298564084 -0.8
-0.3600000000000003 0.4422514119445964 -0.8
-0.34999999999999964 0.44455446874062116 -0.8
-0.33999999999999986 0.4467944571698357 -0.8
-0.33000000000000007 0.44897713129483113 -0.8
-0.3200000000000003 0.4511018400593977 -0.8
-0.3099999999999996 0.4531737510907282 -0.8
-0.2999999999999998 0.45519116088694306 -0.8
-0.29000000000000004 0.4571406618159746 -0.8
-0.28000000000000025 0.4590230405823698 -0.8
-0.2699999999999996 0.46084817391861804 -0.8
-0.2599999999999998 0.46261482016627103 -0.8
-0.25 0.4643194087759577 -0.8
-0.2400000000000002 0.4659613895987281 -0.8
-0.22999999999999954 0.46753714173439714 -0.8
-0.21999999999999975 0.4690467621092028 -0.8
-0.20999999999999996 0.47049553212100553 -0.8
-0.20000000000000018 0.4718824055676768 -0.8
-0.1899999999999995 0.47320167667206553 -0.8
-0.17999999999999972 0.4744534726113555 -0.8
-0.16999999999999993 0.47564114263484925 -0.8
-0.16000000000000014 0.47676403421189806 -0.8
-0.14999999999999947 0.4778196964212902 -0.8
-0.13999999999999968 0.4788079979868948 -0.8
-0.1299999999999999 0.4797297165049563 -0.8
-0.1200000000000001 0.48058451208225544 -0.8
-0.11000000000000032 0.4813716784663105 -0.8
-0.09999999999999964 0.4820910248925198 -0.8
-0.08999999999999986 0.48274252975474846 -0.8
-0.08000000000000007 0.48332599599728554 -0.8
-0.07000000000000028 0.4838411928828051 -0.8
-0.05999999999999961 0.4842879784281753 -0.8
-0.04999999999999982 0.4846662472155693 -0.8
-0.040000000000000036 0.48497589060524215 -0.8
-0.03000000000000025 0.48521681430672675 -0.8
-0.019999999999999574 0.48538895037677954 -0.8
-0.009999999999999787 0.4854922517875192 -0.8
0.0 0.48552668901318563 -0.8
0.009999999999999787 0.48549225178753747 -0.8
0.020000000000000462 0.48538895037677876 -0.8
0.03000000000000025 0.48521681430672287 -0.8
0.040000000000000036 0.484975890605235 -0.8
0.04999999999999982 0.48466624721555784 -0.8
0.0600000000000005 0.48428797842820587 -0.8
0.07000000000000028 0.48384119288281296 -0.8
0.08000000000000007 0.4833259959972546 -0.8
0.08999999999999986 0.482742529754732 -0.8
0.10000000000000053 0.48209102489252903 -0.8
0.11000000000000032 0.4813716784663153 -0.8
0.1200000000000001 0.480584512082259 -0.8
0.1299999999999999 0.479729716504922 -0.8
0.13999999999999968 0.4788079979868728 -0.8
0.15000000000000036 0.4778196964213741 -0.8
0.16000000000000014 0.47676403421194025 -0.8
0.16999999999999993 0.47564114263468416 -0.8
0.17999999999999972 0.47445347261128273 -0.8
0.1900000000000004 0.47320167667236734 -0.8
0.20000000000000018 0.47188240556781086 -0.8
0.20999999999999996 0.4704955321205232 -0.8
0.21999999999999975 0.46904676210897184 -0.8
0.23000000000000043 0.46753714173501765 -0.8
0.2400000000000002 0.4659613895990601 -0.8
0.25 0.4643194087753576 -0.8
0.2599999999999998 0.4626148201660229 -0.8
0.27000000000000046 0.46084817391902894 -0.8
0.28000000000000025 0.45902304058227356 -0.8
0.29000000000000004 0.4571406618158823 -0.8
0.2999999999999998 0.45519116088752687 -0.8
0.3100000000000005 0.45317375109072 -0.8
0.3200000000000003 0.4511018400586489 -0.8
0.33000000000000007 0.4489771312945174 -0.8
0.33999999999999986 0.44679445716994226 -0.8
0.35000000000000053 0.44455446874111504 -0.8
0.3600000000000003 0.4422514119455202 -0.8
0.3700000000000001 0.4398848529857152 -0.8
0.3799999999999999 0.43746643886130926 -0.8
0.3899999999999997 0.4349976713026845 -0.8
0.40000000000000036 0.43247738821667525 -0.8
0.41000000000000014 0.4299067643484231 -0.8
0.41999999999999993 0.42727794400221536 -0.8
0.4299999999999997 0.4245907749211313 -0.8
0.4400000000000004 0.42185080356835253 -0.8
0.4500000000000002 0.4190586968070432 -0.8
0.45999999999999996 0.41622117592341573 -0.8
0.46999999999999975 0.41333977773562836 -0.8
0.4800000000000004 0.4104109878346157 -0.8
0.4900000000000002 0.40743570132425116 -0.8
0.5 0.40441010447056225 -0.8
0.5099999999999998 0.401334523444035 -0.8
0.5200000000000005 0.39821227498077144 -0.8
0.5300000000000002 0.395044092053334 -0.8
0.54 0.3918346975344868 -0.8
0.5499999999999998 0.3885853050318335 -0.8
0.5600000000000005 0.3852966166252805 -0.8
0.5700000000000003 0.3819697727544599 -0.8
0.5800000000000001 0.37860345407603097 -0.8
0.5899999999999999 0.3751985472788355 -0.8
0.6000000000000005 0.3717550798172676 -0.8
0.6100000000000003 0.3682739118832053 -0.8
0.6200000000000001 0.36475632921065554 -0.8
0.6299999999999999 0.36120330487212554 -0.8
0.6399999999999997 0.357615871485381 -0.8
0.6500000000000004 0.35399503374927915 -0.8
0.6600000000000001 0.3503416030984037 -0.8
0.6699999999999999 0.3466565374307214 -0.8
0.6799999999999997 0.34294160172986626 -0.8
0.6900000000000004 0.3391977705060569 -0.8
0.7000000000000002 0.33542805368168094 -0.8
0.71 0.33163355872935607 -0.8
0.7199999999999998 0.3278172840453322 -0.8
0.7300000000000004 0.32398049746329194 -0.8
0.7400000000000002 0.320124499758407 -0.8
0.75 0.3162506269946604 -0.8
0.7599999999999998 0.31235777333481635 -0.8
0.7700000000000005 0.3084472090949706 -0.8
0.7800000000000002 0.3045161453742669 -0.8
0.79 0.3005657018806626 -0.8
0.7999999999999998 0.29659300692941654 -0.8
0.8100000000000005 0.2925990294647001 -0.8
0.8200000000000003 0.28858238598683306 -0.8
0.8300000000000001 0.2845439564370356 -0.8
0.8399999999999999 0.2804847485581015 -0.8
0.8500000000000005 0.2764056301564317 -0.8
0.8600000000000003 0.27231007968706317 -0.8
0.8700000000000001 0.2681990068377076 -0.8
0.8799999999999999 0.26407782526976636 -0.8
0.8899999999999997 0.2599475023442338 -0.8
0.9000000000000004 0.25581457813066405 -0.8
0.9100000000000001 0.25168005947943334 -0.8
0.9199999999999999 0.2475508259646734 -0.8
0.9299999999999997 0.24342788567047383 -0.8
0.9400000000000004 0.23931786514017991 -0.8
0.9500000000000002 0.2352217297748555 -0.8
0.96 0.2311455089387007 -0.8
0.9699999999999998 0.22709008561063596 -0.8
0.9800000000000004 0.22306077236147226 -0.8
0.9900000000000002 0.21905833827179866 -0.8
1.0 0.21508742532430844 -0.8
1.0099999999999998 0.21114866496710122 0
1.0200000000000005 0.20727964816938135 0
1.0300000000000002 0.20347961151941973 0
1.04 0.1997511325280035 0
1.0499999999999998 0.19609332146271777 0
1.0600000000000005 0.19250867810170233 -0.8
1.0700000000000003 0.1889656533896723 -0.8
1.08 0.1854679599799988 -0.8
1.0899999999999999 0.18201549753763324 -0.8
1.1000000000000005 0.17861211550939468 -0.8
1.1100000000000003 0.17525746791702126 -0.8
1.12 0.17195553456158402 -0.8
1.13 0.16870569548431058 -0.8
1.1400000000000006 0.16551191995033698 -0.8
1.1500000000000004 0.16237329550578894 -0.8
1.1600000000000001 0.15929348812767477 -0.8
1.17 0.15627129682154944 -0.8
1.1799999999999997 0.15330965642421424 -0.8
1.1900000000000004 0.15040711809959478 -0.8
1.2000000000000002 0.14756539641861702 -0.8
1.21 0.14478288283872087 -0.8
1.2199999999999998 0.14205966490606692 -0.8
1.2300000000000004 0.13939410890598503 -0.8
1.2400000000000002 0.13678454586834363 -0.8
1.25 0.1342294764909476 -0.8
1.2599999999999998 0.13172579936116843 -0.8
1.2700000000000005 0.12927228960472675 -0.8
1.2800000000000002 0.1268652300289022 -0.8
1.29 0.12450373356184977 -0.8
1.2999999999999998 0.12218456264586706 -0.8
1.3100000000000005 0.11990711378270663 -0.8
1.3200000000000003 0.1176695309172754 -0.8
1.33 0.11547133388463054 -0.8
1.3399999999999999 0.11331223500577485 -0.8
1.3500000000000005 0.11119169175589808 -0.8
1.3600000000000003 0.10911028163376656 -0.8
1.37 0.10706730285260782 -0.8
1.38 0.10506307944507502 -0.8
1.3900000000000006 0.10309680366159361 -0.8
1.4000000000000004 0.10116792620645473 -0.8
1.4100000000000001 0.0992756717489711 -0.8
1.42 0.09741902291714845 -0.8
1.4299999999999997 0.09559730737228421 -0.8
1.4400000000000004 0.09380986410157048 -0.8
1.4500000000000002 0.0920560538473076 -0.8
1.46 0.09033557306843433 -0.8
1.4699999999999998 0.08864773572456759 -0.8
1.4800000000000004 0.08699164564230623 -0.8
1.4900000000000002 0.08536665892244533 -0.8
1.5 0.08377109853845358 -0.8
1.5099999999999998 0.08220451927525692 -0.8
1.5200000000000005 0.08066611377170309 -0.8
1.5300000000000002 0.07915552399539168 -0.8
1.54 0.0776738741081135 -0.8
1.5499999999999998 0.07622055482943463 -0.8
1.5600000000000005 0.07479620897890482 -0.8
1.5700000000000003 0.07340002538453165 -0.8
1.58 0.07202958868071573 -0.8
1.5899999999999999 0.07068443903690783 -0.8
1.6000000000000005 0.06936224772349378 -0.8
1.6100000000000003 0.0680629302087688 -0.8
1.62 0.06678837802109035 -0.8
1.63 0.06553808455665965 -0.8
1.6400000000000006 0.06431351815611996 -0.8
1.6500000000000004 0.06311380102987425 -0.8
1.6600000000000001 0.0619352180970387 -0.8
1.67 0.06077756752675284 -0.8
1.6799999999999997 0.05963974168578748 -0.8
1.6900000000000004 0.05852170752459279 -0.8
1.7000000000000002 0.05742707844208436 -0.8
1.71 0.0563549804266568 -0.8
1.7199999999999998 0.0553027062260328 -0.8
1.7300000000000004 0.05426990197559825 -0.8
1.7400000000000002 0.05325425182159127 -0.8
1.75 0.05225585221585994 -0.8
1.7599999999999998 0.05127871721591421 -0.8
1.7700000000000005 0.05032195376293246 -0.8
1.7800000000000002 0.04938164923171852 -0.8
1.79 0.048457768657778254 -0.8
1.7999999999999998 0.04755116996735992 -0.8
1.8100000000000005 0.046661532007699444 -0.8
1.8200000000000003 0.04578933581244729 -0.8
1.83 0.044934092601716644 -0.8
1.8399999999999999 0.04409389174762908 -0.8
1.8500000000000005 0.043268644396826275 -0.8
1.8600000000000003 0.04245955765610347 -0.8
1.87 0.04166617942113179 -0.8
1.88 0.040887190767649954 -0.8
1.8900000000000006 0.04012241519143972 -0.8
1.9000000000000004 0.039372167942989436 -0.8
1.9100000000000001 0.03863612909793688 -0.8
1.92 0.03791374971311321 -0.8
1.9299999999999997 0.037204796383854696 -0.8
1.9400000000000004 0.03650913998479785 -0.8
1.9500000000000002 0.03582652296436878 -0.8
1.96 0.035156654435769305 -0.8
1.9699999999999998 0.03449929930607593 -0.8
1.9800000000000004 0.03385424011096866 -0.8
1.9900000000000002 0.03322124584926448 -0.8
2.0 0.0326000856333409 -0.8
2.01 0.03199053853076421 -0.8
2.0200000000000005 0.03139238897311904 -0.8
2.0300000000000002 0.030805423756679082 -0.8
2.04 0.030229433328757285 -0.8
2.05 0.029664212511458267 -0.8
2.0600000000000005 0.029109560048243405 -0.8
2.0700000000000003 0.028565278328966232 -0.8
2.08 0.028031173418172246 -0.8
2.09 0.027507055034434815 -0.8
2.1000000000000005 0.02699273645863613 -0.8
2.1100000000000003 0.02648803445662582 -0.8
2.12 0.0259927692193611 -0.8
2.13 0.025506764301145256 -0.8
2.1400000000000006 0.0250298465555906 -0.8
2.1500000000000004 0.024561846073481542 -0.8
2.16 0.02410259612248497 -0.8
2.17 0.02365193308782828 -0.8
2.1799999999999997 0.023209696413957235 -0.8
2.1900000000000004 0.02277572854733479 -0.8
2.2 0.022349874880307923 -0.8
2.21 0.021931983696032577 -0.8
2.2199999999999998 0.02152190611442283 -0.8
2.2300000000000004 0.02111949603909905 -0.8
2.24 0.020724610105361384 -0.8
2.25 0.02033710762908522 -0.8
2.26 0.019956850556624127 -0.8
2.2700000000000005 0.019583703415614336 -0.8
2.2800000000000002 0.019217533266712328 -0.8
2.29 0.01885820965623742 -0.8
2.3 0.01850560456968628 -0.8
2.3100000000000005 0.018159592386139987 -0.8
2.3200000000000003 0.017820049833492953 -0.8
2.33 0.017486855944548334 -0.8
2.34 0.017159892013921627 -0.8
2.3500000000000005 0.016839041555735276 -0.8
2.3600000000000003 0.016524190262139932 -0.8
2.37 0.01621522596257132 -0.8
2.38 0.015912038583802347 -0.8
2.3900000000000006 0.015614520110717144 -0.8
2.4000000000000004 0.015322564547839342 -0.8
2.41 0.015036067881555686 -0.8
2.42 0.014754928043078775 -0.8
2.4299999999999997 0.014479044872060096 -0.8
2.4400000000000004 0.014208320080931673 -0.8
2.45 0.013942657219863106 -0.8
2.46 0.013681961642426937 -0.8
2.4699999999999998 0.013426140471857905 -0.8
2.4800000000000004 0.013175102567973102 -0.8
2.49 0.01292875849470391 -0.8
2.5 0.012687020488227488 -0.8
2.51 0.01244980242570403 -0.8
2.5200000000000005 0.012217019794591992 -0.8
2.5300000000000002 0.011988589662539413 -0.8
2.54 0.011764430647837425 -0.8
2.55 0.011544462890430741 -0.8
2.5600000000000005 0.011328608023460002 -0.8
2.5700000000000003 0.011116789145346223 -0.8
2.58 0.010908930792394956 -0.8
2.59 0.010704958911907458 -0.8
2.6000000000000005 0.010504800835798555 -0.8
2.6100000000000003 0.010308385254711151 -0.8
2.62 0.010115642192608517 -0.8
2.63 0.009926502981842424 -0.8
2.6400000000000006 0.009740900238694594 -0.8
2.6500000000000004 0.009558767839365498 -0.8
2.66 0.009380040896418565 -0.8
2.67 0.009204655735663012 -0.8
2.6799999999999997 0.009032549873468026 -0.8
2.6900000000000004 0.00886366199450397 -0.8
2.7 0.008697931929896438 -0.8
2.71 0.008535300635788026 -0.8
2.7199999999999998 0.008375710172309543 -0.8
2.7300000000000004 0.008219103682931364 -0.8
2.74 0.008065425374209824 -0.8
2.75 0.007914620495911243 -0.8
2.76 0.007766635321504804 -0.8
2.7700000000000005 0.007621417129021714 -0.8
2.7800000000000002 0.007478914182273652 -0.8
2.79 0.007339075712418046 -0.8
2.8 0.007201851899874273 -0.8
2.8100000000000005 0.007067193856573238 -0.8
2.8200000000000003 0.006935053608538055 -0.8
2.83 0.00680538407879805 -0.8
2.84 0.0066781390706102586 -0.8
2.8500000000000005 0.006553273251006738 -0.8
2.8600000000000003 0.006430742134639935 -0.8
2.87 0.006310502067937059 -0.8
2.88 0.006192510213545797 -0.8
2.8900000000000006 0.006076724535074184 -0.8
2.9000000000000004 0.005963103782113257 -0.8
2.91 0.005851607475542993 -0.8
2.92 0.005742195893108723 -0.8
2.9300000000000006 0.0056348300552699175 -0.8
2.9400000000000004 0.005529471711315364 -0.8
2.95 0.005426083325732552 -0.8
2.96 0.005324628064836578 -0.8
2.9699999999999998 0.0052250697836494706 -0.8
2.9800000000000004 0.005127373013018169 -0.8
2.99 0.005031502946984059 -0.8
3.0 0.00493742543037783 -0.8
3.01 0.004845106946653881 -0.8
3.0199999999999996 0.004754514605948404 -0.8
3.0299999999999994 0.004665616133363026 -0.8
3.040000000000001 0.004578379857464856 -0.8
3.0500000000000007 0.004492774699005073 -0.8
3.0600000000000005 0.004408770159842646 -0.8
3.0700000000000003 0.004326336312084891 -0.8
3.08 0.004245443787419199 -0.8
3.09 0.004166063766653962 -0.8
3.0999999999999996 0.00408816796945 -0.8
3.1099999999999994 0.00401172864424464 -0.8
3.120000000000001 0.00393671855836678 -0.8
3.130000000000001 0.00386311098833242 -0.8
3.1400000000000006 0.0037908797103252258 -0.8
3.1500000000000004 0.0037199989908549788 -0.8
3.16 0.003650443577586713 -0.8
3.17 0.0035821886903474784 -0.8
3.1799999999999997 0.0035152100122955274 -0.8
3.1899999999999995 0.0034494836812587683 -0.8
3.1999999999999993 0.003384986281232229 -0.8
3.210000000000001 0.003321694834036511 -0.8
3.2200000000000006 0.0032595867911308944 -0.8
3.2300000000000004 0.0031986400255814514 -0.8
3.24 0.0031388328241757388 -0.8
3.25 0.003080143879688759 -0.8
3.26 0.0030225522832923357 -0.8
3.2699999999999996 0.0029660375171039295 -0.8
3.2799999999999994 0.002910579446879106 -0.8
3.290000000000001 0.0028561583148372423 -0.8
3.3000000000000007 0.002802754732622296 -0.8
3.3100000000000005 0.002750349674396215 -0.8
3.3200000000000003 0.002698924470060029 -0.8
3.33 0.0026484607986032864 -0.8
3.34 0.002598940681575351 -0.8
3.3499999999999996 0.0025503464766814888 -0.8
3.3599999999999994 0.0025026608714974986 -0.8
3.370000000000001 0.00245586687730152 -0.8
3.380000000000001 0.0024099478230216486 -0.8
3.3900000000000006 0.0023648873492965643 -0.8
3.4000000000000004 0.002320669402647314 -0.8
3.41 0.002277278229758209 -0.8
3.42 0.0022346983718638806 -0.8
3.4299999999999997 0.0021929146592427266 -0.8
3.4399999999999995 0.0021519122058120633 -0.8
3.4499999999999993 0.00211167640382369 -0.8
3.460000000000001 0.0020721929186622435 -0.8
3.4700000000000006 0.0020334476837352337 -0.8
3.4800000000000004 0.001995426895463794 -0.8
3.49 0.0019581170083640322 -0.8
3.5 0.0019215047302211462 -0.8
3.51 0.0018855770173546978 -0.8
3.5199999999999996 0.0018503210699703453 -0.8
3.5299999999999994 0.0018157243276012076 -0.8
3.540000000000001 0.00178177446463132 -0.8
3.5500000000000007 0.0017484593859061225 -0.8
3.5600000000000005 0.001715767222422227 -0.8
3.5700000000000003 0.001683686327099091 -0.8
3.58 0.001652205270630235 -0.8
3.59 0.0016213128374103771 -0.8
3.5999999999999996 0.001590998021540824 -0.8
3.6099999999999994 0.001561250022907205 -0.8
3.620000000000001 0.001532058243332663 -0.8
3.630000000000001 0.0015034122828021627 -0.8
3.6400000000000006 0.0014753019357564645 -0.8
3.6500000000000004 0.0014477171874568997 -0.8
3.66 0.0014206482104179305 -0.8
3.67 0.0013940853609044047 -0.8
3.6799999999999997 0.0013680191754976857 -0.8
3.6899999999999995 0.001342440367722664 -0.8
3.700000000000001 0.0013173398247401083 -0.8
3.710000000000001 0.0012927086041000409 -0.8
3.7200000000000006 0.0012685379305556346 -0.8
3.7300000000000004 0.0012448191929368985 -0.8
3.74 0.0012215439410828888 -0.8
3.75 0.0011987038828312983 -0.8
3.76 0.0011762908810639965 -0.8
3.7699999999999996 0.0011542969508083014 -0.8
3.7799999999999994 0.001132714256392274 -0.8
3.790000000000001 0.0011115351086528088 -0.8
3.8000000000000007 0.0010907519621965135 -0.8
3.8100000000000005 0.001070357412711098 -0.8
3.8200000000000003 0.001050344194328277 -0.8
3.83 0.0010307051770379583 -0.8
3.84 0.0010114333641392083 -0.8
3.8499999999999996 0.0009925218897376268 -0.8
3.8599999999999994 0.0009739640163460618 -0.8
3.870000000000001 0.000955753132549254 -0.8
3.880000000000001 0.0009378827503635544 -0.8
3.8900000000000006 0.0009203465025686601 -0.8
3.9000000000000004 0.0009031381420680448 -0.8
3.91 0.0008862515415093987 -0.8
3.92 0.0008696806822813682 -0.8
3.9299999999999997 0.0008534196433220799 -0.8
3.9399999999999995 0.0008374626443683242 -0.8
3.950000000000001 0.0008218040855535138 -0.8
3.960000000000001 0.0008064383245310153 -0.8
3.9700000000000006 0.0007913594949602324 -0.8
3.9800000000000004 0.0007765625206869232 -0.8
3.99 0.0007620438338963184 -0.8
4.0 0.0007477969670605434 -0.8
4.01 0.0007338098821160653 -0.8
4.02 0.0007200829248225068 -0.8
4.029999999999999 0.000706637873607209 -0.8
4.040000000000001 0.0006934493852812491 -0.8
4.050000000000001 0.0006804173432214233 -0.8
4.0600000000000005 0.0006676111527157694 -0.8
4.07 0.0006553438653008443 -0.8
4.08 0.0006433629713754418 -0.8
4.09 0.0006306854050972842 -0.8
4.1 0.0006180768485816297 -0.8
4.109999999999999 0.0006083108079963313 -0.8
4.120000000000001 0.000599184779560771 -0.8
4.130000000000001 0.0005834902918576819 -0.8
4.140000000000001 0.0005669734203908296 -0.8
4.15 0.0005665925877533359 -0.8
4.16 0.0005687510356595182 -0.8
4.17 0.0005377083131446164 -0.8
4.18 0.0005023945322563789 -0.8
4.1899999999999995 0.0005294653957792183 -0.8
4.200000000000001 0.0005647289430521784 -0.8
4.210000000000001 0.0005009193196212049 -0.8
4.220000000000001 0.0004257906692065217 -0.8
4.23 0.0004830728320608522 -0.8
4.24 0.0005537903499684422 -0.8
4.25 0.0004874222222644466 -0.8
4.26 0.00040909323398908724 -0.8
4.27 0.00042075012687222096 -0.8
4.279999999999999 0.00043770285168619346 -0.8
4.290000000000001 0.0004565973815232015 -0.8
4.300000000000001 0.0004806662558115756 -0.8
4.3100000000000005 0.0004237952135622318 -0.8
4.32 0.0003571974462401193 -0.8
4.33 0.00037000336761360426 -0.8
4.34 0.0003876471881522829 -0.8
4.35 0.00041093972742707493 -0.8
4.359999999999999 0.0004392889262722227 -0.8
4.370000000000001 0.00039362758900602144 -0.8
4.380000000000001 0.00034084622178607877 -0.8
4.390000000000001 0.00032327340732930896 -0.8
4.4 0.00030574778862310035 -0.8
4.41 0.0003391025829359215 -0.8
4.42 0.000377327991196806 -0.8
4.43 0.00037376316969729603 -0.8
4.4399999999999995 0.00037161586794554557 -0.8
4.450000000000001 0.0003292993009091329 -0.8
4.460000000000001 0.0002806895386465003 -0.8
4.470000000000001 0.0002672044325374377 -0.8
4.48 0.00025460349059402623 -0.8
4.49 0.0002820432767671286 -0.8
4.5 0.0003126252801724837 -0.8
4.51 0.0003259295828311153 -0.8
4.52 0.000342043712825586 -0.8
4.529999999999999 0.00031498918241481313 -0.8
4.540000000000001 0.0002853183108229089 -0.8
4.550000000000001 0.0002511464574991483 -0.8
4.5600000000000005 0.00021306823695586556 -0.8
4.57 0.00020604085688584033 -0.8
4.58 0.0002007670361286765 -0.8
4.59 0.00022303365752861462 -0.8
4.6 0.00024701941307942474 -0.8
4.609999999999999 0.0002690183437502734 -0.8
4.620000000000001 0.0002928207426534602 -0.8
4.630000000000001 0.00028925661686370324 -0.8
4.640000000000001 0.0002872375430748579 -0.8
4.65 0.0002612529320639892 -0.8
4.66 0.00023285971653094864 -0.8
4.67 0.000202704042350465 -0.8
4.68 0.00016940406781389676 -0.8
4.6899999999999995 0.00015128830338885223 -0.8
4.700000000000001 0.00013353779313110295 -0.8
4.710000000000001 0.00013504650657618074 -0.8
4.720000000000001 0.00013845635881731385 -0.8
4.73 0.0001564237927440941 -0.8
4.74 0.00017488611317483213 -0.8
4.75 0.00019838883604295454 -0.8
4.76 0.0002216958278745527 -0.8
4.77 0.0002394749176106839 -0.8
4.779999999999999 0.0002581687923995853 -0.8
4.790000000000001 0.0002642309483576096 -0.8
4.800000000000001 0.0002721853051952164 -0.8
4.8100000000000005 0.00026630939467773976 -0.8
4.82 0.0002618153076824025 -0.8
4.83 0.0002470459644240804 -0.8
4.84 0.0002322044459615393 -0.8
4.85 0.00021237149651026597 -0.8
4.859999999999999 0.00019129102371432953 -0.8
4.870000000000001 0.00016972272113948453 -0.8
4.880000000000001 0.00014665930734694165 -0.8
4.890000000000001 0.00012582121773260774 -0.8
4.9 0.00010405230449830312 -0.8
4.91 8.558777295831485e-05 -0.8
4.92 6.711206193040357e-05 -0.8
4.93 5.199846422614239e-05 -0.8
4.9399999999999995 3.7751210946749805e-05 -0.8
4.950000000000001 2.648338205105619e-05 -0.8
4.960000000000001 1.6724745710823526e-05 -0.8
4.970000000000001 9.500308106165634e-06 -0.8
4.98 4.1678150899338845e-06 -0.8
4.99 1.052971150584505e-06 -0.8
