-5.0 7.430916365122372e-07 0
-4.99 2.964693564494824e-06 0
-4.98 6.6981587328418825e-06 0
-4.97 1.188505299243227e-05 0
-4.96 1.866064791609069e-05 0
-4.95 2.6833472638881546e-05 0
-4.94 3.6721921818773356e-05 0
-4.93 4.790894397721111e-05 0
-4.92 6.098523947560029e-05 0
-4.91 7.520396742985975e-05 0
-4.9 9.152424781968024e-05 0
-4.89 0.00010875736294807108 0
-4.88 0.00012832663665590232 0
-4.87 0.00014849285572698462 0
-4.86 0.00017122334855869623 0
-4.85 0.00019414436113054145 0
-4.84 0.00021980542741406364 0
-4.83 0.00024517076856133476 0
-4.82 0.0002733333246460947 0
-4.81 0.0003006658806229901 0
-4.8 0.00033064732014799453 0
-4.79 0.0003592730646879261 0
-4.78 0.0003900924788339621 0
-4.77 0.00041911900470153226 0
-4.76 0.00044947670452852675 0
-4.75 0.00047778627989670034 0
-4.74 0.0005060849308048088 0
-4.73 0.0005323494378058664 0
-4.72 0.0005567747365362469 0
-4.71 0.0005795021768177099 0
-4.7 0.0005981767237017652 0
-4.69 0.0006158017687228008 0
-4.68 0.0006270148188539499 0
-4.67 0.0006380477102998826 0
-4.66 0.0006405457116136146 0
-4.65 0.0006437913481759998 0
-4.64 0.0006370924617732141 0
-4.63 0.0006319395864138749 0
-4.62 0.000616615970324104 0
-4.61 0.0006033699650220911 0
-4.6 0.0005812323505171696 0
-4.59 0.0005614238717193268 0
-4.58 0.0005355490754762233 0
-4.57 0.0005121049463500197 0
-4.56 0.00048666591768736886 0
-4.55 0.00046380284185454926 0
-4.54 0.0004436811981171318 0
-4.53 0.00042640999922443056 0
-4.52 0.0004165805143860186 0
-4.51 0.0004098109120919845 0
-4.5 0.00041449056324028866 0
-4.49 0.0004218877765339517 0
-4.48 0.0004434742451489875 0
-4.47 0.00046636981835283695 0
-4.46 0.0005043092701703035 0
-4.45 0.0005410136678927484 0
-4.4399999999999995 0.0005909495572186293 0
-4.43 0.0006367039075635695 0
-4.42 0.0006904673453966093 0
-4.41 0.0007380740179239427 0
-4.4 0.0007850572506839026 0
-4.39 0.0008261038904594449 0
-4.38 0.0008561049904662615 0
-4.37 0.0008827310524420041 0
-4.36 0.000889539764017296 0
-4.35 0.0008967209145659414 0
-4.34 0.0008810113045295794 0
-4.33 0.0008690120699117794 0
-4.32 0.0008391246926622579 0
-4.31 0.0008150348692940086 0
-4.3 0.0007850923800685052 0
-4.29 0.0007618768166589931 0
-4.28 0.0007477274687179139 0
-4.27 0.0007399927933022198 0
-4.26 0.0007539463730971992 0
-4.25 0.000771750205111084 0
-4.24 0.0008171736861446174 0
-4.23 0.000861041249749189 0
-4.22 0.0009286447649274227 0
-4.21 0.0009885400373919626 0
-4.2 0.001057435653067757 0
-4.1899999999999995 0.001116067264638261 0
-4.18 0.001161906729746804 0
-4.17 0.0012010586701459809 0
-4.16 0.0012088901424428882 0
-4.15 0.001217487068965309 0
-4.14 0.0011916686893032578 0
-4.13 0.0011733316312616234 0
-4.12 0.0011372398178744253 0
-4.11 0.0011119770792834406 0
-4.1 0.0010969868604354866 0
-4.09 0.0010919474019603923 0
-4.08 0.0011211075411347556 0
-4.07 0.0011537847782601145 0
-4.06 0.0012269745560858154 0
-4.05 0.0012930129830759974 0
-4.04 0.0013819148084983546 0
-4.03 0.0014565642845553995 0
-4.02 0.0015184582343716192 0
-4.01 0.001570098579525375 0
-4.0 0.0015777060491164094 0
-3.99 0.0015872406837779587 0
-3.98 0.001552197091280109 0
-3.9699999999999998 0.0015297314745850883 0
-3.96 0.001497388409994739 0
-3.95 0.001480589179546935 0
-3.94 0.001498612948182419 0
-3.9299999999999997 0.0015249372933478313 0
-3.92 0.0016068462070712955 0
-3.91 0.0016812603132472445 0
-3.9 0.0017890859880151377 0
-3.8899999999999997 0.0018781957115291887 0
-3.88 0.0019465739923289534 0
-3.87 0.0020032466790861165 0
-3.86 0.0019980870312053685 0
-3.8499999999999996 0.001999984353671125 0
-3.84 0.001956119026140241 0
-3.83 0.0019321056861100097 0
-3.8200000000000003 0.0019252797224234735 0
-3.81 0.0019350092554588057 0
-3.8 0.002012232652542903 0
-3.79 0.002086084751956231 0
-3.7800000000000002 0.0022142018341038206 0
-3.77 0.002319745150068651 0
-3.76 0.0024072246543861506 0
-3.75 0.002478720602609298 0
-3.74 0.0024726493714021776 0
-3.73 0.002476644847300021 0
-3.7199999999999998 0.002430659161591036 0
-3.71 0.0024107731374070217 0
-3.7 0.0024307662921923983 0
-3.69 0.002465964857342842 0
-3.6799999999999997 0.002589772789136442 0
-3.67 0.00269793951077169 0
-3.66 0.002838994748282954 0
-3.65 0.0029516251627278852 0
-3.6399999999999997 0.002993335224178637 0
-3.63 0.0030334400419514246 0
-3.62 0.0029867786922152945 0
-3.61 0.002969090338983529 0
-3.5999999999999996 0.002969659546475635 0
-3.59 0.0029947201481817206 0
-3.58 0.003125479751074692 0
-3.5700000000000003 0.0032420471185272727 0
-3.56 0.003408454667000921 0
-3.55 0.003540313822876271 0
-3.54 0.0035871301389056986 0
-3.5300000000000002 0.0036336254412396105 0
-3.52 0.0035824431263878093 0
-3.51 0.003568387673770206 0
-3.5 0.0036004753508106528 0
-3.49 0.003654330318063718 0
-3.48 0.0038351663585512786 0
-3.4699999999999998 0.003986471903695958 0
-3.46 0.0041445456791006155 0
-3.45 0.0042700858401046845 0
-3.44 0.004261005888859505 0
-3.4299999999999997 0.004275747761393401 0
-3.42 0.004244819713106646 0
-3.41 0.004257598035368495 0
-3.4 0.004403607787480574 0
-3.3899999999999997 0.0045393639422437165 0
-3.38 0.0047595815726557055 0
-3.37 0.004931844002025589 0
-3.36 0.0049781216315581914 0
-3.3499999999999996 0.005032524983543675 0
-3.34 0.004982382530065232 0
-3.33 0.004986910428429359 0
-3.3200000000000003 0.005121570123385582 0
-3.31 0.0052558074556160244 0
-3.3 0.0055107574816608 0
-3.29 0.005709594647409481 0
-3.2800000000000002 0.005772527794378078 0
-3.27 0.005843001758832512 0
-3.26 0.005794943869011219 0
-3.25 0.005809498103107726 0
-3.24 0.005987126836230023 0
-3.23 0.006154765606171359 0
-3.2199999999999998 0.006429981035426521 0
-3.21 0.006642785866538014 0
-3.2 0.006661404753896273 0
-3.19 0.006712040098892334 0
-3.1799999999999997 0.006704647326689128 0
-3.17 0.006759875988373119 0
-3.16 0.0070460171017916705 0
-3.15 0.0072826389610401426 0
-3.1399999999999997 0.007504093328030565 0
-3.13 0.007684218419829462 0
-3.12 0.007629078103810724 0
-3.11 0.007651549309271326 0
-3.0999999999999996 0.007808364003910289 0
-3.09 0.007978379747300588 0
-3.08 0.0083365459108121 0
-3.0700000000000003 0.008610981712666083 0
-3.06 0.008640395573737612 0
-3.05 0.00871506121475846 0
-3.04 0.008752247323848734 0
-3.0300000000000002 0.008856991612027205 0
-3.02 0.009257940430310328 0
-3.01 0.009570633165771194 0
-3.0 0.009711608103510053 0
-2.9899999999999998 0.009858410931620385 0
-2.98 0.009835937978534513 0
-2.9699999999999998 0.009912687212672367 0
-2.96 0.010329398001561905 0
-2.95 0.010661970357355064 0
-2.94 0.010873419472232176 0
-2.93 0.011069639821347732 0
-2.92 0.01103224163150154 0
-2.91 0.011112181267584039 0
-2.9 0.011576900400076308 0
-2.89 0.011944926372720072 0
-2.88 0.012152542106089535 0
-2.87 0.012356574065922459 0
-2.86 0.01234848753710781 0
-2.85 0.012462412583466115 0
-2.84 0.013021387855794757 0
-2.83 0.013446690803292246 0
-2.82 0.013543632718251227 0
-2.81 0.013700588234544921 0
-2.8 0.013838828791835397 0
-2.79 0.014053745250788027 0
-2.78 0.01466225420904936 0
-2.77 0.015114979754980103 0
-2.76 0.01502833317155071 0
-2.75 0.015112236837691022 0
-2.7399999999999998 0.015622167431388854 0
-2.73 0.0160494071426852 0
-2.7199999999999998 0.016389719034317046 0
-2.71 0.01670344298273676 0
-2.6999999999999997 0.016728983955252442 0
-2.69 0.01691130442335582 0
-2.68 0.01770891890895115 0
-2.67 0.018282456450463485 0
-2.66 0.018083246987970085 0
-2.65 0.018149374232706118 0
-2.64 0.019020386595795486 0
-2.63 0.019651921891496203 0
-2.62 0.019579821714827157 0
-2.61 0.019722548228240572 0
-2.6 0.02044177196114027 0
-2.59 0.021009487712580516 0
-2.58 0.021167352538080594 0
-2.57 0.02144410195619967 0
-2.56 0.022011119270816292 0
-2.55 0.022512769019904788 0
-2.54 0.02284269415108565 0
-2.53 0.023226564449599287 0
-2.52 0.023727406617240335 0
-2.51 0.02421033093339289 0
-2.5 0.024640558631870955 0
-2.4899999999999998 0.025093738492613735 0
-2.48 0.025588238385461592 0
-2.4699999999999998 0.02608391505938014 0
-2.46 0.02657158015345692 0
-2.4499999999999997 0.02707286666284316 0
-2.44 0.02759265705815185 0
-2.43 0.028120770039911903 0
-2.42 0.02865544197103069 0
-2.41 0.02920115673530708 0
-2.4 0.02975895172267582 0
-2.39 0.030326632112601316 0
-2.38 0.03090383251161465 0
-2.37 0.03149202652068654 0
-2.36 0.03209156132075635 0
-2.35 0.03270260925696155 0
-2.34 0.03332543546138241 0
-2.33 0.03396040225763085 0
-2.32 0.034607853755352226 0
-2.31 0.035267677955579495 0
-2.3 0.03594007690405532 0
-2.29 0.036625158846625275 0
-2.28 0.03732309648287725 0
-2.27 0.03803421920165658 0
-2.26 0.038758752388734864 0
-2.25 0.03949709110752025 0
-2.2399999999999998 0.0402495250076685 0
-2.23 0.041016319690183885 0
-2.2199999999999998 0.04179776135609295 0
-2.21 0.04259406329226006 0
-2.1999999999999997 0.043405483832731316 0
-2.19 0.04423235221548118 0
-2.18 0.04507495107476279 0
-2.17 0.045933722439828524 0
-2.16 0.046809025158347936 0
-2.15 0.04770121291079233 0
-2.14 0.04861068756389731 0
-2.13 0.049537568929395405 0
-2.12 0.05048220366024137 0
-2.11 0.051444605909538484 0
-2.1 0.052425011374481516 0
-2.09 0.05342365114656866 0
-2.08 0.05444071480650429 0
-2.07 0.0554768555436769 0
-2.06 0.05653236337417099 0
-2.05 0.0576081655832731 0
-2.04 0.05870475454446046 0
-2.03 0.05982290591453148 0
-2.02 0.060963271063175666 0
-2.01 0.062126104291257304 0
-2.0 0.06331204273312556 0
-1.9899999999999998 0.06452082075228659 0
-1.98 0.06575288101745036 0
-1.9699999999999998 0.06700785215134404 0
-1.96 0.06828593144795085 0
-1.9499999999999997 0.0695872030429712 0
-1.94 0.07091174632516604 0
-1.9299999999999997 0.07226042956322715 0
-1.92 0.07363344810381604 0
-1.9100000000000001 0.07503231815756549 0
-1.9 0.07645754820215316 0
-1.8900000000000001 0.07791076251383054 0
-1.88 0.07939282125354485 0
-1.87 0.08090481753966695 0
-1.8599999999999999 0.0824478144891395 0
-1.85 0.08402199266877063 0
-1.8399999999999999 0.08562835813667156 0
-1.83 0.0872662646420685 0
-1.8199999999999998 0.08893642292142004 0
-1.81 0.09063787536267749 0
-1.7999999999999998 0.09237093887770774 0
-1.79 0.09413504453659806 0
-1.7799999999999998 0.0959302039045044 0
-1.77 0.09775680328464745 0
-1.7599999999999998 0.09961478556305332 0
-1.75 0.10150568436933143 0
-1.7399999999999998 0.10342965914248052 0
-1.73 0.10538913888269513 0
-1.7199999999999998 0.10738472043455262 0
-1.71 0.10941914184125552 0
-1.6999999999999997 0.11149351321622321 0
-1.69 0.11361018494376332 0
-1.6799999999999997 0.11577068963656875 0
-1.67 0.11797642480917195 0
-1.6600000000000001 0.12022912401278234 0
-1.65 0.12252897173215788 0
-1.6400000000000001 0.12487762712821328 0
-1.63 0.12727416828547264 0
-1.62 0.12971992847547617 0
-1.6099999999999999 0.13221329624817607 0
-1.6 0.1347551324031292 0
-1.5899999999999999 0.1373437385704327 0
-1.58 0.139979458409605 0
-1.5699999999999998 0.14266111411683158 0
-1.56 0.14538867234365255 0
-1.5499999999999998 0.14816198915830733 0
-1.54 0.15098075542318767 0
-1.5299999999999998 0.15384608839708183 0
-1.52 0.15675783589153552 0
-1.5099999999999998 0.15971849500208515 0
-1.5 0.1627279172858268 0
-1.4899999999999998 0.1657895890808289 0
-1.48 0.1689043070799815 0
-1.4699999999999998 0.17207653398464423 0
-1.46 0.17530676596812597 0
-1.4499999999999997 0.17859936827875217 0
-1.44 0.18195692946203232 0
-1.4299999999999997 0.18538430985096524 0
-1.42 0.18888235500563874 0
-1.4100000000000001 0.19245439708135145 0
-1.4 0.19610514067304394 0
-1.3900000000000001 0.1998384413150156 0
-1.38 0.20365489169205694 0
-1.37 0.20755562592247986 0
-1.3599999999999999 0.21154661362866006 0
-1.35 0.21562973312750747 0
-1.3399999999999999 0.21980599943494697 0
-1.33 0.22407472083081248 0
-1.3199999999999998 0.22844003968335605 0
-1.31 0.23290092379341118 0
-1.2999999999999998 0.2374617285419628 0
-1.29 0.24212160404908126 0
-1.2799999999999998 0.2468789539891472 0
-1.27 0.2517294731088038 0
-1.2599999999999998 0.25668209257837027 0
-1.25 0.2617364730382091 0
-1.2399999999999998 0.2668873494119801 0
-1.23 0.2721294734594525 0
-1.2199999999999998 0.2774690566132358 0
-1.21 0.28290379693187734 0
-1.1999999999999997 0.28843495628709226 0
-1.19 0.29406041045869774 0
-1.1799999999999997 0.29977520955727377 0
-1.17 0.30557371752424584 0
-1.1600000000000001 0.3114642736072052 0
-1.15 0.3174465022015386 0
-1.1400000000000001 0.32351491297927676 0
-1.13 0.3296658935881228 0
-1.12 0.33589769757544985 0
-1.1099999999999999 0.34220598645104783 0
-1.1 0.34859745059497405 0
-1.0899999999999999 0.3550724943979957 0
-1.08 0.36162260087221965 0
-1.0699999999999998 0.36824357402039076 0
-1.06 0.37493511358585735 0
-1.0499999999999998 0.38169357014475624 0.8
-1.04 0.3885858669767571 0.8
-1.0299999999999998 0.39561465912918103 0.8
-1.02 0.40277266876148565 0.8
-1.0099999999999998 0.41005768970479023 0.8
-1.0 0.41747075148620605 0
-0.9900000000000002 0.42494240653314513 0
-0.9799999999999995 0.4324780056282632 0
-0.9699999999999998 0.4400772682895879 0
-0.96 0.4477310859745116 0
-0.9500000000000002 0.45543461832762056 0
-0.9399999999999995 0.46318325313729075 0
-0.9299999999999997 0.47097028008719444 0
-0.9199999999999999 0.47880152420106475 0
-0.9100000000000001 0.48667460713953553 0
-0.9000000000000004 0.4945833780075256 0
-0.8899999999999997 0.502522710580515 0
-0.8799999999999999 0.5104835596128484 0
-0.8700000000000001 0.5184563704673187 0
-0.8600000000000003 0.5264452231190807 0
-0.8499999999999996 0.5344437549587625 0
-0.8399999999999999 0.5424518960533532 0
-0.8300000000000001 0.5504640704397493 0
-0.8200000000000003 0.5584696128620626 0
-0.8099999999999996 0.5664577614546806 0
-0.7999999999999998 0.5744265248110484 0
-0.79 0.582364957212881 0
-0.7800000000000002 0.5902783949954896 0
-0.7699999999999996 0.5981598536009591 0
-0.7599999999999998 0.6060046636628496 0
-0.75 0.613804404368393 0
-0.7400000000000002 0.6215508607153717 0
-0.7299999999999995 0.6292325176465678 0
-0.7199999999999998 0.6368521547603476 0
-0.71 0.6444013391109756 0
-0.7000000000000002 0.6518851257768957 0
-0.6899999999999995 0.6592995398859971 0
-0.6799999999999997 0.6666398914430285 0
-0.6699999999999999 0.6739017920739093 0
-0.6600000000000001 0.6810798386784584 0
-0.6499999999999995 0.688169162163151 0
-0.6399999999999997 0.6951737983746104 0
-0.6299999999999999 0.7020933285730411 0
-0.6200000000000001 0.7089327035531765 0
-0.6100000000000003 0.715696270928873 0
-0.5999999999999996 0.7223801928098882 0
-0.5899999999999999 0.7289889741174258 0
-0.5800000000000001 0.735516447213673 0
-0.5700000000000003 0.7419658034955249 0
-0.5599999999999996 0.7483375480592881 0
-0.5499999999999998 0.7546362017705395 0
-0.54 0.7608645037505153 0
-0.5300000000000002 0.7670285470629343 0
-0.5199999999999996 0.7731245181859675 0
-0.5099999999999998 0.779156215061275 0
-0.5 0.7851151237602092 0
-0.4900000000000002 0.7910000653550262 0
-0.47999999999999954 0.7968062076272033 0
-0.46999999999999975 0.8025288999534089 0
-0.45999999999999996 0.8081685690265789 0
-0.4500000000000002 0.8137195974238188 0
-0.4399999999999995 0.8191817257351208 0
-0.4299999999999997 0.8245486092000351 0
-0.41999999999999993 0.8298161629813796 0
-0.41000000000000014 0.8349766652768154 0
-0.39999999999999947 0.8400260776757321 0
-0.3899999999999997 0.8449566206231676 0
-0.3799999999999999 0.8497686487453995 0
-0.3700000000000001 0.8544572918646125 0
-0.3600000000000003 0.8590260414912881 0
-0.34999999999999964 0.8634747093716015 0
-0.33999999999999986 0.8678053551088679 0
-0.33000000000000007 0.8720215355874407 0
-0.3200000000000003 0.8761217985163866 0
-0.3099999999999996 0.8801109733995996 0
-0.2999999999999998 0.8839858997457116 0
-0.29000000000000004 0.8877505191237766 0
-0.28000000000000025 0.8914023442213993 0
-0.2699999999999996 0.8949431891579854 0
-0.2599999999999998 0.8983715386548284 0
-0.25 0.9016864507972369 0
-0.2400000000000002 0.904886397030119 0
-0.22999999999999954 0.9079676558643813 0
-0.21999999999999975 0.910928455010871 0
-0.20999999999999996 0.9137633189450013 0
-0.20000000000000018 0.9164710722409221 0
-0.1899999999999995 0.9190465490701205 0
-0.17999999999999972 0.9214897495295248 0
-0.16999999999999993 0.9237979423954703 0
-0.16000000000000014 0.925971755355706 0
-0.14999999999999947 0.9280117662407059 0
-0.13999999999999968 0.9299182050624657 0
-0.1299999999999999 0.9316940207440823 0
-0.1200000000000001 0.9333386860899651 0
-0.11000000000000032 0.9348554067220545 0
-0.09999999999999964 0.9362434204347897 0
-0.08999999999999986 0.9375042278009703 0
-0.08000000000000007 0.9386374261575001 0
-0.07000000000000028 0.9396421025920626 0
-0.05999999999999961 0.9405181241026197 0
-0.04999999999999982 0.9412629443100005 0
-0.040000000000000036 0.9418760782511383 0
-0.03000000000000025 0.9423549542310614 0
-0.019999999999999574 0.9426984018698883 0
-0.009999999999999787 0.9429051880363014 0
0.0 0.9429739748275526 0
0.009999999999999787 0.9429051880313701 0
0.020000000000000462 0.9426984018610256 0
0.03000000000000025 0.9423549542199208 0
0.040000000000000036 0.9418760782400071 0
0.04999999999999982 0.9412629443008449 0
0.0600000000000005 0.9405181240975314 0
0.07000000000000028 0.9396421025919051 0
0.08000000000000007 0.9386374261624385 0
0.08999999999999986 0.9375042278100598 0
0.10000000000000053 0.9362434204463522 0
0.11000000000000032 0.9348554067339513 0
0.1200000000000001 0.9333386860998525 0
0.1299999999999999 0.9316940207501899 0
0.13999999999999968 0.929918205063535 0
0.15000000000000036 0.9280117662367501 0
0.16000000000000014 0.9259717553476529 0
0.16999999999999993 0.9237979423847327 0
0.17999999999999972 0.9214897495183538 0
0.1900000000000004 0.9190465490602173 0
0.20000000000000018 0.9164710722340591 0
0.20999999999999996 0.9137633189417698 0
0.21999999999999975 0.9109284550112682 0
0.23000000000000043 0.9079676558679487 0
0.2400000000000002 0.9048863970353738 0
0.25 0.9016864508032932 0
0.2599999999999998 0.8983715386606376 0
0.27000000000000046 0.8949431891632925 0
0.28000000000000025 0.8914023442263843 0
0.29000000000000004 0.8877505191287502 0
0.2999999999999998 0.8839858997510633 0
0.3100000000000005 0.8801109734051181 0
0.3200000000000003 0.8761217985216512 0
0.33000000000000007 0.872021535591273 0
0.33999999999999986 0.867805355110126 0
0.35000000000000053 0.8634747093690581 0
0.3600000000000003 0.8590260414845351 0
0.3700000000000001 0.8544572918540988 0
0.3799999999999999 0.8497686487324876 0
0.3899999999999997 0.8449566206096363 0
0.40000000000000036 0.8400260776637871 0
0.41000000000000014 0.8349766652676441 0
0.41999999999999993 0.8298161629759315 0
0.4299999999999997 0.8245486091981548 0
0.4400000000000004 0.8191817257358578 0
0.4500000000000002 0.8137195974262847 0
0.45999999999999996 0.8081685690299569 0
0.46999999999999975 0.8025288999576994 0
0.4800000000000004 0.7968062076329011 0
0.4900000000000002 0.7910000653629342 0
0.5 0.7851151237707873 0
0.5099999999999998 0.7791562150744104 0
0.5200000000000005 0.7731245182007156 0
0.5300000000000002 0.7670285470777009 0
0.54 0.7608645037634285 0
0.5499999999999998 0.754636201780479 0
0.5600000000000005 0.7483375480657614 0
0.5700000000000003 0.7419658034990336 0
0.5800000000000001 0.7355164472151228 0
0.5899999999999999 0.7289889741176396 0
0.6000000000000005 0.7223801928090638 0
0.6100000000000003 0.7156962709262659 0
0.6200000000000001 0.7089327035480114 0
0.6299999999999999 0.7020933285642383 0
0.6399999999999997 0.6951737983622494 0
0.6500000000000004 0.6881691621479383 0
0.6600000000000001 0.6810798386616472 0
0.6699999999999999 0.6739017920569927 0
0.6799999999999997 0.6666398914267109 0
0.6900000000000004 0.6592995398700995 0
0.7000000000000002 0.6518851257611076 0
0.71 0.644401339094396 0
0.7199999999999998 0.6368521547431466 0
0.7300000000000004 0.6292325176295861 0
0.7400000000000002 0.6215508606997042 0
0.75 0.613804404355313 0
0.7599999999999998 0.6060046636526466 0
0.7700000000000005 0.5981598535931743 0
0.7800000000000002 0.590278394989513 0
0.79 0.5823649572079056 0
0.7999999999999998 0.5744265248074079 0
0.8100000000000005 0.5664577614532402 0
0.8200000000000003 0.5584696128634714 0
0.8300000000000001 0.5504640704447735 0
0.8399999999999999 0.542451896061434 0
0.8500000000000005 0.5344437549689429 0
0.8600000000000003 0.5264452231309321 0
0.8700000000000001 0.5184563704806601 0
0.8799999999999999 0.5104835596280911 0
0.8899999999999997 0.5025227105987712 0
0.9000000000000004 0.4945833780286281 0
0.9100000000000001 0.48667460716315114 0
0.9199999999999999 0.4788015242265878 0
0.9299999999999997 0.4709702801137857 0
0.9400000000000004 0.46318325316510967 0
0.9500000000000002 0.45543461835750115 0
0.96 0.4477310860065428 0
0.9699999999999998 0.44007726832399335 0
0.9800000000000004 0.4324780056645503 0
0.9900000000000002 0.4249424065702947 0
1.0 0.41747075152433794 0
1.0099999999999998 0.4100576897361555 0.8
1.0200000000000005 0.402772668778145 0.8
1.0300000000000002 0.3956146591319677 0.8
1.04 0.38858586696563713 0.8
1.0499999999999998 0.38169357011902194 0.8
1.0600000000000005 0.3749351135536401 0
1.0700000000000003 0.36824357398955754 0
1.08 0.36162260084274483 0
1.0899999999999999 0.3550724943705385 0
1.1000000000000005 0.3485974505692475 0
1.1100000000000003 0.3422059864262502 0
1.12 0.3358976975518533 0
1.13 0.3296658935662824 0
1.1400000000000006 0.32351491295892526 0
1.1500000000000004 0.3174465021830213 0
1.1600000000000001 0.3114642735905476 0
1.17 0.30557371750874235 0
1.1799999999999997 0.29977520954325004 0
1.1900000000000004 0.2940604104467633 0
1.2000000000000002 0.28843495627683174 0
1.21 0.28290379692312356 0
1.2199999999999998 0.27746905660644844 0
1.2300000000000004 0.2721294734542807 0
1.2400000000000002 0.26688734940804865 0
1.25 0.2617364730362434 0
1.2599999999999998 0.256682092578159 0
1.2700000000000005 0.25172947310975957 0
1.2800000000000002 0.24687895399163567 0
1.29 0.24212160405331837 0
1.2999999999999998 0.23746172854699027 0
1.3100000000000005 0.2329009237992033 0
1.3200000000000003 0.22844003969070026 0
1.33 0.22407472083926583 0
1.3399999999999999 0.21980599944330292 0
1.3500000000000005 0.21562973313608513 0
1.3600000000000003 0.21154661363813082 0
1.37 0.20755562593210683 0
1.38 0.20365489170100282 0
1.3900000000000006 0.1998384413234909 0
1.4000000000000004 0.19610514068132726 0
1.4100000000000001 0.19245439708898704 0
1.42 0.18888235501200865 0
1.4299999999999997 0.18538430985629648 0
1.4400000000000004 0.18195692946632405 0
1.4500000000000002 0.17859936828178724 0
1.46 0.17530676596973488 0
1.4699999999999998 0.17207653398496298 0
1.4800000000000004 0.16890430707907902 0
1.4900000000000002 0.1657895890787867 0
1.5 0.16272791728264532 0
1.5099999999999998 0.15971849499803673 0
1.5200000000000005 0.15675783588681327 0
1.5300000000000002 0.15384608839186886 0
1.54 0.15098075541781106 0
1.5499999999999998 0.14816198915294918 0
1.5600000000000005 0.1453886723386259 0
1.5700000000000003 0.1426611141122923 0
1.58 0.1399794584058888 0
1.5899999999999999 0.1373437385676168 0
1.6000000000000005 0.13475513240138237 0
1.6100000000000003 0.13221329624750916 0
1.62 0.12971992847595334 0
1.63 0.12727416828696528 0
1.6400000000000006 0.12487762713059684 0
1.6500000000000004 0.12252897173525307 0
1.6600000000000001 0.1202291240163658 0
1.67 0.11797642481294295 0
1.6799999999999997 0.11577068964025783 0
1.6900000000000004 0.11361018494712027 0
1.7000000000000002 0.11149351321895712 0
1.71 0.10941914184321878 0
1.7199999999999998 0.10738472043558014 0
1.7300000000000004 0.10538913888277825 0
1.7400000000000002 0.10342965914159781 0
1.75 0.1015056843675899 0
1.7599999999999998 0.09961478556068971 0
1.7700000000000005 0.09775680328188302 0
1.7800000000000002 0.09593020390162707 0
1.79 0.09413504453391698 0
1.7999999999999998 0.09237093887548509 0
1.8100000000000005 0.09063787536107351 0
1.8200000000000003 0.08893642292066345 0
1.83 0.08726626464214768 0
1.8399999999999999 0.08562835813757423 0
1.8500000000000005 0.08402199267037858 0
1.8600000000000003 0.08244781449119758 0
1.87 0.08090481754195747 0
1.88 0.07939282125571248 0
1.8900000000000006 0.07791076251565897 0
1.9000000000000004 0.07645754820336272 0
1.9100000000000001 0.07503231815806977 0
1.92 0.07363344810352276 0
1.9299999999999997 0.07226042956222316 0
1.9400000000000004 0.07091174632364493 0
1.9500000000000002 0.06958720304115294 0
1.96 0.06828593144612292 0
1.9699999999999998 0.06700785214977027 0
1.9800000000000004 0.06575288101641727 0
1.9900000000000002 0.06452082075190878 0
2.0 0.06331204273345642 0
2.01 0.06212610429220356 0
2.0200000000000005 0.060963271064538666 0
2.0300000000000002 0.05982290591609153 0
2.04 0.05870475454591088 0
2.05 0.05760816558436617 0
2.0600000000000005 0.05653236337469566 0
2.0700000000000003 0.05547685554356339 0
2.08 0.05444071480577191 0
2.09 0.05342365114547506 0
2.1000000000000005 0.052425011373260826 0
2.1100000000000003 0.05144460590814196 0
2.12 0.05048220365904274 0
2.13 0.04953756892963782 0
2.1400000000000006 0.048610687565301236 0
2.1500000000000004 0.047701212909542434 0
2.16 0.04680902515549866 0
2.17 0.04593372244745944 0
2.1799999999999997 0.04507495108840246 0
2.1900000000000004 0.044232352195280045 0
2.2 0.04340548379225825 0
2.21 0.04259406335584658 0
2.2199999999999998 0.04179776148021609 0
2.2300000000000004 0.041016319496095445 0
2.24 0.04024952463106414 0
2.25 0.03949709167243869 0
2.26 0.03875875348696924 0
2.2700000000000005 0.03803421759451475 0
2.2800000000000002 0.037323093366439075 0
2.29 0.036625163283258835 0
2.3 0.035940085491140396 0
2.3100000000000005 0.03526766609074368 0
2.3200000000000003 0.0346078308247292 0
2.33 0.03396043299258769 0
2.34 0.03332549477070945 0
2.3500000000000005 0.03270253223897715 0
2.3600000000000003 0.032091412908578754 0
2.37 0.031492212979688794 0
2.38 0.030904191339378755 0
2.3900000000000006 0.03032619658832462 0
2.4000000000000004 0.029758114640503982 0
2.41 0.0292021366664272 0
2.42 0.0286573233225493 0
2.4299999999999997 0.028118650053641295 0
2.4400000000000004 0.0275885905225824 0
2.45 0.027077268466175215 0
2.46 0.02658001821203249 0
2.4699999999999998 0.026075165394832317 0
2.4800000000000004 0.02557147374378261 0
2.49 0.025110352920449268 0
2.5 0.0246723830368946 0
2.51 0.0241803234202592 0
2.5200000000000005 0.02366992232861337 0
2.5300000000000002 0.023278012588771307 0
2.54 0.022941300694628252 0
2.55 0.02242970429068686 0
2.5600000000000005 0.021851689177331112 0
2.5700000000000003 0.021570290968447123 0
2.58 0.021409873140995038 0
2.59 0.02083197574852572 0
2.6000000000000005 0.020099398064764035 0
2.6100000000000003 0.019953483546823494 0
2.62 0.020026592071473188 0
2.63 0.019382223785210175 0
2.6400000000000006 0.018494168416806234 0
2.6500000000000004 0.01842710887720159 0
2.66 0.018630389346222583 0
2.67 0.018046815895118175 0
2.6799999999999997 0.017234510781664526 0
2.6900000000000004 0.017048467831395877 0
2.7 0.017022219319428242 0
2.71 0.01670159419236509 0
2.7199999999999998 0.016354244497993997 0
2.7300000000000004 0.01591911440232365 0
2.74 0.01539968928661408 0
2.75 0.015315100915884297 0
2.76 0.01540397153057712 0
2.7700000000000005 0.014942289819414277 0
2.7800000000000002 0.014321916856463219 0
2.79 0.01410201436931164 0
2.8 0.013960614014497802 0
2.8100000000000005 0.01380114250457292 0
2.8200000000000003 0.01370270878444445 0
2.83 0.013270117774643311 0
2.84 0.012700911081049406 0
2.8500000000000005 0.012584129756280376 0
2.8600000000000003 0.012591901392367096 0
2.87 0.012383395583941163 0
2.88 0.012171536105708577 0
2.8900000000000006 0.01179742805287824 0
2.9000000000000004 0.011324408030365697 0
2.91 0.011243132426017616 0
2.92 0.011281299713896848 0
2.9300000000000006 0.011080332325502911 0
2.9400000000000004 0.010864274738068957 0
2.95 0.010525714905943262 0
2.96 0.010101323353435561 0
2.9699999999999998 0.010023883437445074 0
2.9800000000000004 0.010047212972393289 0
2.99 0.009896779064038717 0
3.0 0.00975260275998196 0
3.01 0.00943375168263923 0
3.0199999999999996 0.00902512239189689 0
3.0299999999999994 0.008919322713673596 0
3.040000000000001 0.008881964089391917 0
3.0500000000000007 0.00880532005045547 0
3.0600000000000005 0.00877497763850916 0
3.0700000000000003 0.008494851852676136 0
3.08 0.008129675975383227 0
3.09 0.007957360154970852 0
3.0999999999999996 0.007798074983705559 0
3.1099999999999994 0.007774719534548516 0
3.120000000000001 0.007830604953237605 0
3.130000000000001 0.007646604293631968 0
3.1400000000000006 0.007420745901371941 0
3.1500000000000004 0.0071805290916619234 0
3.16 0.0068894013612257575 0
3.17 0.006832534896160461 0
3.1799999999999997 0.00683971066421719 0
3.1899999999999995 0.006787958964229009 0
3.1999999999999993 0.006768944875702374 0
3.210000000000001 0.006552840883656757 0
3.2200000000000006 0.00627273543499005 0
3.2300000000000004 0.006101097585970084 0
3.24 0.0059196602983555315 0
3.25 0.005905215629025237 0
3.26 0.005954430314736685 0
3.2699999999999996 0.005882794481454554 0
3.2799999999999994 0.005818724682589942 0
3.290000000000001 0.005615479342602136 0
3.3000000000000007 0.005355393263888023 0
3.3100000000000005 0.0052193322206473365 0
3.3200000000000003 0.005082476388486979 0
3.33 0.005077267958818458 0
3.34 0.005128032919675985 0
3.3499999999999996 0.0050729382847928255 0
3.3599999999999994 0.005025972150068611 0
3.370000000000001 0.004850351538113557 0
3.380000000000001 0.004625888051017314 0
3.3900000000000006 0.004487423992130809 0
3.4000000000000004 0.0043385802425833075 0
3.41 0.004325773009817436 0
3.42 0.004357402981217443 0
3.4299999999999997 0.004342142464138816 0
3.4399999999999995 0.00435127070854347 0
3.4499999999999993 0.004223552298076243 0
3.460000000000001 0.0040625691105382455 0
3.4700000000000006 0.003908220334910531 0
3.4800000000000004 0.0037238627346220083 0
3.49 0.003669087420879224 0
3.5 0.003636443533639646 0
3.51 0.0036506999551428245 0
3.5199999999999996 0.003702820614006047 0
3.5299999999999994 0.0036554805203441385 0
3.540000000000001 0.0036077935024821897 0
3.5500000000000007 0.003473398534367532 0
3.5600000000000005 0.0033038091307144497 0
3.5700000000000003 0.003185032632871553 0
3.58 0.0030517873154542363 0
3.59 0.0030262434902212404 0
3.5999999999999996 0.0030256603907171625 0
3.6099999999999994 0.0030436885134130114 0
3.620000000000001 0.003091240464476176 0
3.630000000000001 0.003050370185835021 0
3.6400000000000006 0.0030078647053713883 0
3.6500000000000004 0.002893088821576213 0
3.66 0.002749346201173151 0
3.67 0.002639118234517523 0
3.6799999999999997 0.0025129511571441204 0
3.6899999999999995 0.0024770820126294095 0
3.700000000000001 0.0024567079571785663 0
3.710000000000001 0.0024769728531378104 0
3.7200000000000006 0.002523834728455015 0
3.7300000000000004 0.0025197631369543627 0
3.74 0.002525950056717358 0
3.75 0.0024530918220360075 0
3.76 0.0023639454839424136 0
3.7699999999999996 0.0022563911515590313 0
3.7799999999999994 0.002125832932278042 0
3.790000000000001 0.0020505736571475083 0
3.8000000000000007 0.00197187884809693 0
3.8100000000000005 0.001961963929107502 0
3.8200000000000003 0.0019689199545518273 0
3.83 0.0019933908437818615 0
3.84 0.0020380919795538804 0
3.8499999999999996 0.002036158505593232 0
3.8599999999999994 0.0020414164652122493 0
3.870000000000001 0.001983663939226388 0
3.880000000000001 0.0019139827812580542 0
3.8900000000000006 0.0018231751644639175 0
3.9000000000000004 0.0017132949833913735 0
3.91 0.0016374629936677298 0
3.92 0.001553993390620932 0
3.9299999999999997 0.0015271674623844207 0
3.9399999999999995 0.0015088002695485543 0
3.950000000000001 0.0015259195918924135 0
3.960000000000001 0.0015588789200035066 0
3.9700000000000006 0.0015817725956998763 0
3.9800000000000004 0.0016174839074716524 0
3.99 0.0016077676002398174 0
4.0 0.0016000151782075516 0
4.01 0.0015473908798785813 0
4.02 0.0014843176050946703 0
4.029999999999999 0.0014082457607601006 0
4.040000000000001 0.001317650003337552 0
4.050000000000001 0.001250353282672365 0
4.0600000000000005 0.0011757689496057126 0
4.07 0.0011424690816482005 0
4.08 0.0011127533262918952 0
4.09 0.0011178888064171568 0
4.1 0.0011331646483244819 0
4.109999999999999 0.001158908742173014 0
4.120000000000001 0.0011956882475971855 0
4.130000000000001 0.0012143746992425665 0
4.140000000000001 0.0012406850213250917 0
4.15 0.0012319242892892053 0
4.16 0.00122394359641361 0
4.17 0.0011840456564293483 0
4.18 0.0011373327678941998 0
4.1899999999999995 0.0010775839918266308 0
4.200000000000001 0.0010073756417098212 0
4.210000000000001 0.0009463391270020388 0
4.220000000000001 0.0008774474970175597 0
4.23 0.0008327440825251464 0
4.24 0.0007864551042124862 0
4.25 0.0007683120386612118 0
4.26 0.0007540925878876654 0
4.27 0.0007619746395139952 0
4.279999999999999 0.0007763935885925986 0
4.290000000000001 0.0008000515004630631 0
4.300000000000001 0.00083056451273815 0
4.3100000000000005 0.0008551133426829379 0
4.32 0.0008855701928802936 0
4.33 0.0008977980604563841 0
4.34 0.0009138070008026689 0
4.35 0.0009064890208832838 0
4.359999999999999 0.0008995505763747184 0
4.370000000000001 0.0008724171824256303 0
4.380000000000001 0.0008418444425990041 0
4.390000000000001 0.0008000157017092642 0
4.4 0.0007521372522186209 0
4.41 0.0007036234839631502 0
4.42 0.0006488356396301933 0
4.43 0.0006022094876338293 0
4.4399999999999995 0.0005513221217720091 0
4.450000000000001 0.0005139183598513899 0
4.460000000000001 0.0004752560111618697 0
4.470000000000001 0.0004519241865768483 0
4.48 0.0004299264102098023 0
4.49 0.00042238825069567613 0
4.5 0.00041761943365197575 0
4.51 0.00042451802369072823 0
4.52 0.0004345347991595072 0
4.529999999999999 0.0004521350828184973 0
4.540000000000001 0.0004726401235903208 0
4.550000000000001 0.0004959388316003289 0
4.5600000000000005 0.0005218625745472201 0
4.57 0.0005457534072179075 0
4.58 0.0005721212208440887 0
4.59 0.0005923071296431969 0
4.6 0.0006148665534124715 0
4.609999999999999 0.0006283649475953964 0
4.620000000000001 0.0006439805392830846 0
4.630000000000001 0.0006492315973328999 0
4.640000000000001 0.0006560581240618319 0
4.65 0.0006527506452631362 0
4.66 0.0006502050471271165 0
4.67 0.0006389619353864329 0
4.68 0.0006275352322236325 0
4.6899999999999995 0.0006095743602647912 0
4.700000000000001 0.0005905439892739512 0
4.710000000000001 0.0005673835012087228 0
4.720000000000001 0.0005424928037645532 0
4.73 0.0005157278538451114 0
4.74 0.000486890001518345 0
4.75 0.0004580410165767815 0
4.76 0.00042710488229088606 0
4.77 0.0003975252861025701 0
4.779999999999999 0.0003661186400106811 0
4.790000000000001 0.000336947461622189 0
4.800000000000001 0.0003063947568877722 0
4.8100000000000005 0.0002785414074279993 0
4.82 0.0002498422430698141 0
4.83 0.00022399359167619935 0
4.84 0.0001978435804108733 0
4.85 0.0001744858317364297 0
4.859999999999999 0.0001513222329580707 0
4.870000000000001 0.0001307717675150843 0
4.880000000000001 0.00011082962160963934 0
4.890000000000001 9.326814736034757e-05 0
4.9 7.663690096804087e-05 0
4.91 6.214724991160186e-05 0
4.92 4.882179917566377e-05 0
4.93 3.7421619922019994e-05 0
4.9399999999999995 2.7344756607143966e-05 0
4.950000000000001 1.9016207192592014e-05 0
4.960000000000001 1.2111510340626227e-05 0
4.970000000000001 6.82578519487745e-06 0
4.98 3.0211827230506226e-06 0
4.99 7.572504763264515e-07 0
