-5.0 6.6296040052875194e-06 -0.9869604401089358
-4.99 2.647295811572882e-05 -0.9869604401089358
-4.98 5.9417856190548944e-05 -0.9869604401089358
-4.97 0.00010474943272053712 -0.9869604401089358
-4.96 0.00016156568853542568 -0.9869604401089358
-4.95 0.0002292832917485667 -0.9869604401089358
-4.94 0.0003070789927791817 -0.9869604401089358
-4.93 0.0003941862707007861 -0.9869604401089358
-4.92 0.0004893309470329018 -0.9869604401089358
-4.91 0.0005902235304472046 -0.9869604401089358
-4.9 0.0006954791258989283 -0.9869604401089358
-4.89 0.0008043688599175825 -0.9869604401089358
-4.88 0.0009158041211909872 -0.9869604401089358
-4.87 0.0010286897854731147 -0.9869604401089358
-4.86 0.0011421951412182928 -0.9869604401089358
-4.85 0.0012544068840382114 -0.9869604401089358
-4.84 0.0013649711318122636 -0.9869604401089358
-4.83 0.0014729861870089746 -0.9869604401089358
-4.82 0.0015771185172530962 -0.9869604401089358
-4.81 0.0016757414062925397 -0.9869604401089358
-4.8 0.001768882014266042 -0.9869604401089358
-4.79 0.0018562372937680127 -0.9869604401089358
-4.78 0.0019383336011218025 -0.9869604401089358
-4.77 0.0020141076702963924 -0.9869604401089358
-4.76 0.0020815937688191235 -0.9869604401089358
-4.75 0.002139542513181606 -0.9869604401089358
-4.74 0.0021875727034430096 -0.9869604401089358
-4.73 0.0022269231394271677 -0.9869604401089358
-4.72 0.0022591729378728213 -0.9869604401089358
-4.71 0.0022833982958003983 -0.9869604401089358
-4.7 0.002299430237856514 -0.9869604401089358
-4.69 0.002307514670251849 -0.9869604401089358
-4.68 0.0023067095305922924 -0.9869604401089358
-4.67 0.0022983467394801656 -0.9869604401089358
-4.66 0.0022835150993529957 -0.9869604401089358
-4.65 0.002260844136286742 -0.9869604401089358
-4.64 0.002231571466611183 -0.9869604401089358
-4.63 0.0021966379854669884 -0.9869604401089358
-4.62 0.0021554524837485807 -0.9869604401089358
-4.61 0.002108558601684058 -0.9869604401089358
-4.6 0.00205615861199125 -0.9869604401089358
-4.59 0.001996760345852154 -0.9869604401089358
-4.58 0.0019307187989417612 -0.9869604401089358
-4.57 0.00185853110122401 -0.9869604401089358
-4.56 0.0017807012783830096 -0.9869604401089358
-4.55 0.0016978431216638356 -0.9869604401089358
-4.54 0.0016116927099938255 -0.9869604401089358
-4.53 0.0015229291558734768 -0.9869604401089358
-4.52 0.0014322215598539024 -0.9869604401089358
-4.51 0.001340440933417492 -0.9869604401089358
-4.5 0.0012487686364036227 -0.9869604401089358
-4.49 0.0011577778238239585 -0.9869604401089358
-4.48 0.001069693637083564 -0.9869604401089358
-4.47 0.0009854901299184702 -0.9869604401089358
-4.46 0.0009064602455549583 -0.9869604401089358
-4.45 0.0008329740931818349 -0.9869604401089358
-4.4399999999999995 0.0007656552727386241 -0.9869604401089358
-4.43 0.0007052237635153959 -0.9869604401089358
-4.42 0.000652390521558865 -0.9869604401089358
-4.41 0.0006078600603373352 -0.9869604401089358
-4.4 0.0005727810348383613 -0.9869604401089358
-4.39 0.0005465085289727531 -0.9869604401089358
-4.38 0.0005293630691771009 -0.9869604401089358
-4.37 0.0005212487282534687 -0.9869604401089358
-4.36 0.0005223766295027957 -0.9869604401089358
-4.35 0.0005329918188610953 -0.9869604401089358
-4.34 0.0005528996739787398 -0.9869604401089358
-4.33 0.0005809497562601442 -0.9869604401089358
-4.32 0.0006161079762807091 -0.9869604401089358
-4.31 0.0006573268040492088 -0.9869604401089358
-4.3 0.0007045529912180039 -0.9869604401089358
-4.29 0.0007573644547570986 -0.9869604401089358
-4.28 0.0008149571522588079 -0.9869604401089358
-4.27 0.0008759873477326893 -0.9869604401089358
-4.26 0.0009392681552397481 -0.9869604401089358
-4.25 0.0010033220964495214 -0.9869604401089358
-4.24 0.0010670215068118323 -0.9869604401089358
-4.23 0.001129432416839128 -0.9869604401089358
-4.22 0.001189840440291649 -0.9869604401089358
-4.21 0.0012474927044651741 -0.9869604401089358
-4.2 0.0013033999240822287 -0.9869604401089358
-4.1899999999999995 0.0013570161562337902 -0.9869604401089358
-4.18 0.0014079088753654074 -0.9869604401089358
-4.17 0.0014558645837638507 -0.9869604401089358
-4.16 0.0015015361241708619 -0.9869604401089358
-4.15 0.0015446274444306455 -0.9869604401089358
-4.14 0.0015873155266674266 -0.9869604401089358
-4.13 0.0016287887616040341 -0.9869604401089358
-4.12 0.0016689828580917535 -0.9869604401089358
-4.11 0.0017081354026635893 -0.9869604401089358
-4.1 0.0017471061191297354 -0.9869604401089358
-4.09 0.00178611458550756 -0.9869604401089358
-4.08 0.0018259555041962485 -0.9869604401089358
-4.07 0.0018659377016722641 -0.9869604401089358
-4.06 0.0019052166724511722 -0.9869604401089358
-4.05 0.0019440908869272529 -0.9869604401089358
-4.04 0.001981475340234728 -0.9869604401089358
-4.03 0.0020171960829613905 -0.9869604401089358
-4.02 0.0020498541439714687 -0.9869604401089358
-4.01 0.002078905884751022 -0.9869604401089358
-4.0 0.0021043569330818374 -0.9869604401089358
-3.99 0.0021264956406571393 -0.9869604401089358
-3.98 0.0021453401713963697 -0.9869604401089358
-3.9699999999999998 0.0021608846856338098 -0.9869604401089358
-3.96 0.002172377328378041 -0.9869604401089358
-3.95 0.0021794935772017454 -0.9869604401089358
-3.94 0.0021827186712659883 -0.9869604401089358
-3.9299999999999997 0.002181460632381842 -0.9869604401089358
-3.92 0.0021768652655692698 -0.9869604401089358
-3.91 0.0021690536968256044 -0.9869604401089358
-3.9 0.0021583126948774133 -0.9869604401089358
-3.8899999999999997 0.0021445163001731857 -0.9869604401089358
-3.88 0.00212800550829024 -0.9869604401089358
-3.87 0.0021082529833494623 -0.9869604401089358
-3.86 0.0020870929129605865 -0.9869604401089358
-3.8499999999999996 0.002065181810447054 -0.9869604401089358
-3.84 0.002042734268893566 -0.9869604401089358
-3.83 0.0020191376848480882 -0.9869604401089358
-3.8200000000000003 0.001994702206159983 -0.9869604401089358
-3.81 0.0019688869987807374 -0.9869604401089358
-3.8 0.0019440811783759014 -0.9869604401089358
-3.79 0.0019206530746799359 -0.9869604401089358
-3.7800000000000002 0.0018984710073157885 -0.9869604401089358
-3.77 0.001876881567698791 -0.9869604401089358
-3.76 0.0018562095517708627 -0.9869604401089358
-3.75 0.001836849461659519 -0.9869604401089358
-3.74 0.0018199349019899986 -0.9869604401089358
-3.73 0.0018057748384983665 -0.9869604401089358
-3.7199999999999998 0.0017930684811143939 -0.9869604401089358
-3.71 0.001781790951138377 -0.9869604401089358
-3.7 0.001771288804748971 -0.9869604401089358
-3.69 0.001762152159212774 -0.9869604401089358
-3.6799999999999997 0.0017535603403210287 -0.9869604401089358
-3.67 0.0017449709035615363 -0.9869604401089358
-3.66 0.0017357028719855382 -0.9869604401089358
-3.65 0.0017257605820449494 -0.9869604401089358
-3.6399999999999997 0.001715268148757514 -0.9869604401089358
-3.63 0.0017047923258753 -0.9869604401089358
-3.62 0.001694056859447927 -0.9869604401089358
-3.61 0.001682917824405955 -0.9869604401089358
-3.5999999999999996 0.0016724805940842137 -0.9869604401089358
-3.59 0.0016637312962576967 -0.9869604401089358
-3.58 0.0016570327131818312 -0.9869604401089358
-3.5700000000000003 0.0016540777432032148 -0.9869604401089358
-3.56 0.00165475252676394 -0.9869604401089358
-3.55 0.0016597179870665346 -0.9869604401089358
-3.54 0.001670926348731775 -0.9869604401089358
-3.5300000000000002 0.0016890720633585363 -0.9869604401089358
-3.52 0.0017152349253418803 -0.9869604401089358
-3.51 0.0017500440893782028 -0.9869604401089358
-3.5 0.0017928010256778532 -0.9869604401089358
-3.49 0.0018427055015903106 -0.9869604401089358
-3.48 0.0019002945517348363 -0.9869604401089358
-3.4699999999999998 0.0019649193266127697 -0.9869604401089358
-3.46 0.0020382879670203195 -0.9869604401089358
-3.45 0.002120171980709999 -0.9869604401089358
-3.44 0.0022105705761049322 -0.9869604401089358
-3.4299999999999997 0.002308860320502393 -0.9869604401089358
-3.42 0.002414140891887514 -0.9869604401089358
-3.41 0.0025255818618133996 -0.9869604401089358
-3.4 0.002643281742519915 -0.9869604401089358
-3.3899999999999997 0.002767157107111757 -0.9869604401089358
-3.38 0.0028972202661851944 -0.9869604401089358
-3.37 0.0030343806688139475 -0.9869604401089358
-3.36 0.0031773294797973095 -0.9869604401089358
-3.3499999999999996 0.003325266779911051 -0.9869604401089358
-3.34 0.003476819211453591 -0.9869604401089358
-3.33 0.003632327437794315 -0.9869604401089358
-3.3200000000000003 0.0037919105177777364 -0.9869604401089358
-3.31 0.003957040980621737 -0.9869604401089358
-3.3 0.0041261876940808205 -0.9869604401089358
-3.29 0.004298448108254325 -0.9869604401089358
-3.2800000000000002 0.004471051933123852 -0.9869604401089358
-3.27 0.004644490489983208 -0.9869604401089358
-3.26 0.004817266759216309 -0.9869604401089358
-3.25 0.004989853690007376 -0.9869604401089358
-3.24 0.005159535587110678 -0.9869604401089358
-3.23 0.005327193151273077 -0.9869604401089358
-3.2199999999999998 0.005490257167923339 -0.9869604401089358
-3.21 0.005648816725609035 -0.9869604401089358
-3.2 0.005801321615439486 -0.9869604401089358
-3.19 0.005946504416250377 -0.9869604401089358
-3.1799999999999997 0.006082562771928839 -0.9869604401089358
-3.17 0.006212151588241096 -0.9869604401089358
-3.16 0.006335605939157452 -0.9869604401089358
-3.15 0.006452658977831747 -0.9869604401089358
-3.1399999999999997 0.006565526334814268 -0.9869604401089358
-3.13 0.0066726456889838045 -0.9869604401089358
-3.12 0.00677398724188184 -0.9869604401089358
-3.11 0.006870758909934783 -0.9869604401089358
-3.0999999999999996 0.006960931853231455 -0.9869604401089358
-3.09 0.007044584713587297 -0.9869604401089358
-3.08 0.007122551082522549 -0.9869604401089358
-3.0700000000000003 0.007196568344995201 -0.9869604401089358
-3.06 0.007267613472334148 -0.9869604401089358
-3.05 0.007334081756243545 -0.9869604401089358
-3.04 0.007395267154981622 -0.9869604401089358
-3.0300000000000002 0.007451448538314912 -0.9869604401089358
-3.02 0.007503304180636694 -0.9869604401089358
-3.01 0.007554862728333245 -0.9869604401089358
-3.0 0.007607629275688157 -0.9869604401089358
-2.9899999999999998 0.007661646930300793 -0.9869604401089358
-2.98 0.007719638092045372 -0.9869604401089358
-2.9699999999999998 0.007782623124490947 -0.9869604401089358
-2.96 0.007851405277303347 -0.9869604401089358
-2.95 0.007929028288705994 -0.9869604401089358
-2.94 0.008015866280315068 -0.9869604401089358
-2.93 0.008114823436546556 -0.9869604401089358
-2.92 0.008227019571699171 -0.9869604401089358
-2.91 0.008353257521492014 -0.9869604401089358
-2.9 0.00849163993092182 -0.9869604401089358
-2.89 0.008644066757022947 -0.9869604401089358
-2.88 0.008811227166597827 -0.9869604401089358
-2.87 0.008996341151619838 -0.9869604401089358
-2.86 0.009199800096759038 -0.9869604401089358
-2.85 0.009420181016620427 -0.9869604401089358
-2.84 0.0096558153607868 -0.9869604401089358
-2.83 0.009909365701804227 -0.9869604401089358
-2.82 0.0101827128072509 -0.9869604401089358
-2.81 0.010477795227879644 -0.9869604401089358
-2.8 0.010795588705127231 -0.9869604401089358
-2.79 0.011134261004038916 -0.9869604401089358
-2.78 0.011494022012664012 -0.9869604401089358
-2.77 0.011878477780024913 -0.9869604401089358
-2.76 0.012289126457076539 -0.9869604401089358
-2.75 0.012722852831500788 -0.9869604401089358
-2.7399999999999998 0.01317876433895144 -0.9869604401089358
-2.73 0.013653666937272962 -0.9869604401089358
-2.7199999999999998 0.014148770929155566 -0.9869604401089358
-2.71 0.014665870608412545 -0.9869604401089358
-2.6999999999999997 0.015205224770290212 -0.9869604401089358
-2.69 0.01576387639109288 -0.9869604401089358
-2.68 0.01633776457605547 -0.9869604401089358
-2.67 0.01691788469964143 -0.9869604401089358
-2.66 0.017503871992100604 -0.9869604401089358
-2.65 0.018091745132482795 -0.9869604401089358
-2.64 0.018685947126581018 -0.9869604401089358
-2.63 0.01928680560721677 -0.9869604401089358
-2.62 0.0198860546830383 -0.9869604401089358
-2.61 0.020479392583109313 -0.9869604401089358
-2.6 0.021066892069427055 -0.9869604401089358
-2.59 0.021644203036392723 -0.9869604401089358
-2.58 0.022214636092115693 -0.9869604401089358
-2.57 0.022780352759911054 -0.9869604401089358
-2.56 0.0233391326875113 -0.9869604401089358
-2.55 0.02388846797685762 -0.9869604401089358
-2.54 0.02442783157441302 -0.9869604401089358
-2.53 0.0249564021726866 -0.9869604401089358
-2.52 0.02547644898514868 -0.9869604401089358
-2.51 0.02598714610256487 -0.9869604401089358
-2.5 0.026487527442535196 -0.9869604401089358
-2.4899999999999998 0.026974332462167478 -0.9869604401089358
-2.48 0.027448751383119082 -0.9869604401089358
-2.4699999999999998 0.027911144380955998 -0.9869604401089358
-2.46 0.02836436048330323 -0.9869604401089358
-2.4499999999999997 0.028808394789715818 -0.9869604401089358
-2.44 0.02924585352371441 -0.9869604401089358
-2.43 0.029677629813000837 -0.9869604401089358
-2.42 0.030105756610216774 -0.9869604401089358
-2.41 0.030532769163156143 -0.9869604401089358
-2.4 0.030964926428222565 -0.9869604401089358
-2.39 0.03140103329219713 -0.9869604401089358
-2.38 0.03184114682032484 -0.9869604401089358
-2.37 0.032288203371845355 -0.9869604401089358
-2.36 0.03274746779442508 -0.9869604401089358
-2.35 0.03321741961334871 -0.9869604401089358
-2.34 0.03370338982050109 -0.9869604401089358
-2.33 0.03420179405686845 -0.9869604401089358
-2.32 0.03470485364374649 -0.9869604401089358
-2.31 0.03521819481736042 -0.9869604401089358
-2.3 0.035749099757498785 -0.9869604401089358
-2.29 0.03629470717177119 -0.9869604401089358
-2.28 0.03686048462190829 -0.9869604401089358
-2.27 0.037443290878138885 -0.9869604401089358
-2.26 0.038045138878513775 -0.9869604401089358
-2.25 0.03866927688714037 -0.9869604401089358
-2.2399999999999998 0.039315125225291805 -0.9869604401089358
-2.23 0.03998346066021797 -0.9869604401089358
-2.2199999999999998 0.04068147719577622 -0.9869604401089358
-2.21 0.04141445665146133 -0.9869604401089358
-2.1999999999999997 0.042186073392868194 -0.9869604401089358
-2.19 0.042990645198591436 -0.9869604401089358
-2.18 0.043827961246260476 -0.9869604401089358
-2.17 0.04469606007654896 -0.9869604401089358
-2.16 0.04559683214790199 -0.9869604401089358
-2.15 0.04653419464501716 -0.9869604401089358
-2.14 0.04750727028988393 -0.9869604401089358
-2.13 0.048513654292873576 -0.9869604401089358
-2.12 0.04955504171670579 -0.9869604401089358
-2.11 0.05063071296207675 -0.9869604401089358
-2.1 0.05173664973408433 -0.9869604401089358
-2.09 0.05286904659915502 -0.9869604401089358
-2.08 0.05402588827347139 -0.9869604401089358
-2.07 0.055207592739328196 -0.9869604401089358
-2.06 0.056410202260610186 -0.9869604401089358
-2.05 0.05763110828243266 -0.9869604401089358
-2.04 0.05886163280923892 -0.9869604401089358
-2.03 0.06009686311974018 -0.9869604401089358
-2.02 0.061340335426725595 -0.9869604401089358
-2.01 0.06258941946077853 -0.9869604401089358
-2.0 0.06383989907235922 -0.9869604401089358
-1.9899999999999998 0.06509487087812864 -0.9869604401089358
-1.98 0.06634424032559455 -0.9869604401089358
-1.9699999999999998 0.06757626230395232 -0.9869604401089358
-1.96 0.06879762848864966 -0.9869604401089358
-1.9499999999999997 0.07000424760708403 -0.9869604401089358
-1.94 0.07118935607840184 -0.9869604401089358
-1.9299999999999997 0.07236571712067073 -0.9869604401089358
-1.92 0.07352855472802096 -0.9869604401089358
-1.9100000000000001 0.07467670084939379 -0.9869604401089358
-1.9 0.0758038923597577 -0.9869604401089358
-1.8900000000000001 0.07691201880015107 -0.9869604401089358
-1.88 0.07799851528838743 -0.9869604401089358
-1.87 0.07907874642263099 -0.9869604401089358
-1.8599999999999999 0.08015679764914165 -0.9869604401089358
-1.85 0.08124296500920386 -0.9869604401089358
-1.8399999999999999 0.08232609978239223 -0.9869604401089358
-1.83 0.08340789819878967 -0.9869604401089358
-1.8199999999999998 0.08448503454755293 -0.9869604401089358
-1.81 0.08556552364669912 -0.9869604401089358
-1.7999999999999998 0.08665051315039607 -0.9869604401089358
-1.79 0.08774036748611012 -0.9869604401089358
-1.7799999999999998 0.08883768137400715 -0.9869604401089358
-1.77 0.08994368261782172 -0.9869604401089358
-1.7599999999999998 0.09105362928306708 -0.9869604401089358
-1.75 0.09216949400669681 -0.9869604401089358
-1.7399999999999998 0.09328627321035632 -0.9869604401089358
-1.73 0.0943964105494374 -0.9869604401089358
-1.7199999999999998 0.09550504515997224 -0.9869604401089358
-1.71 0.09661433780782921 -0.9869604401089358
-1.6999999999999997 0.09772762493187974 -0.9869604401089358
-1.69 0.0988564438111363 -0.9869604401089358
-1.6799999999999997 0.100000930454469 -0.9869604401089358
-1.67 0.10115459124019624 -0.9869604401089358
-1.6600000000000001 0.10231625378896728 -0.9869604401089358
-1.65 0.10349169187611688 -0.9869604401089358
-1.6400000000000001 0.10468092490836826 -0.9869604401089358
-1.63 0.10589389400728251 -0.9869604401089358
-1.62 0.10713042508147676 -0.9869604401089358
-1.6099999999999999 0.10838063012141527 -0.9869604401089358
-1.6 0.10963962934684066 -0.9869604401089358
-1.5899999999999999 0.11091430390809723 -0.9869604401089358
-1.58 0.11221132857456054 -0.9869604401089358
-1.5699999999999998 0.11353863543890984 -0.9869604401089358
-1.56 0.11490058917707285 -0.9869604401089358
-1.5499999999999998 0.11629564077604707 -0.9869604401089358
-1.54 0.11771509960802042 -0.9869604401089358
-1.5299999999999998 0.11914919718973685 -0.9869604401089358
-1.52 0.12061108586382799 -0.9869604401089358
-1.5099999999999998 0.12211075866554787 -0.9869604401089358
-1.5 0.12364829615176069 -0.9869604401089358
-1.4899999999999998 0.1252216963262459 -0.9869604401089358
-1.48 0.1268214224736883 -0.9869604401089358
-1.4699999999999998 0.1284361598644281 -0.9869604401089358
-1.46 0.13007541938573886 -0.9869604401089358
-1.4499999999999997 0.13173904620139792 -0.9869604401089358
-1.44 0.1334158840543319 -0.9869604401089358
-1.4299999999999997 0.13509678523195412 -0.9869604401089358
-1.42 0.1367682465017862 -0.9869604401089358
-1.4100000000000001 0.13843641309121404 -0.9869604401089358
-1.4 0.14010062584945318 -0.9869604401089358
-1.3900000000000001 0.14174709622155557 -0.9869604401089358
-1.38 0.14336979186740903 -0.9869604401089358
-1.37 0.14496063174845597 -0.9869604401089358
-1.3599999999999999 0.14651948001978254 -0.9869604401089358
-1.35 0.148050322038116 -0.9869604401089358
-1.3399999999999999 0.14956175176046857 -0.9869604401089358
-1.33 0.1510603074934086 -0.9869604401089358
-1.3199999999999998 0.1525513825435619 -0.9869604401089358
-1.31 0.15402392188976075 -0.9869604401089358
-1.2999999999999998 0.15547565072478572 -0.9869604401089358
-1.29 0.15690348001686266 -0.9869604401089358
-1.2799999999999998 0.1583175647303099 -0.9869604401089358
-1.27 0.1597357937032233 -0.9869604401089358
-1.2599999999999998 0.16116871713948905 -0.9869604401089358
-1.25 0.1625952387984871 -0.9869604401089358
-1.2399999999999998 0.1640100255260857 -0.9869604401089358
-1.23 0.16541980654643118 -0.9869604401089358
-1.2199999999999998 0.16683072074126862 -0.9869604401089358
-1.21 0.16824053481990078 -0.9869604401089358
-1.1999999999999997 0.16965123845312818 -0.9869604401089358
-1.19 0.17104722019360658 -0.9869604401089358
-1.1799999999999997 0.1724304911343737 -0.9869604401089358
-1.17 0.17380453294336157 -0.9869604401089358
-1.1600000000000001 0.17516774028504345 -0.9869604401089358
-1.15 0.17652506094456202 -0.9869604401089358
-1.1400000000000001 0.1778672535175004 -0.9869604401089358
-1.13 0.17920005854846077 -0.9869604401089358
-1.12 0.18052983324881186 -0.9869604401089358
-1.1099999999999999 0.18184841803521365 -0.9869604401089358
-1.1 0.18315671750108978 -0.9869604401089358
-1.0899999999999999 0.18446370432349715 -0.9869604401089358
-1.08 0.18576047608262292 -0.9869604401089358
-1.0699999999999998 0.18703745319244366 -0.9869604401089358
-1.06 0.18829239481604 -0.9869604401089358
-1.0499999999999998 0.18953678693394732 0.0
-1.04 0.19114335056329484 0.0
-1.0299999999999998 0.19312834596009876 0.0
-1.02 0.19549659407251965 0.0
-1.0099999999999998 0.1982517811842071 0.0
-1.0 0.20138797783228432 -0.9869604401089358
-0.9900000000000002 0.20454149082869896 -0.9869604401089358
-0.9799999999999995 0.20770483559601646 -0.9869604401089358
-0.9699999999999998 0.2108945007613735 -0.9869604401089358
-0.96 0.2141049892814971 -0.9869604401089358
-0.9500000000000002 0.21734422308506246 -0.9869604401089358
-0.9399999999999995 0.22060442220020057 -0.9869604401089358
-0.9299999999999997 0.22389347522316796 -0.9869604401089358
-0.9199999999999999 0.2272133234616338 -0.9869604401089358
-0.9100000000000001 0.23057295882582746 -0.9869604401089358
-0.9000000000000004 0.23397067390107812 -0.9869604401089358
-0.8899999999999997 0.2374046428585651 -0.9869604401089358
-0.8799999999999999 0.24086053797530146 -0.9869604401089358
-0.8700000000000001 0.2443266836801939 -0.9869604401089358
-0.8600000000000003 0.2477952617846406 -0.9869604401089358
-0.8499999999999996 0.2512588461627144 -0.9869604401089358
-0.8399999999999999 0.2547115995506683 -0.9869604401089358
-0.8300000000000001 0.25814414459191665 -0.9869604401089358
-0.8200000000000003 0.26155908308529674 -0.9869604401089358
-0.8099999999999996 0.26495658763149893 -0.9869604401089358
-0.7999999999999998 0.26832714702052196 -0.9869604401089358
-0.79 0.27165701451968377 -0.9869604401089358
-0.7800000000000002 0.27495001204235037 -0.9869604401089358
-0.7699999999999996 0.27821074914103494 -0.9869604401089358
-0.7599999999999998 0.2814440149374742 -0.9869604401089358
-0.75 0.28464689200971466 -0.9869604401089358
-0.7400000000000002 0.2878255252897704 -0.9869604401089358
-0.7299999999999995 0.2909834644880142 -0.9869604401089358
-0.7199999999999998 0.29411864376847535 -0.9869604401089358
-0.71 0.2972194573512517 -0.9869604401089358
-0.7000000000000002 0.300285734201317 -0.9869604401089358
-0.6899999999999995 0.3033209096752997 -0.9869604401089358
-0.6799999999999997 0.3063335634683436 -0.9869604401089358
-0.6699999999999999 0.30933445143986305 -0.9869604401089358
-0.6600000000000001 0.31231872707812997 -0.9869604401089358
-0.6499999999999995 0.315279663615676 -0.9869604401089358
-0.6399999999999997 0.3182090611284026 -0.9869604401089358
-0.6299999999999999 0.32110658668707726 -0.9869604401089358
-0.6200000000000001 0.32397466319624707 -0.9869604401089358
-0.6100000000000003 0.3268178887328137 -0.9869604401089358
-0.5999999999999996 0.3296255195353757 -0.9869604401089358
-0.5899999999999999 0.332420676543904 -0.9869604401089358
-0.5800000000000001 0.3351956424491171 -0.9869604401089358
-0.5700000000000003 0.33793006233919165 -0.9869604401089358
-0.5599999999999996 0.34063086976157697 -0.9869604401089358
-0.5499999999999998 0.34329909646394546 -0.9869604401089358
-0.54 0.3459203199821704 -0.9869604401089358
-0.5300000000000002 0.34851087359735994 -0.9869604401089358
-0.5199999999999996 0.35106592013754745 -0.9869604401089358
-0.5099999999999998 0.3535750590771817 -0.9869604401089358
-0.5 0.3560339370102387 -0.9869604401089358
-0.4900000000000002 0.3584484331293203 -0.9869604401089358
-0.47999999999999954 0.3608190650017399 -0.9869604401089358
-0.46999999999999975 0.36315041122994624 -0.9869604401089358
-0.45999999999999996 0.3654280511489869 -0.9869604401089358
-0.4500000000000002 0.367657160480729 -0.9869604401089358
-0.4399999999999995 0.3698241492242568 -0.9869604401089358
-0.4299999999999997 0.3719365391433944 -0.9869604401089358
-0.41999999999999993 0.3739826520048859 -0.9869604401089358
-0.41000000000000014 0.3759763834096254 -0.9869604401089358
-0.39999999999999947 0.3779113011947206 -0.9869604401089358
-0.3899999999999997 0.3798092361887283 -0.9869604401089358
-0.3799999999999999 0.3816839539033075 -0.9869604401089358
-0.3700000000000001 0.38353476494322714 -0.9869604401089358
-0.3600000000000003 0.38534340051485666 -0.9869604401089358
-0.34999999999999964 0.3871239961981931 -0.9869604401089358
-0.33999999999999986 0.38887383756449495 -0.9869604401089358
-0.33000000000000007 0.390589320715985 -0.9869604401089358
-0.3200000000000003 0.3922690688889746 -0.9869604401089358
-0.3099999999999996 0.39393121285759164 -0.9869604401089358
-0.2999999999999998 0.3955559717406113 -0.9869604401089358
-0.29000000000000004 0.39713726010160605 -0.9869604401089358
-0.28000000000000025 0.3986782139315307 -0.9869604401089358
-0.2699999999999996 0.4001564654936749 -0.9869604401089358
-0.2599999999999998 0.40155717154715587 -0.9869604401089358
-0.25 0.40290332282279606 -0.9869604401089358
-0.2400000000000002 0.40419563993214164 -0.9869604401089358
-0.22999999999999954 0.40544028615524574 -0.9869604401089358
-0.21999999999999975 0.40663108505335566 -0.9869604401089358
-0.20999999999999996 0.4077661883107095 -0.9869604401089358
-0.20000000000000018 0.4088538631260111 -0.9869604401089358
-0.1899999999999995 0.40988787201335364 -0.9869604401089358
-0.17999999999999972 0.4108565907855688 -0.9869604401089358
-0.16999999999999993 0.4117695859141957 -0.9869604401089358
-0.16000000000000014 0.4126145056584202 -0.9869604401089358
-0.14999999999999947 0.4133943576123425 -0.9869604401089358
-0.13999999999999968 0.4141254173897431 -0.9869604401089358
-0.1299999999999999 0.4148058573682278 -0.9869604401089358
-0.1200000000000001 0.4154157105345584 -0.9869604401089358
-0.11000000000000032 0.41596562418917377 -0.9869604401089358
-0.09999999999999964 0.41646101772744504 -0.9869604401089358
-0.08999999999999986 0.416911706836927 -0.9869604401089358
-0.08000000000000007 0.41730065031486285 -0.9869604401089358
-0.07000000000000028 0.41763877850191633 -0.9869604401089358
-0.05999999999999961 0.41792865585010314 -0.9869604401089358
-0.04999999999999982 0.4181824535683476 -0.9869604401089358
-0.040000000000000036 0.4183991933750416 -0.9869604401089358
-0.03000000000000025 0.41857519591625375 -0.9869604401089358
-0.019999999999999574 0.41869982920454646 -0.9869604401089358
-0.009999999999999787 0.4187819607067494 -0.9869604401089358
0.0 0.4188187575847919 -0.9869604401089358
0.009999999999999787 0.4188052744606488 -0.9869604401089358
0.020000000000000462 0.41872603150877996 -0.9869604401089358
0.03000000000000025 0.4185986493733607 -0.9869604401089358
0.040000000000000036 0.41842786154602407 -0.9869604401089358
0.04999999999999982 0.418221443808033 -0.9869604401089358
0.0600000000000005 0.4179769578666413 -0.9869604401089358
0.07000000000000028 0.41768474522028887 -0.9869604401089358
0.08000000000000007 0.4173392737030606 -0.9869604401089358
0.08999999999999986 0.41695794279711357 -0.9869604401089358
0.10000000000000053 0.4165208662555494 -0.9869604401089358
0.11000000000000032 0.41602552699028855 -0.9869604401089358
0.1200000000000001 0.4154592157240091 -0.9869604401089358
0.1299999999999999 0.4148407970152123 -0.9869604401089358
0.13999999999999968 0.41417796512774036 -0.9869604401089358
0.15000000000000036 0.4134585825497125 -0.9869604401089358
0.16000000000000014 0.4126764435512658 -0.9869604401089358
0.16999999999999993 0.4118346949067415 -0.9869604401089358
0.17999999999999972 0.4109230187665617 -0.9869604401089358
0.1900000000000004 0.4099452717389132 -0.9869604401089358
0.20000000000000018 0.40890359675141735 -0.9869604401089358
0.20999999999999996 0.4078069661796076 -0.9869604401089358
0.21999999999999975 0.406653244782276 -0.9869604401089358
0.23000000000000043 0.4054505694322205 -0.9869604401089358
0.2400000000000002 0.4042076715910184 -0.9869604401089358
0.25 0.40291156492127517 -0.9869604401089358
0.2599999999999998 0.40153789126852973 -0.9869604401089358
0.27000000000000046 0.4001068517402695 -0.9869604401089358
0.28000000000000025 0.39862202136511976 -0.9869604401089358
0.29000000000000004 0.397077751509585 -0.9869604401089358
0.2999999999999998 0.3954881419668565 -0.9869604401089358
0.3100000000000005 0.3938701253599883 -0.9869604401089358
0.3200000000000003 0.3922140285685038 -0.9869604401089358
0.33000000000000007 0.3905324390224889 -0.9869604401089358
0.33999999999999986 0.38882476603643285 -0.9869604401089358
0.35000000000000053 0.38708513784621307 -0.9869604401089358
0.3600000000000003 0.38530843645863233 -0.9869604401089358
0.3700000000000001 0.3835085877963763 -0.9869604401089358
0.3799999999999999 0.38168194252534554 -0.9869604401089358
0.3899999999999997 0.3798329007281215 -0.9869604401089358
0.40000000000000036 0.37793224447988083 -0.9869604401089358
0.41000000000000014 0.37598040046943565 -0.9869604401089358
0.41999999999999993 0.37398000829418226 -0.9869604401089358
0.4299999999999997 0.3719309188176506 -0.9869604401089358
0.4400000000000004 0.36981816652215194 -0.9869604401089358
0.4500000000000002 0.3676639531470833 -0.9869604401089358
0.45999999999999996 0.36544450883995494 -0.9869604401089358
0.46999999999999975 0.36317117058677356 -0.9869604401089358
0.4800000000000004 0.36085252412279345 -0.9869604401089358
0.4900000000000002 0.3584888504906405 -0.9869604401089358
0.5 0.3560761918818222 -0.9869604401089358
0.5099999999999998 0.3536287769496039 -0.9869604401089358
0.5200000000000005 0.351147356541431 -0.9869604401089358
0.5300000000000002 0.3486244161042829 -0.9869604401089358
0.54 0.3460499266940636 -0.9869604401089358
0.5499999999999998 0.3434342910569025 -0.9869604401089358
0.5600000000000005 0.3407689408523267 -0.9869604401089358
0.5700000000000003 0.3380589145393366 -0.9869604401089358
0.5800000000000001 0.3353205073662576 -0.9869604401089358
0.5899999999999999 0.33255359996498934 -0.9869604401089358
0.6000000000000005 0.3297512175705012 -0.9869604401089358
0.6100000000000003 0.32691942715667954 -0.9869604401089358
0.6200000000000001 0.3240502961292138 -0.9869604401089358
0.6299999999999999 0.32114989396617283 -0.9869604401089358
0.6399999999999997 0.3182119144730978 -0.9869604401089358
0.6500000000000004 0.31524273814291465 -0.9869604401089358
0.6600000000000001 0.31226105131897114 -0.9869604401089358
0.6699999999999999 0.30927507302583407 -0.9869604401089358
0.6799999999999997 0.3062750319084196 -0.9869604401089358
0.6900000000000004 0.30325604849945215 -0.9869604401089358
0.7000000000000002 0.30020972975169113 -0.9869604401089358
0.71 0.2971256934332454 -0.9869604401089358
0.7199999999999998 0.29401716192990274 -0.9869604401089358
0.7300000000000004 0.2908875330170532 -0.9869604401089358
0.7400000000000002 0.28772924007383044 -0.9869604401089358
0.75 0.284545039490754 -0.9869604401089358
0.7599999999999998 0.2813350825540605 -0.9869604401089358
0.7700000000000005 0.2780919834905243 -0.9869604401089358
0.7800000000000002 0.274811871231345 -0.9869604401089358
0.79 0.2714899141293007 -0.9869604401089358
0.7999999999999998 0.26813844762649425 -0.9869604401089358
0.8100000000000005 0.26476676785502856 -0.9869604401089358
0.8200000000000003 0.261371397242048 -0.9869604401089358
0.8300000000000001 0.2579471647771215 -0.9869604401089358
0.8399999999999999 0.25450004488857614 -0.9869604401089358
0.8500000000000005 0.25103839829319086 -0.9869604401089358
0.8600000000000003 0.2475744287036677 -0.9869604401089358
0.8700000000000001 0.24411391596298723 -0.9869604401089358
0.8799999999999999 0.24067080795810775 -0.9869604401089358
0.8899999999999997 0.2372547986494527 -0.9869604401089358
0.9000000000000004 0.23386346507882802 -0.9869604401089358
0.9100000000000001 0.23050304246438072 -0.9869604401089358
0.9199999999999999 0.22717270901036687 -0.9869604401089358
0.9299999999999997 0.22387563237539326 -0.9869604401089358
0.9400000000000004 0.22060524781973273 -0.9869604401089358
0.9500000000000002 0.2173690210252066 -0.9869604401089358
0.96 0.21415188160916843 -0.9869604401089358
0.9699999999999998 0.21095702754779908 -0.9869604401089358
0.9800000000000004 0.20778026285140008 -0.9869604401089358
0.9900000000000002 0.20462639128727766 -0.9869604401089358
1.0 0.20147098505397984 -0.9869604401089358
1.0099999999999998 0.1983329307371163 0.0
1.0200000000000005 0.19559114876676428 0.0
1.0300000000000002 0.19324294046360116 0.0
1.04 0.19127784558030214 0.0
1.0499999999999998 0.18969087957375688 0.0
1.0600000000000005 0.18846439721028913 -0.9869604401089358
1.0700000000000003 0.1872211024411492 -0.9869604401089358
1.08 0.1859573918697698 -0.9869604401089358
1.0899999999999999 0.18468286625567973 -0.9869604401089358
1.1000000000000005 0.1833993924626334 -0.9869604401089358
1.1100000000000003 0.18210908190837097 -0.9869604401089358
1.12 0.18081578254660285 -0.9869604401089358
1.13 0.1795085654887084 -0.9869604401089358
1.1400000000000006 0.1781696225540121 -0.9869604401089358
1.1500000000000004 0.17680387873436118 -0.9869604401089358
1.1600000000000001 0.17542602657327358 -0.9869604401089358
1.17 0.17404128177709985 -0.9869604401089358
1.1799999999999997 0.17264311419672354 -0.9869604401089358
1.1900000000000004 0.17123077733420097 -0.9869604401089358
1.2000000000000002 0.1698024286069707 -0.9869604401089358
1.21 0.168359747709137 -0.9869604401089358
1.2199999999999998 0.16692212100044226 -0.9869604401089358
1.2300000000000004 0.1654865314704016 -0.9869604401089358
1.2400000000000002 0.16404969503029307 -0.9869604401089358
1.25 0.1626077800244369 -0.9869604401089358
1.2599999999999998 0.16117371116316515 -0.9869604401089358
1.2700000000000005 0.15973947261259827 -0.9869604401089358
1.2800000000000002 0.15830024421991065 -0.9869604401089358
1.29 0.15685509487174362 -0.9869604401089358
1.2999999999999998 0.15540012869738276 -0.9869604401089358
1.3100000000000005 0.15392679884395236 -0.9869604401089358
1.3200000000000003 0.15243729045180865 -0.9869604401089358
1.33 0.15092642779927484 -0.9869604401089358
1.3399999999999999 0.14940415093973086 -0.9869604401089358
1.3500000000000005 0.14787133069061373 -0.9869604401089358
1.3600000000000003 0.1463159317477889 -0.9869604401089358
1.37 0.1447270139297195 -0.9869604401089358
1.38 0.14309851428723622 -0.9869604401089358
1.3900000000000006 0.14143740777106298 -0.9869604401089358
1.4000000000000004 0.13977218907704506 -0.9869604401089358
1.4100000000000001 0.1381087738264509 -0.9869604401089358
1.42 0.1364411012038214 -0.9869604401089358
1.4299999999999997 0.13476849685900685 -0.9869604401089358
1.4400000000000004 0.13309128587529753 -0.9869604401089358
1.4500000000000002 0.1314292699583836 -0.9869604401089358
1.46 0.12978869586853672 -0.9869604401089358
1.4699999999999998 0.12817065974286562 -0.9869604401089358
1.4800000000000004 0.12658069518953738 -0.9869604401089358
1.4900000000000002 0.12501275007713986 -0.9869604401089358
1.5 0.12346670395928291 -0.9869604401089358
1.5099999999999998 0.12195040687810314 -0.9869604401089358
1.5200000000000005 0.12046735425600578 -0.9869604401089358
1.5300000000000002 0.1190153458408586 -0.9869604401089358
1.54 0.11759857254778854 -0.9869604401089358
1.5499999999999998 0.11621218677962009 -0.9869604401089358
1.5600000000000005 0.11485184318471878 -0.9869604401089358
1.5700000000000003 0.11351726065503334 -0.9869604401089358
1.58 0.11221396395645694 -0.9869604401089358
1.5899999999999999 0.11094044769936787 -0.9869604401089358
1.6000000000000005 0.10968718745162609 -0.9869604401089358
1.6100000000000003 0.10844989357907926 -0.9869604401089358
1.62 0.10723054669280675 -0.9869604401089358
1.63 0.10603575677505235 -0.9869604401089358
1.6400000000000006 0.10486266854271355 -0.9869604401089358
1.6500000000000004 0.1037109761581817 -0.9869604401089358
1.6600000000000001 0.10256993484660146 -0.9869604401089358
1.67 0.10143010465742902 -0.9869604401089358
1.6799999999999997 0.10029485831955112 -0.9869604401089358
1.6900000000000004 0.09917176540559909 -0.9869604401089358
1.7000000000000002 0.09805948542391042 -0.9869604401089358
1.71 0.09695785512414513 -0.9869604401089358
1.7199999999999998 0.09585447733347587 -0.9869604401089358
1.7300000000000004 0.09473756009465932 -0.9869604401089358
1.7400000000000002 0.09360892727839266 -0.9869604401089358
1.75 0.09247378555977344 -0.9869604401089358
1.7599999999999998 0.09134453058057308 -0.9869604401089358
1.7700000000000005 0.0902282509976154 -0.9869604401089358
1.7800000000000002 0.08911599343659038 -0.9869604401089358
1.79 0.0880095817295611 -0.9869604401089358
1.7999999999999998 0.08690358092569597 -0.9869604401089358
1.8100000000000005 0.08579522901809995 -0.9869604401089358
1.8200000000000003 0.08469003273493853 -0.9869604401089358
1.83 0.08358720718908372 -0.9869604401089358
1.8399999999999999 0.08247853374349023 -0.9869604401089358
1.8500000000000005 0.08137987991840581 -0.9869604401089358
1.8600000000000003 0.0802801583039823 -0.9869604401089358
1.87 0.07917442223352186 -0.9869604401089358
1.88 0.07805912918002411 -0.9869604401089358
1.8900000000000006 0.07693415145846481 -0.9869604401089358
1.9000000000000004 0.07578632560147043 -0.9869604401089358
1.9100000000000001 0.07462386708319188 -0.9869604401089358
1.92 0.07344579389873247 -0.9869604401089358
1.9299999999999997 0.07225095573344759 -0.9869604401089358
1.9400000000000004 0.07103688377102695 -0.9869604401089358
1.9500000000000002 0.06981349558029738 -0.9869604401089358
1.96 0.06857465229194909 -0.9869604401089358
1.9699999999999998 0.0673220331200706 -0.9869604401089358
1.9800000000000004 0.0660648023140614 -0.9869604401089358
1.9900000000000002 0.0648044548235442 -0.9869604401089358
2.0 0.06354459489634919 -0.9869604401089358
2.01 0.062287891259510654 -0.9869604401089358
2.0200000000000005 0.061030229287183484 -0.9869604401089358
2.0300000000000002 0.05977441247400911 -0.9869604401089358
2.04 0.05852671720357962 -0.9869604401089358
2.05 0.05729088758485837 -0.9869604401089358
2.0600000000000005 0.05607545448111685 -0.9869604401089358
2.0700000000000003 0.054883200618927194 -0.9869604401089358
2.08 0.05370924043434214 -0.9869604401089358
2.09 0.05255792830848818 -0.9869604401089358
2.1000000000000005 0.051434441863213734 -0.9869604401089358
2.1100000000000003 0.05034200663841095 -0.9869604401089358
2.12 0.049285411207603595 -0.9869604401089358
2.13 0.048265622259470925 -0.9869604401089358
2.1400000000000006 0.047286002629774074 -0.9869604401089358
2.1500000000000004 0.046346651210043346 -0.9869604401089358
2.16 0.045443454661466355 -0.9869604401089358
2.17 0.04457294552158107 -0.9869604401089358
2.1799999999999997 0.043734622167856105 -0.9869604401089358
2.1900000000000004 0.04293040484252172 -0.9869604401089358
2.2 0.04216739654910147 -0.9869604401089358
2.21 0.041442101124277556 -0.9869604401089358
2.2199999999999998 0.04074832100757798 -0.9869604401089358
2.2300000000000004 0.04008182447062292 -0.9869604401089358
2.24 0.03943907372281695 -0.9869604401089358
2.25 0.038819494603567886 -0.9869604401089358
2.26 0.0382218346487889 -0.9869604401089358
2.2700000000000005 0.03764135107669591 -0.9869604401089358
2.2800000000000002 0.037078082323857134 -0.9869604401089358
2.29 0.0365331567262178 -0.9869604401089358
2.3 0.036007994636704836 -0.9869604401089358
2.3100000000000005 0.03549243799693422 -0.9869604401089358
2.3200000000000003 0.034986523210267 -0.9869604401089358
2.33 0.03449055370046567 -0.9869604401089358
2.34 0.03400549457870391 -0.9869604401089358
2.3500000000000005 0.033531937691181346 -0.9869604401089358
2.3600000000000003 0.0330691439486224 -0.9869604401089358
2.37 0.03261161857902516 -0.9869604401089358
2.38 0.0321606029276443 -0.9869604401089358
2.3900000000000006 0.03171264646381664 -0.9869604401089358
2.4000000000000004 0.03126842340485249 -0.9869604401089358
2.41 0.030827515343948054 -0.9869604401089358
2.42 0.030386569255709577 -0.9869604401089358
2.4299999999999997 0.029940389237126882 -0.9869604401089358
2.4400000000000004 0.029488121324206522 -0.9869604401089358
2.45 0.029024410038440807 -0.9869604401089358
2.46 0.028548179364402574 -0.9869604401089358
2.4699999999999998 0.02806450925163724 -0.9869604401089358
2.4800000000000004 0.02757350137601209 -0.9869604401089358
2.49 0.027070669199989073 -0.9869604401089358
2.5 0.026557435477301758 -0.9869604401089358
2.51 0.02602936892328884 -0.9869604401089358
2.5200000000000005 0.025488706433217267 -0.9869604401089358
2.5300000000000002 0.024938932654151036 -0.9869604401089358
2.54 0.02438293664351659 -0.9869604401089358
2.55 0.023820313321849557 -0.9869604401089358
2.5600000000000005 0.023249628912603883 -0.9869604401089358
2.5700000000000003 0.02266970505943271 -0.9869604401089358
2.58 0.022080532977221644 -0.9869604401089358
2.59 0.021482215961531624 -0.9869604401089358
2.6000000000000005 0.020879887305181248 -0.9869604401089358
2.6100000000000003 0.020270678406909284 -0.9869604401089358
2.62 0.019654406530171753 -0.9869604401089358
2.63 0.019037609708021205 -0.9869604401089358
2.6400000000000006 0.018423935970484934 -0.9869604401089358
2.6500000000000004 0.017814734168312394 -0.9869604401089358
2.66 0.017213591198828457 -0.9869604401089358
2.67 0.016619310549590902 -0.9869604401089358
2.6799999999999997 0.016035574459295623 -0.9869604401089358
2.6900000000000004 0.015464203260240124 -0.9869604401089358
2.7 0.014913466133394993 -0.9869604401089358
2.71 0.01438790524976835 -0.9869604401089358
2.7199999999999998 0.013887313798492585 -0.9869604401089358
2.7300000000000004 0.013408756347473575 -0.9869604401089358
2.74 0.01295115611312201 -0.9869604401089358
2.75 0.012513906524956226 -0.9869604401089358
2.76 0.012102676136413165 -0.9869604401089358
2.7700000000000005 0.011718797589415453 -0.9869604401089358
2.7800000000000002 0.011359860361853238 -0.9869604401089358
2.79 0.011021857968926756 -0.9869604401089358
2.8 0.010705329106530914 -0.9869604401089358
2.8100000000000005 0.010408946409653784 -0.9869604401089358
2.8200000000000003 0.010133718921641725 -0.9869604401089358
2.83 0.009880958386118473 -0.9869604401089358
2.84 0.00964836331353894 -0.9869604401089358
2.8500000000000005 0.00943380019831801 -0.9869604401089358
2.8600000000000003 0.009235879962304324 -0.9869604401089358
2.87 0.009054403947554097 -0.9869604401089358
2.88 0.00888776188816796 -0.9869604401089358
2.8900000000000006 0.008737892388513795 -0.9869604401089358
2.9000000000000004 0.00860433420775705 -0.9869604401089358
2.91 0.008486582637784066 -0.9869604401089358
2.92 0.008380986711866382 -0.9869604401089358
2.9300000000000006 0.008286877640630467 -0.9869604401089358
2.9400000000000004 0.008201445370528734 -0.9869604401089358
2.95 0.008125367159731896 -0.9869604401089358
2.96 0.008056526640948006 -0.9869604401089358
2.9699999999999998 0.007993695096485873 -0.9869604401089358
2.9800000000000004 0.00793402978457617 -0.9869604401089358
2.99 0.007875798148790593 -0.9869604401089358
3.0 0.00782087917202629 -0.9869604401089358
3.01 0.007766513454087184 -0.9869604401089358
3.0199999999999996 0.007709459074060588 -0.9869604401089358
3.0299999999999994 0.007648654618880588 -0.9869604401089358
3.040000000000001 0.007580773304296332 -0.9869604401089358
3.0500000000000007 0.007507159090160088 -0.9869604401089358
3.0600000000000005 0.007430775049040232 -0.9869604401089358
3.0700000000000003 0.007349920321059609 -0.9869604401089358
3.08 0.007263886421788489 -0.9869604401089358
3.09 0.0071729705836217315 -0.9869604401089358
3.0999999999999996 0.0070755158816658646 -0.9869604401089358
3.1099999999999994 0.006971877138384556 -0.9869604401089358
3.120000000000001 0.0068617747739182005 -0.9869604401089358
3.130000000000001 0.0067446371369804135 -0.9869604401089358
3.1400000000000006 0.006621324001170266 -0.9869604401089358
3.1500000000000004 0.006493557048641751 -0.9869604401089358
3.16 0.006360767844292688 -0.9869604401089358
3.17 0.006220258075243679 -0.9869604401089358
3.1799999999999997 0.006071256283314405 -0.9869604401089358
3.1899999999999995 0.0059134281153176305 -0.9869604401089358
3.1999999999999993 0.005747811657206811 -0.9869604401089358
3.210000000000001 0.005578601393139509 -0.9869604401089358
3.2200000000000006 0.0054049947445503465 -0.9869604401089358
3.2300000000000004 0.005228123836376599 -0.9869604401089358
3.24 0.005047726114434904 -0.9869604401089358
3.25 0.004866388886944271 -0.9869604401089358
3.26 0.004684219867616201 -0.9869604401089358
3.2699999999999996 0.004503992867018589 -0.9869604401089358
3.2799999999999994 0.004325707045521716 -0.9869604401089358
3.290000000000001 0.00415116246200068 -0.9869604401089358
3.3000000000000007 0.003980213203594271 -0.9869604401089358
3.3100000000000005 0.0038154442767535605 -0.9869604401089358
3.3200000000000003 0.0036552393614049557 -0.9869604401089358
3.33 0.003499360317777488 -0.9869604401089358
3.34 0.0033480165874302283 -0.9869604401089358
3.3499999999999996 0.003201998720267547 -0.9869604401089358
3.3599999999999994 0.0030605334157771096 -0.9869604401089358
3.370000000000001 0.002925733063902019 -0.9869604401089358
3.380000000000001 0.002796958061759187 -0.9869604401089358
3.3900000000000006 0.0026734643625483953 -0.9869604401089358
3.4000000000000004 0.0025558245296232675 -0.9869604401089358
3.41 0.002444757700175806 -0.9869604401089358
3.42 0.0023395824505669503 -0.9869604401089358
3.4299999999999997 0.0022416123002376442 -0.9869604401089358
3.4399999999999995 0.0021523314441548947 -0.9869604401089358
3.4499999999999993 0.0020708576129481624 -0.9869604401089358
3.460000000000001 0.0019978318913585614 -0.9869604401089358
3.4700000000000006 0.0019331241782636257 -0.9869604401089358
3.4800000000000004 0.0018763390640261425 -0.9869604401089358
3.49 0.0018263821642772924 -0.9869604401089358
3.5 0.001785128022069377 -0.9869604401089358
3.51 0.001751825565083814 -0.9869604401089358
3.5199999999999996 0.0017262949850923137 -0.9869604401089358
3.5299999999999994 0.0017091347358721292 -0.9869604401089358
3.540000000000001 0.0016989161650990002 -0.9869604401089358
3.5500000000000007 0.0016937987411692137 -0.9869604401089358
3.5600000000000005 0.0016934909048967966 -0.9869604401089358
3.5700000000000003 0.001697201876732638 -0.9869604401089358
3.58 0.0017041322993056216 -0.9869604401089358
3.59 0.0017140221734313712 -0.9869604401089358
3.5999999999999996 0.0017255001911864205 -0.9869604401089358
3.6099999999999994 0.001737287482358048 -0.9869604401089358
3.620000000000001 0.0017482350506352771 -0.9869604401089358
3.630000000000001 0.0017591240331817878 -0.9869604401089358
3.6400000000000006 0.001770172711463418 -0.9869604401089358
3.6500000000000004 0.001780605837354009 -0.9869604401089358
3.66 0.0017907689419763325 -0.9869604401089358
3.67 0.001800398160479351 -0.9869604401089358
3.6799999999999997 0.0018085976793526491 -0.9869604401089358
3.6899999999999995 0.0018170698997466233 -0.9869604401089358
3.700000000000001 0.0018259831400748768 -0.9869604401089358
3.710000000000001 0.0018355142483442413 -0.9869604401089358
3.7200000000000006 0.001846283991265412 -0.9869604401089358
3.7300000000000004 0.0018593159752837137 -0.9869604401089358
3.74 0.001873711150488784 -0.9869604401089358
3.75 0.00188957762843277 -0.9869604401089358
3.76 0.0019068602509480096 -0.9869604401089358
3.7699999999999996 0.0019246170498904338 -0.9869604401089358
3.7799999999999994 0.0019430188189682542 -0.9869604401089358
3.790000000000001 0.001962188063687989 -0.9869604401089358
3.8000000000000007 0.001981963499929015 -0.9869604401089358
3.8100000000000005 0.0020015670252318428 -0.9869604401089358
3.8200000000000003 0.0020223321325619466 -0.9869604401089358
3.83 0.002043033292478969 -0.9869604401089358
3.84 0.0020640370971691164 -0.9869604401089358
3.8499999999999996 0.0020846892912003263 -0.9869604401089358
3.8599999999999994 0.0021047693682874832 -0.9869604401089358
3.870000000000001 0.0021239796194980056 -0.9869604401089358
3.880000000000001 0.0021423848151337797 -0.9869604401089358
3.8900000000000006 0.002158312078954462 -0.9869604401089358
3.9000000000000004 0.002171902841252265 -0.9869604401089358
3.91 0.0021822186922746865 -0.9869604401089358
3.92 0.002190102672719832 -0.9869604401089358
3.9299999999999997 0.0021958813022840487 -0.9869604401089358
3.9399999999999995 0.0021981648514984692 -0.9869604401089358
3.950000000000001 0.0021949818210452604 -0.9869604401089358
3.960000000000001 0.002186313176428683 -0.9869604401089358
3.9700000000000006 0.0021722665949656544 -0.9869604401089358
3.9800000000000004 0.002154698494966196 -0.9869604401089358
3.99 0.002134327252411681 -0.9869604401089358
4.0 0.0021095334175029665 -0.9869604401089358
4.01 0.0020793841894899264 -0.9869604401089358
4.02 0.0020439594559843277 -0.9869604401089358
4.029999999999999 0.0020052632086708056 -0.9869604401089358
4.040000000000001 0.0019651941885969956 -0.9869604401089358
4.050000000000001 0.0019246737501682856 -0.9869604401089358
4.0600000000000005 0.0018833192566898049 -0.9869604401089358
4.07 0.001841242801152606 -0.9869604401089358
4.08 0.001798432876817467 -0.9869604401089358
4.09 0.0017556965663468294 -0.9869604401089358
4.1 0.0017135073769953336 -0.9869604401089358
4.109999999999999 0.0016709704498730654 -0.9869604401089358
4.120000000000001 0.0016283014911344337 -0.9869604401089358
4.130000000000001 0.0015854136880532642 -0.9869604401089358
4.140000000000001 0.001542206588841428 -0.9869604401089358
4.15 0.0014970894433592276 -0.9869604401089358
4.16 0.0014504054291684635 -0.9869604401089358
4.17 0.0014007468089700691 -0.9869604401089358
4.18 0.0013486984880120801 -0.9869604401089358
4.1899999999999995 0.001295245446108324 -0.9869604401089358
4.200000000000001 0.001240265440652283 -0.9869604401089358
4.210000000000001 0.0011823988861719777 -0.9869604401089358
4.220000000000001 0.001122737961392689 -0.9869604401089358
4.23 0.0010610908619654578 -0.9869604401089358
4.24 0.0009983275794196735 -0.9869604401089358
4.25 0.0009361267022427783 -0.9869604401089358
4.26 0.0008750716675227565 -0.9869604401089358
4.27 0.0008156824080635349 -0.9869604401089358
4.279999999999999 0.0007595315156658922 -0.9869604401089358
4.290000000000001 0.0007078016175060224 -0.9869604401089358
4.300000000000001 0.0006612407963568289 -0.9869604401089358
4.3100000000000005 0.0006202577278883809 -0.9869604401089358
4.32 0.0005857768827530734 -0.9869604401089358
4.33 0.0005580216554326282 -0.9869604401089358
4.34 0.000537869991251533 -0.9869604401089358
4.35 0.0005264772140803977 -0.9869604401089358
4.359999999999999 0.0005242831774301069 -0.9869604401089358
4.370000000000001 0.0005311704356155764 -0.9869604401089358
4.380000000000001 0.0005477139351857385 -0.9869604401089358
4.390000000000001 0.0005735064509550826 -0.9869604401089358
4.4 0.0006086599996258212 -0.9869604401089358
4.41 0.0006527724161620251 -0.9869604401089358
4.42 0.0007061222230465094 -0.9869604401089358
4.43 0.0007674729002907403 -0.9869604401089358
4.4399999999999995 0.0008359425925015841 -0.9869604401089358
4.450000000000001 0.0009110814485145486 -0.9869604401089358
4.460000000000001 0.0009921280807795745 -0.9869604401089358
4.470000000000001 0.0010783439922500897 -0.9869604401089358
4.48 0.001169997444374195 -0.9869604401089358
4.49 0.0012650393640837615 -0.9869604401089358
4.5 0.0013615054802355265 -0.9869604401089358
4.51 0.0014579470515207458 -0.9869604401089358
4.52 0.0015529007035885545 -0.9869604401089358
4.529999999999999 0.001644899444631579 -0.9869604401089358
4.540000000000001 0.001734103801416797 -0.9869604401089358
4.550000000000001 0.0018194128994447197 -0.9869604401089358
4.5600000000000005 0.0018995375496814678 -0.9869604401089358
4.57 0.0019734818417958687 -0.9869604401089358
4.58 0.0020406674396402764 -0.9869604401089358
4.59 0.0020997483575264995 -0.9869604401089358
4.6 0.002151677394139116 -0.9869604401089358
4.609999999999999 0.0021974744155935037 -0.9869604401089358
4.620000000000001 0.002237101041403153 -0.9869604401089358
4.630000000000001 0.002270639064466526 -0.9869604401089358
4.640000000000001 0.0022978410565629385 -0.9869604401089358
4.65 0.0023173501926896808 -0.9869604401089358
4.66 0.0023300733296894357 -0.9869604401089358
4.67 0.0023362737889908803 -0.9869604401089358
4.68 0.002335473867060973 -0.9869604401089358
4.6899999999999995 0.0023271559979872905 -0.9869604401089358
4.700000000000001 0.0023097666438099116 -0.9869604401089358
4.710000000000001 0.0022836965122918634 -0.9869604401089358
4.720000000000001 0.002249587897521373 -0.9869604401089358
4.73 0.0022075978484860713 -0.9869604401089358
4.74 0.002158195568962361 -0.9869604401089358
4.75 0.002100143836809828 -0.9869604401089358
4.76 0.0020327463495722017 -0.9869604401089358
4.77 0.001957675016555358 -0.9869604401089358
4.779999999999999 0.0018756498197391195 -0.9869604401089358
4.790000000000001 0.0017873693593866192 -0.9869604401089358
4.800000000000001 0.0016941215544816605 -0.9869604401089358
4.8100000000000005 0.001595255181537779 -0.9869604401089358
4.82 0.0014915785256836274 -0.9869604401089358
4.83 0.001384292566499355 -0.9869604401089358
4.84 0.0012742285360700792 -0.9869604401089358
4.85 0.001161523480047177 -0.9869604401089358
4.859999999999999 0.001047918294572086 -0.9869604401089358
4.870000000000001 0.0009337687776886499 -0.9869604401089358
4.880000000000001 0.0008207310352767634 -0.9869604401089358
4.890000000000001 0.0007101651961723543 -0.9869604401089358
4.9 0.000602743986377772 -0.9869604401089358
4.91 0.0004997664368990027 -0.9869604401089358
4.92 0.000402940440276667 -0.9869604401089358
4.93 0.0003139050333060772 -0.9869604401089358
4.9399999999999995 0.00023425410315597891 -0.9869604401089358
4.950000000000001 0.0001649904359259017 -0.9869604401089358
4.960000000000001 0.00010672183970989067 -0.9869604401089358
4.970000000000001 6.044512604118651e-05 -0.9869604401089358
4.98 2.6932757887880172e-05 -0.9869604401089358
4.99 6.727629708933431e-06 -0.9869604401089358
