-5.0 2.4106969641273235e-06 -0.9869604401089358
-4.99 9.65024939308969e-06 -0.9869604401089358
-4.98 2.1694101537068337e-05 -0.9869604401089358
-4.97 3.855044503924344e-05 -0.9869604401089358
-4.96 6.043073247456651e-05 -0.9869604401089358
-4.95 8.723672765216841e-05 -0.9869604401089358
-4.94 0.00011907430967685024 -0.9869604401089358
-4.93 0.00015586095534368338 -0.9869604401089358
-4.92 0.00019745764967440152 -0.9869604401089358
-4.91 0.00024364793614120787 -0.9869604401089358
-4.9 0.00029429984650855497 -0.9869604401089358
-4.89 0.00034876222215502573 -0.9869604401089358
-4.88 0.0004063440513228943 -0.9869604401089358
-4.87 0.0004667147534606784 -0.9869604401089358
-4.86 0.0005287878470145174 -0.9869604401089358
-4.85 0.0005921398529633341 -0.9869604401089358
-4.84 0.0006555198024049623 -0.9869604401089358
-4.83 0.0007185259767528224 -0.9869604401089358
-4.82 0.0007799937288868315 -0.9869604401089358
-4.81 0.000840021090328497 -0.9869604401089358
-4.8 0.0008978795234569604 -0.9869604401089358
-4.79 0.0009529070404580941 -0.9869604401089358
-4.78 0.0010038757200890403 -0.9869604401089358
-4.77 0.0010509503692061899 -0.9869604401089358
-4.76 0.0010927976584725987 -0.9869604401089358
-4.75 0.0011303283231798747 -0.9869604401089358
-4.74 0.0011634755346690583 -0.9869604401089358
-4.73 0.001191925269862874 -0.9869604401089358
-4.72 0.0012148436484461982 -0.9869604401089358
-4.71 0.0012323981103401368 -0.9869604401089358
-4.7 0.0012438681870799622 -0.9869604401089358
-4.69 0.0012505349602888495 -0.9869604401089358
-4.68 0.0012517988891663574 -0.9869604401089358
-4.67 0.0012475792001558463 -0.9869604401089358
-4.66 0.0012375036928882746 -0.9869604401089358
-4.65 0.0012228807952484066 -0.9869604401089358
-4.64 0.0012036224600974368 -0.9869604401089358
-4.63 0.0011805518263173042 -0.9869604401089358
-4.62 0.0011534634534621864 -0.9869604401089358
-4.61 0.0011229184696295081 -0.9869604401089358
-4.6 0.0010892879390937032 -0.9869604401089358
-4.59 0.0010540205088379166 -0.9869604401089358
-4.58 0.0010189166724941718 -0.9869604401089358
-4.57 0.0009844997936616841 -0.9869604401089358
-4.56 0.0009505218142517116 -0.9869604401089358
-4.55 0.0009160167351522393 -0.9869604401089358
-4.54 0.0008812842966461414 -0.9869604401089358
-4.53 0.00084723008690745 -0.9869604401089358
-4.52 0.0008153669596053197 -0.9869604401089358
-4.51 0.0007856210291792555 -0.9869604401089358
-4.5 0.0007577700210894946 -0.9869604401089358
-4.49 0.0007317198727140572 -0.9869604401089358
-4.48 0.0007073335305954209 -0.9869604401089358
-4.47 0.0006846944852605452 -0.9869604401089358
-4.46 0.0006645615264942442 -0.9869604401089358
-4.45 0.0006466402129969025 -0.9869604401089358
-4.4399999999999995 0.0006308339622980212 -0.9869604401089358
-4.43 0.0006178707651920591 -0.9869604401089358
-4.42 0.0006074160148421158 -0.9869604401089358
-4.41 0.0006001330335684175 -0.9869604401089358
-4.4 0.0005955987413381725 -0.9869604401089358
-4.39 0.0005935699977467958 -0.9869604401089358
-4.38 0.0005941433506391986 -0.9869604401089358
-4.37 0.0005977804085744413 -0.9869604401089358
-4.36 0.0006046538235338736 -0.9869604401089358
-4.35 0.0006153119327209143 -0.9869604401089358
-4.34 0.0006295398007167201 -0.9869604401089358
-4.33 0.0006472509962166311 -0.9869604401089358
-4.32 0.0006684175216980746 -0.9869604401089358
-4.31 0.0006933094335177987 -0.9869604401089358
-4.3 0.0007222897298631388 -0.9869604401089358
-4.29 0.0007547881538460994 -0.9869604401089358
-4.28 0.0007907280324991973 -0.9869604401089358
-4.27 0.000830014112018689 -0.9869604401089358
-4.26 0.0008728531367621406 -0.9869604401089358
-4.25 0.0009194798378791874 -0.9869604401089358
-4.24 0.0009691214769267784 -0.9869604401089358
-4.23 0.0010213278168788168 -0.9869604401089358
-4.22 0.0010766430822366896 -0.9869604401089358
-4.21 0.0011346226680743136 -0.9869604401089358
-4.2 0.0011948600041487274 -0.9869604401089358
-4.1899999999999995 0.0012571440570840972 -0.9869604401089358
-4.18 0.0013203691305830332 -0.9869604401089358
-4.17 0.0013839906693396628 -0.9869604401089358
-4.16 0.0014480197560596925 -0.9869604401089358
-4.15 0.0015114337105820686 -0.9869604401089358
-4.14 0.0015728719953341226 -0.9869604401089358
-4.13 0.0016315796831477037 -0.9869604401089358
-4.12 0.0016870927537512442 -0.9869604401089358
-4.11 0.0017390266560016077 -0.9869604401089358
-4.1 0.0017881855455969156 -0.9869604401089358
-4.09 0.0018336274522800955 -0.9869604401089358
-4.08 0.0018745637684135395 -0.9869604401089358
-4.07 0.0019111524612352086 -0.9869604401089358
-4.06 0.0019434801440890534 -0.9869604401089358
-4.05 0.001971388837326646 -0.9869604401089358
-4.04 0.0019966099089902835 -0.9869604401089358
-4.03 0.002019231692428097 -0.9869604401089358
-4.02 0.0020374427295925964 -0.9869604401089358
-4.01 0.002050908566847544 -0.9869604401089358
-4.0 0.002060641788830596 -0.9869604401089358
-3.99 0.002066805732141481 -0.9869604401089358
-3.98 0.0020711137771630733 -0.9869604401089358
-3.9699999999999998 0.002074397001172708 -0.9869604401089358
-3.96 0.002074770882458056 -0.9869604401089358
-3.95 0.0020724807228714955 -0.9869604401089358
-3.94 0.0020669556205119115 -0.9869604401089358
-3.9299999999999997 0.0020577834331946612 -0.9869604401089358
-3.92 0.002045711068015991 -0.9869604401089358
-3.91 0.002031603146170129 -0.9869604401089358
-3.9 0.0020143017221911663 -0.9869604401089358
-3.8899999999999997 0.001993351960149655 -0.9869604401089358
-3.88 0.0019681246117539764 -0.9869604401089358
-3.87 0.0019369654727968836 -0.9869604401089358
-3.86 0.0019005802846354426 -0.9869604401089358
-3.8499999999999996 0.001860631250351384 -0.9869604401089358
-3.84 0.0018173556521074647 -0.9869604401089358
-3.83 0.0017702932593803707 -0.9869604401089358
-3.8200000000000003 0.0017209842827725864 -0.9869604401089358
-3.81 0.0016695406467709655 -0.9869604401089358
-3.8 0.0016168158409373063 -0.9869604401089358
-3.79 0.0015644063017067325 -0.9869604401089358
-3.7800000000000002 0.001513405609855458 -0.9869604401089358
-3.77 0.0014643979331840384 -0.9869604401089358
-3.76 0.0014193403290648982 -0.9869604401089358
-3.75 0.001378690147455557 -0.9869604401089358
-3.74 0.001342630565470928 -0.9869604401089358
-3.73 0.0013122146732789258 -0.9869604401089358
-3.7199999999999998 0.0012879988349934215 -0.9869604401089358
-3.71 0.0012703418828241512 -0.9869604401089358
-3.7 0.0012608893283463198 -0.9869604401089358
-3.69 0.0012598489503794752 -0.9869604401089358
-3.6799999999999997 0.0012662069710231716 -0.9869604401089358
-3.67 0.0012804311265980554 -0.9869604401089358
-3.66 0.0013026700671461813 -0.9869604401089358
-3.65 0.0013323186873825971 -0.9869604401089358
-3.6399999999999997 0.0013699757016616245 -0.9869604401089358
-3.63 0.0014157557856054187 -0.9869604401089358
-3.62 0.0014678078692166032 -0.9869604401089358
-3.61 0.001525655354600324 -0.9869604401089358
-3.5999999999999996 0.0015886942522754036 -0.9869604401089358
-3.59 0.0016569391668774481 -0.9869604401089358
-3.58 0.001730155741723423 -0.9869604401089358
-3.5700000000000003 0.0018077924078927605 -0.9869604401089358
-3.56 0.001887956830852286 -0.9869604401089358
-3.55 0.0019693461868026205 -0.9869604401089358
-3.54 0.002052497302635707 -0.9869604401089358
-3.5300000000000002 0.002136612823759365 -0.9869604401089358
-3.52 0.002221617217710282 -0.9869604401089358
-3.51 0.0023069464560851846 -0.9869604401089358
-3.5 0.0023906588003816606 -0.9869604401089358
-3.49 0.0024726113291409653 -0.9869604401089358
-3.48 0.002554141026400808 -0.9869604401089358
-3.4699999999999998 0.0026342422313799943 -0.9869604401089358
-3.46 0.0027124842937764617 -0.9869604401089358
-3.45 0.0027888602382237 -0.9869604401089358
-3.44 0.0028634694811936713 -0.9869604401089358
-3.4299999999999997 0.002936887450756773 -0.9869604401089358
-3.42 0.0030092637148024215 -0.9869604401089358
-3.41 0.0030806863796433203 -0.9869604401089358
-3.4 0.0031502848255337643 -0.9869604401089358
-3.3899999999999997 0.0032176977175026144 -0.9869604401089358
-3.38 0.0032820145702566477 -0.9869604401089358
-3.37 0.003341961429776526 -0.9869604401089358
-3.36 0.0033959245074222416 -0.9869604401089358
-3.3499999999999996 0.0034428308297759862 -0.9869604401089358
-3.34 0.003482321011241128 -0.9869604401089358
-3.33 0.0035148331828991986 -0.9869604401089358
-3.3200000000000003 0.0035394163773761447 -0.9869604401089358
-3.31 0.0035557193688530928 -0.9869604401089358
-3.3 0.003564067298839947 -0.9869604401089358
-3.29 0.0035634842039284553 -0.9869604401089358
-3.2800000000000002 0.003554738754458355 -0.9869604401089358
-3.27 0.003538617801649413 -0.9869604401089358
-3.26 0.003516245724494047 -0.9869604401089358
-3.25 0.003488034837755698 -0.9869604401089358
-3.24 0.0034553952868890893 -0.9869604401089358
-3.23 0.0034193784845693094 -0.9869604401089358
-3.2199999999999998 0.003382547890968093 -0.9869604401089358
-3.21 0.003345686641100664 -0.9869604401089358
-3.2 0.003309542419657246 -0.9869604401089358
-3.19 0.0032731966501032173 -0.9869604401089358
-3.1799999999999997 0.0032373475344230915 -0.9869604401089358
-3.17 0.0032036907067380686 -0.9869604401089358
-3.16 0.003175152955431686 -0.9869604401089358
-3.15 0.0031532378177375037 -0.9869604401089358
-3.1399999999999997 0.0031390249512306587 -0.9869604401089358
-3.13 0.003131326691283763 -0.9869604401089358
-3.12 0.003133844625126075 -0.9869604401089358
-3.11 0.0031465074305447446 -0.9869604401089358
-3.0999999999999996 0.003170621968247734 -0.9869604401089358
-3.09 0.003206231790073912 -0.9869604401089358
-3.08 0.0032536612087787227 -0.9869604401089358
-3.0700000000000003 0.003311580084072386 -0.9869604401089358
-3.06 0.003382809983670238 -0.9869604401089358
-3.05 0.0034676985270900855 -0.9869604401089358
-3.04 0.0035662863481192163 -0.9869604401089358
-3.0300000000000002 0.003678216729338776 -0.9869604401089358
-3.02 0.0038024390337492294 -0.9869604401089358
-3.01 0.003938097319415175 -0.9869604401089358
-3.0 0.004083994411623457 -0.9869604401089358
-2.9899999999999998 0.004239312926183871 -0.9869604401089358
-2.98 0.0044024910900702955 -0.9869604401089358
-2.9699999999999998 0.004574524863115915 -0.9869604401089358
-2.96 0.004754120599359992 -0.9869604401089358
-2.95 0.004940696628448675 -0.9869604401089358
-2.94 0.005133994047978792 -0.9869604401089358
-2.93 0.005334846078103514 -0.9869604401089358
-2.92 0.005543758867597999 -0.9869604401089358
-2.91 0.005760865394699353 -0.9869604401089358
-2.9 0.005986431250312882 -0.9869604401089358
-2.89 0.006219868200392512 -0.9869604401089358
-2.88 0.006462429097742355 -0.9869604401089358
-2.87 0.0067144542671561105 -0.9869604401089358
-2.86 0.006975614154632389 -0.9869604401089358
-2.85 0.0072424105699559205 -0.9869604401089358
-2.84 0.007515448127071499 -0.9869604401089358
-2.83 0.0077937215810796835 -0.9869604401089358
-2.82 0.008075969516816226 -0.9869604401089358
-2.81 0.008362313304720422 -0.9869604401089358
-2.8 0.008652345668632223 -0.9869604401089358
-2.79 0.00894121575293991 -0.9869604401089358
-2.78 0.009225047664858203 -0.9869604401089358
-2.77 0.009503262079745013 -0.9869604401089358
-2.76 0.009773932815682222 -0.9869604401089358
-2.75 0.010039527390309385 -0.9869604401089358
-2.7399999999999998 0.01030035181346626 -0.9869604401089358
-2.73 0.010558907370503641 -0.9869604401089358
-2.7199999999999998 0.010811863842269996 -0.9869604401089358
-2.71 0.011058055164915405 -0.9869604401089358
-2.6999999999999997 0.011294958897408829 -0.9869604401089358
-2.69 0.011523674466249408 -0.9869604401089358
-2.68 0.011746078290443836 -0.9869604401089358
-2.67 0.011966635185272127 -0.9869604401089358
-2.66 0.01218446626370115 -0.9869604401089358
-2.65 0.012403160423948763 -0.9869604401089358
-2.64 0.012620589267726013 -0.9869604401089358
-2.63 0.012837284684110642 -0.9869604401089358
-2.62 0.013052977877536384 -0.9869604401089358
-2.61 0.01327275735182241 -0.9869604401089358
-2.6 0.013493951569197334 -0.9869604401089358
-2.59 0.013722309278465256 -0.9869604401089358
-2.58 0.013956307899416757 -0.9869604401089358
-2.57 0.014197759482924422 -0.9869604401089358
-2.56 0.014446479084140797 -0.9869604401089358
-2.55 0.014710424551327046 -0.9869604401089358
-2.54 0.01498567919926598 -0.9869604401089358
-2.53 0.015272676505113561 -0.9869604401089358
-2.52 0.0155703454813666 -0.9869604401089358
-2.51 0.015879870794707356 -0.9869604401089358
-2.5 0.016205708055908062 -0.9869604401089358
-2.4899999999999998 0.016551777959944048 -0.9869604401089358
-2.48 0.01691575807691398 -0.9869604401089358
-2.4699999999999998 0.017291725301656697 -0.9869604401089358
-2.46 0.01768195668671747 -0.9869604401089358
-2.4499999999999997 0.018085611968946244 -0.9869604401089358
-2.44 0.018503950177935612 -0.9869604401089358
-2.43 0.018938327155027607 -0.9869604401089358
-2.42 0.01938965010303263 -0.9869604401089358
-2.41 0.019859725869074828 -0.9869604401089358
-2.4 0.02035072075124587 -0.9869604401089358
-2.39 0.020859487288003107 -0.9869604401089358
-2.38 0.02138437203799849 -0.9869604401089358
-2.37 0.021927161807928416 -0.9869604401089358
-2.36 0.02248652380250077 -0.9869604401089358
-2.35 0.0230718007709204 -0.9869604401089358
-2.34 0.023687169380628384 -0.9869604401089358
-2.33 0.024329158278798495 -0.9869604401089358
-2.32 0.024992070813802766 -0.9869604401089358
-2.31 0.025675253126025435 -0.9869604401089358
-2.3 0.026376537241984965 -0.9869604401089358
-2.29 0.027098386146696882 -0.9869604401089358
-2.28 0.02784203708672946 -0.9869604401089358
-2.27 0.028603629667085805 -0.9869604401089358
-2.26 0.0293789643520182 -0.9869604401089358
-2.25 0.030164875350832922 -0.9869604401089358
-2.2399999999999998 0.03096253989258446 -0.9869604401089358
-2.23 0.03176822475044434 -0.9869604401089358
-2.2199999999999998 0.032583421223125984 -0.9869604401089358
-2.21 0.03340466502913391 -0.9869604401089358
-2.1999999999999997 0.03423537215841651 -0.9869604401089358
-2.19 0.03507577138648597 -0.9869604401089358
-2.18 0.03592458597984545 -0.9869604401089358
-2.17 0.03677621366163008 -0.9869604401089358
-2.16 0.03763781078069914 -0.9869604401089358
-2.15 0.03850817742075622 -0.9869604401089358
-2.14 0.039386843532293964 -0.9869604401089358
-2.13 0.04027093560701525 -0.9869604401089358
-2.12 0.04116026166773501 -0.9869604401089358
-2.11 0.042049303877321476 -0.9869604401089358
-2.1 0.04294467318047073 -0.9869604401089358
-2.09 0.043846804668075466 -0.9869604401089358
-2.08 0.044751817885575314 -0.9869604401089358
-2.07 0.04565439430618523 -0.9869604401089358
-2.06 0.0465584404929718 -0.9869604401089358
-2.05 0.047452667494548274 -0.9869604401089358
-2.04 0.04834575076913836 -0.9869604401089358
-2.03 0.04924040703912729 -0.9869604401089358
-2.02 0.05013678353787472 -0.9869604401089358
-2.01 0.05103488091313242 -0.9869604401089358
-2.0 0.05193131750698543 -0.9869604401089358
-1.9899999999999998 0.052821886560499604 -0.9869604401089358
-1.98 0.05370834494506746 -0.9869604401089358
-1.9699999999999998 0.05459939865798092 -0.9869604401089358
-1.96 0.05550145787119997 -0.9869604401089358
-1.9499999999999997 0.05641170990221694 -0.9869604401089358
-1.94 0.057327399247443664 -0.9869604401089358
-1.9299999999999997 0.05825295077115588 -0.9869604401089358
-1.92 0.0591867199968333 -0.9869604401089358
-1.9100000000000001 0.06013315781612901 -0.9869604401089358
-1.9 0.06109805925047379 -0.9869604401089358
-1.8900000000000001 0.06208055247768113 -0.9869604401089358
-1.88 0.06307980573220344 -0.9869604401089358
-1.87 0.06409169564686694 -0.9869604401089358
-1.8599999999999999 0.06512433113561468 -0.9869604401089358
-1.85 0.06617696056446383 -0.9869604401089358
-1.8399999999999999 0.06725327902967619 -0.9869604401089358
-1.83 0.0683594724270569 -0.9869604401089358
-1.8199999999999998 0.06948984735052306 -0.9869604401089358
-1.81 0.07064380813689254 -0.9869604401089358
-1.7999999999999998 0.0718243959834997 -0.9869604401089358
-1.79 0.07302825063169432 -0.9869604401089358
-1.7799999999999998 0.07425900419048027 -0.9869604401089358
-1.77 0.07551644797296789 -0.9869604401089358
-1.7599999999999998 0.07679259554351413 -0.9869604401089358
-1.75 0.07809583968907521 -0.9869604401089358
-1.7399999999999998 0.07942188231481402 -0.9869604401089358
-1.73 0.08076609731212914 -0.9869604401089358
-1.7199999999999998 0.08213643776668744 -0.9869604401089358
-1.71 0.08353549514839069 -0.9869604401089358
-1.6999999999999997 0.0849603389020409 -0.9869604401089358
-1.69 0.08641313854012576 -0.9869604401089358
-1.6799999999999997 0.08788789411499132 -0.9869604401089358
-1.67 0.08939079167663812 -0.9869604401089358
-1.6600000000000001 0.0909269044965782 -0.9869604401089358
-1.65 0.09250024484397161 -0.9869604401089358
-1.6400000000000001 0.09411367433542726 -0.9869604401089358
-1.63 0.0957562259939659 -0.9869604401089358
-1.62 0.09741958507283496 -0.9869604401089358
-1.6099999999999999 0.09911043313145379 -0.9869604401089358
-1.6 0.1008262887057871 -0.9869604401089358
-1.5899999999999999 0.10256205385862562 -0.9869604401089358
-1.58 0.10431838121695275 -0.9869604401089358
-1.5699999999999998 0.10608542093418097 -0.9869604401089358
-1.56 0.10785378354809619 -0.9869604401089358
-1.5499999999999998 0.10962495861835485 -0.9869604401089358
-1.54 0.11139742300184373 -0.9869604401089358
-1.5299999999999998 0.11316352655434724 -0.9869604401089358
-1.52 0.11492461132077791 -0.9869604401089358
-1.5099999999999998 0.11666381681880587 -0.9869604401089358
-1.5 0.11837495860647035 -0.9869604401089358
-1.4899999999999998 0.12005730553359005 -0.9869604401089358
-1.48 0.12171593994343813 -0.9869604401089358
-1.4699999999999998 0.12335064766289172 -0.9869604401089358
-1.46 0.12496593617868752 -0.9869604401089358
-1.4499999999999997 0.12655489558162944 -0.9869604401089358
-1.44 0.12812081186719354 -0.9869604401089358
-1.4299999999999997 0.129664817792212 -0.9869604401089358
-1.42 0.1311919203832274 -0.9869604401089358
-1.4100000000000001 0.1327061269237748 -0.9869604401089358
-1.4 0.13420871760772837 -0.9869604401089358
-1.3900000000000001 0.13570662889167853 -0.9869604401089358
-1.38 0.13720096738700113 -0.9869604401089358
-1.37 0.13868987522554627 -0.9869604401089358
-1.3599999999999999 0.14016999432292637 -0.9869604401089358
-1.35 0.14164706523810786 -0.9869604401089358
-1.3399999999999999 0.14313240829214488 -0.9869604401089358
-1.33 0.14462730960782594 -0.9869604401089358
-1.3199999999999998 0.14612055136408955 -0.9869604401089358
-1.31 0.14760867978970638 -0.9869604401089358
-1.2999999999999998 0.1490888541213562 -0.9869604401089358
-1.29 0.15056004254318317 -0.9869604401089358
-1.2799999999999998 0.15203816617371088 -0.9869604401089358
-1.27 0.1535246181618162 -0.9869604401089358
-1.2599999999999998 0.15500459182485954 -0.9869604401089358
-1.25 0.1564799496975132 -0.9869604401089358
-1.2399999999999998 0.15796139897271888 -0.9869604401089358
-1.23 0.159443773645993 -0.9869604401089358
-1.2199999999999998 0.1609330855964962 -0.9869604401089358
-1.21 0.16243438072995287 -0.9869604401089358
-1.1999999999999997 0.16394674407352272 -0.9869604401089358
-1.19 0.16546709041441612 -0.9869604401089358
-1.1799999999999997 0.1670069143124262 -0.9869604401089358
-1.17 0.16857749332130062 -0.9869604401089358
-1.1600000000000001 0.1701815865128732 -0.9869604401089358
-1.15 0.17182877984004485 -0.9869604401089358
-1.1400000000000001 0.17352385447593766 -0.9869604401089358
-1.13 0.17525940899908166 -0.9869604401089358
-1.12 0.17702610117151346 -0.9869604401089358
-1.1099999999999999 0.17882542872044313 -0.9869604401089358
-1.1 0.18065967661451768 -0.9869604401089358
-1.0899999999999999 0.18252885150008838 -0.9869604401089358
-1.08 0.18443673298630844 -0.9869604401089358
-1.0699999999999998 0.18638912698709942 -0.9869604401089358
-1.06 0.18837411697980305 -0.9869604401089358
-1.0499999999999998 0.19037269745526897 0.0
-1.04 0.19276277017917817 0.0
-1.0299999999999998 0.1955386798923018 0.0
-1.02 0.19871045368570966 0.0
-1.0099999999999998 0.20229139488361983 0.0
-1.0 0.20628328702704943 -0.9869604401089358
-0.9900000000000002 0.2102648120258971 -0.9869604401089358
-0.9799999999999995 0.21423908216733306 -0.9869604401089358
-0.9699999999999998 0.2181945499985877 -0.9869604401089358
-0.96 0.22212765906017273 -0.9869604401089358
-0.9500000000000002 0.22603792070098608 -0.9869604401089358
-0.9399999999999995 0.22991545740547026 -0.9869604401089358
-0.9299999999999997 0.23375078729382504 -0.9869604401089358
-0.9199999999999999 0.2375542586688653 -0.9869604401089358
-0.9100000000000001 0.2413255648027363 -0.9869604401089358
-0.9000000000000004 0.24505932987359183 -0.9869604401089358
-0.8899999999999997 0.24875784098720022 -0.9869604401089358
-0.8799999999999999 0.2524271301321114 -0.9869604401089358
-0.8700000000000001 0.25607042495578014 -0.9869604401089358
-0.8600000000000003 0.25968990143346676 -0.9869604401089358
-0.8499999999999996 0.2632881343094961 -0.9869604401089358
-0.8399999999999999 0.26685580012493565 -0.9869604401089358
-0.8300000000000001 0.2703934293009617 -0.9869604401089358
-0.8200000000000003 0.27389968028856554 -0.9869604401089358
-0.8099999999999996 0.277375155487364 -0.9869604401089358
-0.7999999999999998 0.28080325444373033 -0.9869604401089358
-0.79 0.28417744345760476 -0.9869604401089358
-0.7800000000000002 0.2875014567915594 -0.9869604401089358
-0.7699999999999996 0.29078396669434053 -0.9869604401089358
-0.7599999999999998 0.29403098589582455 -0.9869604401089358
-0.75 0.2972414554135077 -0.9869604401089358
-0.7400000000000002 0.30041091495787475 -0.9869604401089358
-0.7299999999999995 0.30351804966687707 -0.9869604401089358
-0.7199999999999998 0.3065601883122339 -0.9869604401089358
-0.71 0.3095494692801042 -0.9869604401089358
-0.7000000000000002 0.3125027592058981 -0.9869604401089358
-0.6899999999999995 0.3154263819400984 -0.9869604401089358
-0.6799999999999997 0.318340328892448 -0.9869604401089358
-0.6699999999999999 0.3212433608721437 -0.9869604401089358
-0.6600000000000001 0.32412640875122245 -0.9869604401089358
-0.6499999999999995 0.32699708891991297 -0.9869604401089358
-0.6399999999999997 0.32985913537600675 -0.9869604401089358
-0.6299999999999999 0.3327135124403849 -0.9869604401089358
-0.6200000000000001 0.3355743241356737 -0.9869604401089358
-0.6100000000000003 0.33844830171439133 -0.9869604401089358
-0.5999999999999996 0.3413449114861255 -0.9869604401089358
-0.5899999999999999 0.34425567109377503 -0.9869604401089358
-0.5800000000000001 0.34717481797752625 -0.9869604401089358
-0.5700000000000003 0.350105682466522 -0.9869604401089358
-0.5599999999999996 0.35306479874382346 -0.9869604401089358
-0.5499999999999998 0.3560401755290874 -0.9869604401089358
-0.54 0.35904756354859996 -0.9869604401089358
-0.5300000000000002 0.36206219090521274 -0.9869604401089358
-0.5199999999999996 0.36507769599116124 -0.9869604401089358
-0.5099999999999998 0.3680887102201497 -0.9869604401089358
-0.5 0.3711223691196016 -0.9869604401089358
-0.4900000000000002 0.3741435633967461 -0.9869604401089358
-0.47999999999999954 0.37714172454007155 -0.9869604401089358
-0.46999999999999975 0.3801049158883692 -0.9869604401089358
-0.45999999999999996 0.3830262897305239 -0.9869604401089358
-0.4500000000000002 0.38589567627448124 -0.9869604401089358
-0.4399999999999995 0.38872447605569427 -0.9869604401089358
-0.4299999999999997 0.39149091743286357 -0.9869604401089358
-0.41999999999999993 0.3941756404988409 -0.9869604401089358
-0.41000000000000014 0.3967837596171337 -0.9869604401089358
-0.39999999999999947 0.3993143146810107 -0.9869604401089358
-0.3899999999999997 0.4017637425119214 -0.9869604401089358
-0.3799999999999999 0.4041312963654429 -0.9869604401089358
-0.3700000000000001 0.4064329763484771 -0.9869604401089358
-0.3600000000000003 0.4086770740041114 -0.9869604401089358
-0.34999999999999964 0.4108553667042082 -0.9869604401089358
-0.33999999999999986 0.41294801387952945 -0.9869604401089358
-0.33000000000000007 0.41494747107877133 -0.9869604401089358
-0.3200000000000003 0.41684035672922537 -0.9869604401089358
-0.3099999999999996 0.4186439634592476 -0.9869604401089358
-0.2999999999999998 0.4203806427528448 -0.9869604401089358
-0.29000000000000004 0.422034226748454 -0.9869604401089358
-0.28000000000000025 0.42358313950907933 -0.9869604401089358
-0.2699999999999996 0.4250332132986136 -0.9869604401089358
-0.2599999999999998 0.42638317287413285 -0.9869604401089358
-0.25 0.42762133306633926 -0.9869604401089358
-0.2400000000000002 0.4287669355731708 -0.9869604401089358
-0.22999999999999954 0.4298102755874231 -0.9869604401089358
-0.21999999999999975 0.43075290995283616 -0.9869604401089358
-0.20999999999999996 0.43160848909355615 -0.9869604401089358
-0.20000000000000018 0.43238344965140973 -0.9869604401089358
-0.1899999999999995 0.4330666961861042 -0.9869604401089358
-0.17999999999999972 0.43366572455764957 -0.9869604401089358
-0.16999999999999993 0.43419881504467256 -0.9869604401089358
-0.16000000000000014 0.43466840560781916 -0.9869604401089358
-0.14999999999999947 0.4350753886408067 -0.9869604401089358
-0.13999999999999968 0.43541866755282743 -0.9869604401089358
-0.1299999999999999 0.43569887032194987 -0.9869604401089358
-0.1200000000000001 0.4359267418019845 -0.9869604401089358
-0.11000000000000032 0.4361198723438065 -0.9869604401089358
-0.09999999999999964 0.43627913855829287 -0.9869604401089358
-0.08999999999999986 0.43639918311371956 -0.9869604401089358
-0.08000000000000007 0.43648148309933005 -0.9869604401089358
-0.07000000000000028 0.4365369452607797 -0.9869604401089358
-0.05999999999999961 0.43657969887530296 -0.9869604401089358
-0.04999999999999982 0.4366029910782835 -0.9869604401089358
-0.040000000000000036 0.43662797417996885 -0.9869604401089358
-0.03000000000000025 0.43665045780918493 -0.9869604401089358
-0.019999999999999574 0.43668674425765946 -0.9869604401089358
-0.009999999999999787 0.43673072972737736 -0.9869604401089358
0.0 0.43679285705592324 -0.9869604401089358
0.009999999999999787 0.4368472803136168 -0.9869604401089358
0.020000000000000462 0.43691893180219354 -0.9869604401089358
0.03000000000000025 0.4369992313540789 -0.9869604401089358
0.040000000000000036 0.43708654381528644 -0.9869604401089358
0.04999999999999982 0.4371530755394617 -0.9869604401089358
0.0600000000000005 0.43720595795827405 -0.9869604401089358
0.07000000000000028 0.4372256985058366 -0.9869604401089358
0.08000000000000007 0.437220454435463 -0.9869604401089358
0.08999999999999986 0.4371914064054889 -0.9869604401089358
0.10000000000000053 0.4371204337742689 -0.9869604401089358
0.11000000000000032 0.43699870712419203 -0.9869604401089358
0.1200000000000001 0.43683203797272435 -0.9869604401089358
0.1299999999999999 0.43661296779117315 -0.9869604401089358
0.13999999999999968 0.43632871017997604 -0.9869604401089358
0.15000000000000036 0.435983796187916 -0.9869604401089358
0.16000000000000014 0.43557535045851403 -0.9869604401089358
0.16999999999999993 0.43510033209364674 -0.9869604401089358
0.17999999999999972 0.4345522613814506 -0.9869604401089358
0.1900000000000004 0.4339165588297349 -0.9869604401089358
0.20000000000000018 0.43317104438921655 -0.9869604401089358
0.20999999999999996 0.43232337481874783 -0.9869604401089358
0.21999999999999975 0.43138607753018454 -0.9869604401089358
0.23000000000000043 0.4303544575221117 -0.9869604401089358
0.2400000000000002 0.4292195611589669 -0.9869604401089358
0.25 0.4279668156496352 -0.9869604401089358
0.2599999999999998 0.42660655721471347 -0.9869604401089358
0.27000000000000046 0.42513848418467715 -0.9869604401089358
0.28000000000000025 0.4235745118110113 -0.9869604401089358
0.29000000000000004 0.4219261404034894 -0.9869604401089358
0.2999999999999998 0.4201897111930032 -0.9869604401089358
0.3100000000000005 0.41836549356308145 -0.9869604401089358
0.3200000000000003 0.41646907955254425 -0.9869604401089358
0.33000000000000007 0.41448502953504895 -0.9869604401089358
0.33999999999999986 0.41240000427778345 -0.9869604401089358
0.35000000000000053 0.4102415032940793 -0.9869604401089358
0.3600000000000003 0.40802286113542974 -0.9869604401089358
0.3700000000000001 0.40574245045465956 -0.9869604401089358
0.3799999999999999 0.40340191307193773 -0.9869604401089358
0.3899999999999997 0.40099158655485156 -0.9869604401089358
0.40000000000000036 0.3984921312211585 -0.9869604401089358
0.41000000000000014 0.3959232843575747 -0.9869604401089358
0.41999999999999993 0.393300039240335 -0.9869604401089358
0.4299999999999997 0.39060912384459756 -0.9869604401089358
0.4400000000000004 0.38784803222418723 -0.9869604401089358
0.4500000000000002 0.38503180086796035 -0.9869604401089358
0.45999999999999996 0.38217727542892194 -0.9869604401089358
0.46999999999999975 0.3792937574965395 -0.9869604401089358
0.4800000000000004 0.37639638411405923 -0.9869604401089358
0.4900000000000002 0.37347696125495256 -0.9869604401089358
0.5 0.3705458252425174 -0.9869604401089358
0.5099999999999998 0.36759493630077034 -0.9869604401089358
0.5200000000000005 0.3646526014666046 -0.9869604401089358
0.5300000000000002 0.36170970208223935 -0.9869604401089358
0.54 0.35878000093898355 -0.9869604401089358
0.5499999999999998 0.3558677612008159 -0.9869604401089358
0.5600000000000005 0.352998378764386 -0.9869604401089358
0.5700000000000003 0.35013828517701046 -0.9869604401089358
0.5800000000000001 0.3472844514079331 -0.9869604401089358
0.5899999999999999 0.3444338965408123 -0.9869604401089358
0.6000000000000005 0.3415863166583975 -0.9869604401089358
0.6100000000000003 0.3387535969260477 -0.9869604401089358
0.6200000000000001 0.33595255656936696 -0.9869604401089358
0.6299999999999999 0.3331610876233957 -0.9869604401089358
0.6399999999999997 0.3303628259915847 -0.9869604401089358
0.6500000000000004 0.3275538927528213 -0.9869604401089358
0.6600000000000001 0.3247326167427872 -0.9869604401089358
0.6699999999999999 0.3219008171353107 -0.9869604401089358
0.6799999999999997 0.31905592668837873 -0.9869604401089358
0.6900000000000004 0.3161887521854793 -0.9869604401089358
0.7000000000000002 0.3132887576479696 -0.9869604401089358
0.71 0.3103375230477528 -0.9869604401089358
0.7199999999999998 0.3073285850606407 -0.9869604401089358
0.7300000000000004 0.3042591521810821 -0.9869604401089358
0.7400000000000002 0.3011292307742396 -0.9869604401089358
0.75 0.29793775927994787 -0.9869604401089358
0.7599999999999998 0.2946959352999541 -0.9869604401089358
0.7700000000000005 0.2914071355849681 -0.9869604401089358
0.7800000000000002 0.2880650504938863 -0.9869604401089358
0.79 0.2846704899244519 -0.9869604401089358
0.7999999999999998 0.2812279891414294 -0.9869604401089358
0.8100000000000005 0.2777330399152635 -0.9869604401089358
0.8200000000000003 0.27419112916964156 -0.9869604401089358
0.8300000000000001 0.27061911823984147 -0.9869604401089358
0.8399999999999999 0.2670113000740194 -0.9869604401089358
0.8500000000000005 0.26337118877153287 -0.9869604401089358
0.8600000000000003 0.2597095862558697 -0.9869604401089358
0.8700000000000001 0.25603186911148856 -0.9869604401089358
0.8799999999999999 0.2523327714746811 -0.9869604401089358
0.8899999999999997 0.2486061748111737 -0.9869604401089358
0.9000000000000004 0.2448402341825964 -0.9869604401089358
0.9100000000000001 0.2410292123244379 -0.9869604401089358
0.9199999999999999 0.23718432800828837 -0.9869604401089358
0.9299999999999997 0.23331694641962328 -0.9869604401089358
0.9400000000000004 0.22943127072129058 -0.9869604401089358
0.9500000000000002 0.22552178220088107 -0.9869604401089358
0.96 0.22158590808410322 -0.9869604401089358
0.9699999999999998 0.21762639295244454 -0.9869604401089358
0.9800000000000004 0.21364983937187637 -0.9869604401089358
0.9900000000000002 0.20965707548189247 -0.9869604401089358
1.0 0.2056660251503262 -0.9869604401089358
1.0099999999999998 0.20168129183518066 0.0
1.0200000000000005 0.1981146706404223 0.0
1.0300000000000002 0.19495985369996613 0.0
1.04 0.19220779243753092 0.0
1.0499999999999998 0.18984279941998525 0.0
1.0600000000000005 0.18787546981078276 -0.9869604401089358
1.0700000000000003 0.18593614676364986 -0.9869604401089358
1.08 0.1840318070249469 -0.9869604401089358
1.0899999999999999 0.18216990507450254 -0.9869604401089358
1.1000000000000005 0.18034409358300976 -0.9869604401089358
1.1100000000000003 0.17854503895185117 -0.9869604401089358
1.12 0.1767826392202097 -0.9869604401089358
1.13 0.17506791505095912 -0.9869604401089358
1.1400000000000006 0.17339339019327316 -0.9869604401089358
1.1500000000000004 0.17176698019262052 -0.9869604401089358
1.1600000000000001 0.17018957359353698 -0.9869604401089358
1.17 0.16864288167702302 -0.9869604401089358
1.1799999999999997 0.16712171544077892 -0.9869604401089358
1.1900000000000004 0.16563216357206262 -0.9869604401089358
1.2000000000000002 0.1641610421110141 -0.9869604401089358
1.21 0.16270073436331808 -0.9869604401089358
1.2199999999999998 0.16125070017378734 -0.9869604401089358
1.2300000000000004 0.1597999316149955 -0.9869604401089358
1.2400000000000002 0.15834836569723876 -0.9869604401089358
1.25 0.15689557565868625 -0.9869604401089358
1.2599999999999998 0.15544686720411585 -0.9869604401089358
1.2700000000000005 0.15399538389711365 -0.9869604401089358
1.2800000000000002 0.1525322067700528 -0.9869604401089358
1.29 0.15106065661611878 -0.9869604401089358
1.2999999999999998 0.1495815945182719 -0.9869604401089358
1.3100000000000005 0.148084598801582 -0.9869604401089358
1.3200000000000003 0.1465794672146537 -0.9869604401089358
1.33 0.14507565216016732 -0.9869604401089358
1.3399999999999999 0.1435744389711296 -0.9869604401089358
1.3500000000000005 0.14207600818292757 -0.9869604401089358
1.3600000000000003 0.140572574740807 -0.9869604401089358
1.37 0.13905553817203395 -0.9869604401089358
1.38 0.13752350446190398 -0.9869604401089358
1.3900000000000006 0.13598789914055584 -0.9869604401089358
1.4000000000000004 0.13445368518085246 -0.9869604401089358
1.4100000000000001 0.13291210231213416 -0.9869604401089358
1.42 0.13135210401985242 -0.9869604401089358
1.4299999999999997 0.12977402054551895 -0.9869604401089358
1.4400000000000004 0.12817891222054464 -0.9869604401089358
1.4500000000000002 0.12656715134030755 -0.9869604401089358
1.46 0.12494162810155988 -0.9869604401089358
1.4699999999999998 0.12329094112044661 -0.9869604401089358
1.4800000000000004 0.12161282743614635 -0.9869604401089358
1.4900000000000002 0.1199058665991619 -0.9869604401089358
1.5 0.11817267209303527 -0.9869604401089358
1.5099999999999998 0.11641596260588934 -0.9869604401089358
1.5200000000000005 0.11464713998011597 -0.9869604401089358
1.5300000000000002 0.11286463889661645 -0.9869604401089358
1.54 0.11107735689538896 -0.9869604401089358
1.5499999999999998 0.10928584231509243 -0.9869604401089358
1.5600000000000005 0.10749139870331408 -0.9869604401089358
1.5700000000000003 0.10570459829682834 -0.9869604401089358
1.58 0.10393213474682711 -0.9869604401089358
1.5899999999999999 0.10217618681220234 -0.9869604401089358
1.6000000000000005 0.1004442379318058 -0.9869604401089358
1.6100000000000003 0.09873474485535069 -0.9869604401089358
1.62 0.09704815935421449 -0.9869604401089358
1.63 0.09539489031388296 -0.9869604401089358
1.6400000000000006 0.09377486283996231 -0.9869604401089358
1.6500000000000004 0.09218799044937265 -0.9869604401089358
1.6600000000000001 0.09064306295403299 -0.9869604401089358
1.67 0.08913306835200308 -0.9869604401089358
1.6799999999999997 0.08764812234850579 -0.9869604401089358
1.6900000000000004 0.08619370573867595 -0.9869604401089358
1.7000000000000002 0.08476881232636721 -0.9869604401089358
1.71 0.08337631316869135 -0.9869604401089358
1.7199999999999998 0.08201453176557903 -0.9869604401089358
1.7300000000000004 0.08068015547661232 -0.9869604401089358
1.7400000000000002 0.07936523524930127 -0.9869604401089358
1.75 0.07807086581721902 -0.9869604401089358
1.7599999999999998 0.076802021447281 -0.9869604401089358
1.7700000000000005 0.07556282796788198 -0.9869604401089358
1.7800000000000002 0.07434477296056854 -0.9869604401089358
1.79 0.07314704092051076 -0.9869604401089358
1.7999999999999998 0.07196914139159023 -0.9869604401089358
1.8100000000000005 0.07081385220587337 -0.9869604401089358
1.8200000000000003 0.06968458040259319 -0.9869604401089358
1.83 0.06858152977509088 -0.9869604401089358
1.8399999999999999 0.06750256182672981 -0.9869604401089358
1.8500000000000005 0.06644224091112054 -0.9869604401089358
1.8600000000000003 0.06539743598704499 -0.9869604401089358
1.87 0.06436563105929598 -0.9869604401089358
1.88 0.06335168938173158 -0.9869604401089358
1.8900000000000006 0.06235566349790608 -0.9869604401089358
1.9000000000000004 0.06137677321142639 -0.9869604401089358
1.9100000000000001 0.06041029301384119 -0.9869604401089358
1.92 0.05945766891308086 -0.9869604401089358
1.9299999999999997 0.05851227666205203 -0.9869604401089358
1.9400000000000004 0.05757399304439705 -0.9869604401089358
1.9500000000000002 0.05665177559050156 -0.9869604401089358
1.96 0.055735811212234934 -0.9869604401089358
1.9699999999999998 0.0548227367876326 -0.9869604401089358
1.9800000000000004 0.05391628221994892 -0.9869604401089358
1.9900000000000002 0.053005773109788996 -0.9869604401089358
2.0 0.05208921174227209 -0.9869604401089358
2.01 0.05117322079443513 -0.9869604401089358
2.0200000000000005 0.050256539326886035 -0.9869604401089358
2.0300000000000002 0.04933908547433354 -0.9869604401089358
2.04 0.04842040363324883 -0.9869604401089358
2.05 0.047492547869033716 -0.9869604401089358
2.0600000000000005 0.0465634835511242 -0.9869604401089358
2.0700000000000003 0.045630642532904164 -0.9869604401089358
2.08 0.04470379688758287 -0.9869604401089358
2.09 0.043780516871684105 -0.9869604401089358
2.1000000000000005 0.042859935774226435 -0.9869604401089358
2.1100000000000003 0.04194276777490173 -0.9869604401089358
2.12 0.04103215676812849 -0.9869604401089358
2.13 0.04012712124022161 -0.9869604401089358
2.1400000000000006 0.03923340011961275 -0.9869604401089358
2.1500000000000004 0.03834989317889001 -0.9869604401089358
2.16 0.03747552086904679 -0.9869604401089358
2.17 0.036605125950438605 -0.9869604401089358
2.1799999999999997 0.03574178636276542 -0.9869604401089358
2.1900000000000004 0.03488373096724518 -0.9869604401089358
2.2 0.03403836941709801 -0.9869604401089358
2.21 0.03320765676828898 -0.9869604401089358
2.2199999999999998 0.032388999838846654 -0.9869604401089358
2.2300000000000004 0.03157382521882704 -0.9869604401089358
2.24 0.030765435411151922 -0.9869604401089358
2.25 0.029966095410717007 -0.9869604401089358
2.26 0.029182921762337513 -0.9869604401089358
2.2700000000000005 0.02841580499288508 -0.9869604401089358
2.2800000000000002 0.02766763727765469 -0.9869604401089358
2.29 0.026939363666228785 -0.9869604401089358
2.3 0.026230144116083494 -0.9869604401089358
2.3100000000000005 0.025542330749532976 -0.9869604401089358
2.3200000000000003 0.02487426127276476 -0.9869604401089358
2.33 0.024227859104948117 -0.9869604401089358
2.34 0.023606788651670294 -0.9869604401089358
2.3500000000000005 0.023012335572956285 -0.9869604401089358
2.3600000000000003 0.022443615749083098 -0.9869604401089358
2.37 0.02189904645785708 -0.9869604401089358
2.38 0.021368485841299387 -0.9869604401089358
2.3900000000000006 0.020854370965249426 -0.9869604401089358
2.4000000000000004 0.02036017181720645 -0.9869604401089358
2.41 0.01988491024477699 -0.9869604401089358
2.42 0.01942915724234749 -0.9869604401089358
2.4299999999999997 0.018992025483773 -0.9869604401089358
2.4400000000000004 0.018569479616999368 -0.9869604401089358
2.45 0.018161350971570386 -0.9869604401089358
2.46 0.01777078084418309 -0.9869604401089358
2.4699999999999998 0.01739582668653826 -0.9869604401089358
2.4800000000000004 0.017034985171022643 -0.9869604401089358
2.49 0.016686030756956606 -0.9869604401089358
2.5 0.016351841009548007 -0.9869604401089358
2.51 0.016033484308877615 -0.9869604401089358
2.5200000000000005 0.015730889377867957 -0.9869604401089358
2.5300000000000002 0.015440855542065557 -0.9869604401089358
2.54 0.015159441404017987 -0.9869604401089358
2.55 0.014889540177133783 -0.9869604401089358
2.5600000000000005 0.014625891461193662 -0.9869604401089358
2.5700000000000003 0.014370955607361992 -0.9869604401089358
2.58 0.01412061603684266 -0.9869604401089358
2.59 0.013876962586199032 -0.9869604401089358
2.6000000000000005 0.013639519080391372 -0.9869604401089358
2.6100000000000003 0.013411212489971297 -0.9869604401089358
2.62 0.013183876257162672 -0.9869604401089358
2.63 0.012956850887148362 -0.9869604401089358
2.6400000000000006 0.012727388326849476 -0.9869604401089358
2.6500000000000004 0.012497400079013612 -0.9869604401089358
2.66 0.012267020380849019 -0.9869604401089358
2.67 0.01204010959893971 -0.9869604401089358
2.6799999999999997 0.011810833200817234 -0.9869604401089358
2.6900000000000004 0.011575785757582644 -0.9869604401089358
2.7 0.01133226037672233 -0.9869604401089358
2.71 0.011079646765980564 -0.9869604401089358
2.7199999999999998 0.010817983118183914 -0.9869604401089358
2.7300000000000004 0.010552956987979237 -0.9869604401089358
2.74 0.01028302211363793 -0.9869604401089358
2.75 0.010008294608827318 -0.9869604401089358
2.76 0.009726409681421142 -0.9869604401089358
2.7700000000000005 0.009437186236911727 -0.9869604401089358
2.7800000000000002 0.00914125508823891 -0.9869604401089358
2.79 0.008842746203387328 -0.9869604401089358
2.8 0.008542803408704232 -0.9869604401089358
2.8100000000000005 0.00824336421363274 -0.9869604401089358
2.8200000000000003 0.007948560469276784 -0.9869604401089358
2.83 0.00765900714422528 -0.9869604401089358
2.84 0.007375306933759834 -0.9869604401089358
2.8500000000000005 0.007099417992567294 -0.9869604401089358
2.8600000000000003 0.0068321540017077746 -0.9869604401089358
2.87 0.006571264082384018 -0.9869604401089358
2.88 0.006318945479294355 -0.9869604401089358
2.8900000000000006 0.006076731609590249 -0.9869604401089358
2.9000000000000004 0.0058447277853102796 -0.9869604401089358
2.91 0.0056225492535916174 -0.9869604401089358
2.92 0.005411350152542878 -0.9869604401089358
2.9300000000000006 0.005209194977055472 -0.9869604401089358
2.9400000000000004 0.005014771411785878 -0.9869604401089358
2.95 0.00482833097713235 -0.9869604401089358
2.96 0.004648842340428394 -0.9869604401089358
2.9699999999999998 0.004477167695589521 -0.9869604401089358
2.9800000000000004 0.00431503569172443 -0.9869604401089358
2.99 0.004162845955318015 -0.9869604401089358
3.0 0.004019732253564216 -0.9869604401089358
3.01 0.00388834490643515 -0.9869604401089358
3.0199999999999996 0.003768724371459971 -0.9869604401089358
3.0299999999999994 0.003661921695330298 -0.9869604401089358
3.040000000000001 0.0035683025163033414 -0.9869604401089358
3.0500000000000007 0.003486463379116901 -0.9869604401089358
3.0600000000000005 0.0034169646092359956 -0.9869604401089358
3.0700000000000003 0.0033596944932273855 -0.9869604401089358
3.08 0.0033145956305678627 -0.9869604401089358
3.09 0.0032798179476293725 -0.9869604401089358
3.0999999999999996 0.003256170921217161 -0.9869604401089358
3.1099999999999994 0.0032422960080977408 -0.9869604401089358
3.120000000000001 0.0032385413702540828 -0.9869604401089358
3.130000000000001 0.0032429210109967527 -0.9869604401089358
3.1400000000000006 0.00325630925355601 -0.9869604401089358
3.1500000000000004 0.0032759602941534413 -0.9869604401089358
3.16 0.003301553311444168 -0.9869604401089358
3.17 0.0033323165528966183 -0.9869604401089358
3.1799999999999997 0.003366729075062379 -0.9869604401089358
3.1899999999999995 0.0034016630024351394 -0.9869604401089358
3.1999999999999993 0.0034376162082363406 -0.9869604401089358
3.210000000000001 0.0034743683657808056 -0.9869604401089358
3.2200000000000006 0.0035112655910716968 -0.9869604401089358
3.2300000000000004 0.0035470265980303765 -0.9869604401089358
3.24 0.003579130044736058 -0.9869604401089358
3.25 0.003604229751888653 -0.9869604401089358
3.26 0.003623187358927802 -0.9869604401089358
3.2699999999999996 0.003635285789005219 -0.9869604401089358
3.2799999999999994 0.0036399045193588955 -0.9869604401089358
3.290000000000001 0.0036365817954951423 -0.9869604401089358
3.3000000000000007 0.0036235661312851337 -0.9869604401089358
3.3100000000000005 0.0036006730852573116 -0.9869604401089358
3.3200000000000003 0.0035702458915032433 -0.9869604401089358
3.33 0.0035323264132456813 -0.9869604401089358
3.34 0.0034872016559977233 -0.9869604401089358
3.3499999999999996 0.0034351942256657217 -0.9869604401089358
3.3599999999999994 0.003375621927871828 -0.9869604401089358
3.370000000000001 0.0033095702709940553 -0.9869604401089358
3.380000000000001 0.0032390617155503712 -0.9869604401089358
3.3900000000000006 0.003166487220603305 -0.9869604401089358
3.4000000000000004 0.003092889174798651 -0.9869604401089358
3.41 0.0030174207085829283 -0.9869604401089358
3.42 0.0029404104377331115 -0.9869604401089358
3.4299999999999997 0.0028625801573982025 -0.9869604401089358
3.4399999999999995 0.0027835426698193414 -0.9869604401089358
3.4499999999999993 0.002704439896514887 -0.9869604401089358
3.460000000000001 0.002624151337309547 -0.9869604401089358
3.4700000000000006 0.0025414025045366363 -0.9869604401089358
3.4800000000000004 0.0024576043519644176 -0.9869604401089358
3.49 0.0023733963103323916 -0.9869604401089358
3.5 0.002289685410519672 -0.9869604401089358
3.51 0.002206736213044336 -0.9869604401089358
3.5199999999999996 0.0021234380709219793 -0.9869604401089358
3.5299999999999994 0.0020401338258257003 -0.9869604401089358
3.540000000000001 0.001958846404308174 -0.9869604401089358
3.5500000000000007 0.0018791549077668396 -0.9869604401089358
3.5600000000000005 0.001802176450727199 -0.9869604401089358
3.5700000000000003 0.0017290128668638804 -0.9869604401089358
3.58 0.0016593319871404584 -0.9869604401089358
3.59 0.0015941324355295378 -0.9869604401089358
3.5999999999999996 0.0015341693690920396 -0.9869604401089358
3.6099999999999994 0.0014791170496364844 -0.9869604401089358
3.620000000000001 0.0014292813937252522 -0.9869604401089358
3.630000000000001 0.0013860258106827073 -0.9869604401089358
3.6400000000000006 0.001349316514275972 -0.9869604401089358
3.6500000000000004 0.0013202955722070094 -0.9869604401089358
3.66 0.0012985816482148898 -0.9869604401089358
3.67 0.0012838792931571103 -0.9869604401089358
3.6799999999999997 0.0012769307668295759 -0.9869604401089358
3.6899999999999995 0.0012780905220972024 -0.9869604401089358
3.700000000000001 0.0012874694471296905 -0.9869604401089358
3.710000000000001 0.0013049718176967287 -0.9869604401089358
3.7200000000000006 0.0013297014706837652 -0.9869604401089358
3.7300000000000004 0.001360481219706322 -0.9869604401089358
3.74 0.0013963365497867953 -0.9869604401089358
3.75 0.0014369701421365886 -0.9869604401089358
3.76 0.0014825579545584386 -0.9869604401089358
3.7699999999999996 0.0015317127195138573 -0.9869604401089358
3.7799999999999994 0.0015835475915997766 -0.9869604401089358
3.790000000000001 0.0016363289707195694 -0.9869604401089358
3.8000000000000007 0.0016886544432767998 -0.9869604401089358
3.8100000000000005 0.0017395698255122357 -0.9869604401089358
3.8200000000000003 0.0017888896125886587 -0.9869604401089358
3.83 0.001835653486766391 -0.9869604401089358
3.84 0.0018795375044662979 -0.9869604401089358
3.8499999999999996 0.0019196814088849573 -0.9869604401089358
3.8599999999999994 0.001955760802800368 -0.9869604401089358
3.870000000000001 0.001987293983055565 -0.9869604401089358
3.880000000000001 0.002013964424797331 -0.9869604401089358
3.8900000000000006 0.0020353934360388647 -0.9869604401089358
3.9000000000000004 0.0020530899345039414 -0.9869604401089358
3.91 0.0020680698221582253 -0.9869604401089358
3.92 0.0020794124272569877 -0.9869604401089358
3.9299999999999997 0.002087529397277224 -0.9869604401089358
3.9399999999999995 0.00209210375653113 -0.9869604401089358
3.950000000000001 0.00209342590654607 -0.9869604401089358
3.960000000000001 0.0020924898337869842 -0.9869604401089358
3.9700000000000006 0.0020898265234736697 -0.9869604401089358
3.9800000000000004 0.002084687132556053 -0.9869604401089358
3.99 0.0020769992182453397 -0.9869604401089358
4.0 0.0020659319933014867 -0.9869604401089358
4.01 0.0020512420613515805 -0.9869604401089358
4.02 0.0020333000913112242 -0.9869604401089358
4.029999999999999 0.002011895406570763 -0.9869604401089358
4.040000000000001 0.00198724470692496 -0.9869604401089358
4.050000000000001 0.0019590515611418806 -0.9869604401089358
4.0600000000000005 0.0019268462832013815 -0.9869604401089358
4.07 0.0018898755931855422 -0.9869604401089358
4.08 0.0018486950465758443 -0.9869604401089358
4.09 0.0018043325457039632 -0.9869604401089358
4.1 0.0017565089215957842 -0.9869604401089358
4.109999999999999 0.0017048233292381242 -0.9869604401089358
4.120000000000001 0.001649601228588476 -0.9869604401089358
4.130000000000001 0.0015906330051023985 -0.9869604401089358
4.140000000000001 0.0015289794404760193 -0.9869604401089358
4.15 0.0014656811745603717 -0.9869604401089358
4.16 0.0014016150013463722 -0.9869604401089358
4.17 0.001337481857613916 -0.9869604401089358
4.18 0.0012733309872772177 -0.9869604401089358
4.1899999999999995 0.0012095333694447322 -0.9869604401089358
4.200000000000001 0.0011470206192140792 -0.9869604401089358
4.210000000000001 0.0010869464992319762 -0.9869604401089358
4.220000000000001 0.001030146524503563 -0.9869604401089358
4.23 0.0009763731507610148 -0.9869604401089358
4.24 0.0009257926468415494 -0.9869604401089358
4.25 0.0008779746695301818 -0.9869604401089358
4.26 0.000833218577377347 -0.9869604401089358
4.27 0.0007926265187441826 -0.9869604401089358
4.279999999999999 0.0007559251802266798 -0.9869604401089358
4.290000000000001 0.000722778393283685 -0.9869604401089358
4.300000000000001 0.0006934441225180928 -0.9869604401089358
4.3100000000000005 0.0006677670448755322 -0.9869604401089358
4.32 0.0006463538699431827 -0.9869604401089358
4.33 0.0006290175552710527 -0.9869604401089358
4.34 0.0006149854994096753 -0.9869604401089358
4.35 0.0006045242100231947 -0.9869604401089358
4.359999999999999 0.0005976398233095077 -0.9869604401089358
4.370000000000001 0.000594569650623458 -0.9869604401089358
4.380000000000001 0.0005949676676454513 -0.9869604401089358
4.390000000000001 0.0005985363402812413 -0.9869604401089358
4.4 0.0006046073716362421 -0.9869604401089358
4.41 0.0006131058303813481 -0.9869604401089358
4.42 0.0006239936966764883 -0.9869604401089358
4.43 0.0006381313730581641 -0.9869604401089358
4.4399999999999995 0.0006549711276246999 -0.9869604401089358
4.450000000000001 0.0006744586703662949 -0.9869604401089358
4.460000000000001 0.0006962050442126692 -0.9869604401089358
4.470000000000001 0.0007196889583884608 -0.9869604401089358
4.48 0.0007452012870280405 -0.9869604401089358
4.49 0.0007728503473306379 -0.9869604401089358
4.5 0.0008024919928546488 -0.9869604401089358
4.51 0.000834218441120747 -0.9869604401089358
4.52 0.0008680420877438099 -0.9869604401089358
4.529999999999999 0.0009031476316800867 -0.9869604401089358
4.540000000000001 0.000939441872201248 -0.9869604401089358
4.550000000000001 0.000975990378693991 -0.9869604401089358
4.5600000000000005 0.0010122085124923891 -0.9869604401089358
4.57 0.0010479351522366684 -0.9869604401089358
4.58 0.0010837154384408226 -0.9869604401089358
4.59 0.0011192120259243244 -0.9869604401089358
4.6 0.0011531545658507948 -0.9869604401089358
4.609999999999999 0.001184246991241453 -0.9869604401089358
4.620000000000001 0.0012116897572091968 -0.9869604401089358
4.630000000000001 0.0012353075852662065 -0.9869604401089358
4.640000000000001 0.001253984759500655 -0.9869604401089358
4.65 0.0012680491427956274 -0.9869604401089358
4.66 0.0012761848263666653 -0.9869604401089358
4.67 0.0012788908957115659 -0.9869604401089358
4.68 0.001276500212340131 -0.9869604401089358
4.6899999999999995 0.001269159714156122 -0.9869604401089358
4.700000000000001 0.0012564626766530652 -0.9869604401089358
4.710000000000001 0.0012391778804498592 -0.9869604401089358
4.720000000000001 0.0012151545367524751 -0.9869604401089358
4.73 0.0011849830877234643 -0.9869604401089358
4.74 0.0011500650349187645 -0.9869604401089358
4.75 0.0011110162280617674 -0.9869604401089358
4.76 0.0010677436334345625 -0.9869604401089358
4.77 0.001021183656841462 -0.9869604401089358
4.779999999999999 0.0009696190670497046 -0.9869604401089358
4.790000000000001 0.0009143601345396554 -0.9869604401089358
4.800000000000001 0.0008561268785747315 -0.9869604401089358
4.8100000000000005 0.000795503522447928 -0.9869604401089358
4.82 0.0007331188156911763 -0.9869604401089358
4.83 0.0006700864354051025 -0.9869604401089358
4.84 0.0006061422760049506 -0.9869604401089358
4.85 0.000542594689088108 -0.9869604401089358
4.859999999999999 0.00047996233952048113 -0.9869604401089358
4.870000000000001 0.00041942180527095767 -0.9869604401089358
4.880000000000001 0.00036102970913466474 -0.9869604401089358
4.890000000000001 0.0003056062771096713 -0.9869604401089358
4.9 0.0002537691847866049 -0.9869604401089358
4.91 0.0002059018130269381 -0.9869604401089358
4.92 0.00016266536562744804 -0.9869604401089358
4.93 0.00012451162170919362 -0.9869604401089358
4.9399999999999995 9.137436566501343e-05 -0.9869604401089358
4.950000000000001 6.335301498109522e-05 -0.9869604401089358
4.960000000000001 4.064858664954163e-05 -0.9869604401089358
4.970000000000001 2.287274167471008e-05 -0.9869604401089358
4.98 1.0176411061847074e-05 -0.9869604401089358
4.99 2.5625781866551394e-06 -0.9869604401089358
