-5.0 6.06811609656971e-08 -0.9869604401089358
-4.99 2.333969873456741e-07 -0.9869604401089358
-4.98 4.939631619433315e-07 -0.9869604401089358
-4.97 8.155417297990204e-07 -0.9869604401089358
-4.96 1.1552423261703686e-06 -0.9869604401089358
-4.95 1.4930938007485428e-06 -0.9869604401089358
-4.94 1.7762172306256082e-06 -0.9869604401089358
-4.93 1.9974403272746525e-06 -0.9869604401089358
-4.92 2.0936499889854333e-06 -0.9869604401089358
-4.91 2.085476210774499e-06 -0.9869604401089358
-4.9 1.9624045157605285e-06 -0.9869604401089358
-4.89 1.7580484500763445e-06 -0.9869604401089358
-4.88 1.4937367809654215e-06 -0.9869604401089358
-4.87 1.2174618607299117e-06 -0.9869604401089358
-4.86 9.502044920439112e-07 -0.9869604401089358
-4.85 7.116806046803716e-07 -0.9869604401089358
-4.84 5.000287008605589e-07 -0.9869604401089358
-4.83 3.537417493295837e-07 -0.9869604401089358
-4.82 2.970315063389917e-07 -0.9869604401089358
-4.81 3.521624491587984e-07 -0.9869604401089358
-4.8 5.20615636010757e-07 -0.9869604401089358
-4.79 7.841547748208649e-07 -0.9869604401089358
-4.78 1.0923235543926781e-06 -0.9869604401089358
-4.77 1.4323449025613853e-06 -0.9869604401089358
-4.76 1.7609825968610737e-06 -0.9869604401089358
-4.75 2.0540930058768056e-06 -0.9869604401089358
-4.74 2.266813660948741e-06 -0.9869604401089358
-4.73 2.4074271312592093e-06 -0.9869604401089358
-4.72 2.4556697338594867e-06 -0.9869604401089358
-4.71 2.3878596470265336e-06 -0.9869604401089358
-4.7 2.1758398989733066e-06 -0.9869604401089358
-4.69 1.85708060053321e-06 -0.9869604401089358
-4.68 1.4642888158962173e-06 -0.9869604401089358
-4.67 1.0587133664828214e-06 -0.9869604401089358
-4.66 6.856084623046456e-07 -0.9869604401089358
-4.65 4.015371507617624e-07 -0.9869604401089358
-4.64 2.2981858172575974e-07 -0.9869604401089358
-4.63 1.9036999588104554e-07 -0.9869604401089358
-4.62 2.8126198060870747e-07 -0.9869604401089358
-4.61 4.914050075558749e-07 -0.9869604401089358
-4.6 8.053543081142885e-07 -0.9869604401089358
-4.59 1.1697588799610838e-06 -0.9869604401089358
-4.58 1.5424393428653378e-06 -0.9869604401089358
-4.57 1.8889446678817848e-06 -0.9869604401089358
-4.56 2.174705332291581e-06 -0.9869604401089358
-4.55 2.3473356924585568e-06 -0.9869604401089358
-4.54 2.3615502897754785e-06 -0.9869604401089358
-4.53 2.255334152288194e-06 -0.9869604401089358
-4.52 2.0364581619244146e-06 -0.9869604401089358
-4.51 1.7320065499213743e-06 -0.9869604401089358
-4.5 1.371403701485016e-06 -0.9869604401089358
-4.49 1.0055907636631989e-06 -0.9869604401089358
-4.48 6.627450947695337e-07 -0.9869604401089358
-4.47 3.9191499730523334e-07 -0.9869604401089358
-4.46 2.0638886608765044e-07 -0.9869604401089358
-4.45 1.2905797834054215e-07 -0.9869604401089358
-4.4399999999999995 1.6307762032380267e-07 -0.9869604401089358
-4.43 3.084368492809283e-07 -0.9869604401089358
-4.42 5.508400505578323e-07 -0.9869604401089358
-4.41 8.847135056072756e-07 -0.9869604401089358
-4.4 1.2791543586963572e-06 -0.9869604401089358
-4.39 1.6733254368419536e-06 -0.9869604401089358
-4.38 2.0472561698700557e-06 -0.9869604401089358
-4.37 2.355039002874564e-06 -0.9869604401089358
-4.36 2.566708933411954e-06 -0.9869604401089358
-4.35 2.6566758434315943e-06 -0.9869604401089358
-4.34 2.6067988972214033e-06 -0.9869604401089358
-4.33 2.458891081259916e-06 -0.9869604401089358
-4.32 2.222603039728169e-06 -0.9869604401089358
-4.31 1.967058381912339e-06 -0.9869604401089358
-4.3 1.7061647284963478e-06 -0.9869604401089358
-4.29 1.4484343006126118e-06 -0.9869604401089358
-4.28 1.2326092634306706e-06 -0.9869604401089358
-4.27 1.117027343901283e-06 -0.9869604401089358
-4.26 1.137390356913966e-06 -0.9869604401089358
-4.25 1.3115397073245718e-06 -0.9869604401089358
-4.24 1.619171573912316e-06 -0.9869604401089358
-4.23 2.014093888457339e-06 -0.9869604401089358
-4.22 2.459283964033678e-06 -0.9869604401089358
-4.21 2.8743072502968596e-06 -0.9869604401089358
-4.2 3.2706221980937364e-06 -0.9869604401089358
-4.1899999999999995 3.6150923985257077e-06 -0.9869604401089358
-4.18 3.912690823762025e-06 -0.9869604401089358
-4.17 4.117731814390189e-06 -0.9869604401089358
-4.16 4.255570023263961e-06 -0.9869604401089358
-4.15 4.307004261646286e-06 -0.9869604401089358
-4.14 4.256770518624647e-06 -0.9869604401089358
-4.13 4.077807699913926e-06 -0.9869604401089358
-4.12 3.851910697731348e-06 -0.9869604401089358
-4.11 3.612097368087422e-06 -0.9869604401089358
-4.1 3.405456357456874e-06 -0.9869604401089358
-4.09 3.226386254612024e-06 -0.9869604401089358
-4.08 3.0971837219554344e-06 -0.9869604401089358
-4.07 3.0046717212145386e-06 -0.9869604401089358
-4.06 2.9759361784077522e-06 -0.9869604401089358
-4.05 3.0642588861952265e-06 -0.9869604401089358
-4.04 3.299032705153144e-06 -0.9869604401089358
-4.03 3.660183148337712e-06 -0.9869604401089358
-4.02 4.088571007737268e-06 -0.9869604401089358
-4.01 4.527183176495855e-06 -0.9869604401089358
-4.0 4.963502803445662e-06 -0.9869604401089358
-3.99 5.315374899031217e-06 -0.9869604401089358
-3.98 5.5643382837242965e-06 -0.9869604401089358
-3.9699999999999998 5.6746468410532985e-06 -0.9869604401089358
-3.96 5.582236670724118e-06 -0.9869604401089358
-3.95 5.311049500863973e-06 -0.9869604401089358
-3.94 4.891193401236631e-06 -0.9869604401089358
-3.9299999999999997 4.410876967815729e-06 -0.9869604401089358
-3.92 3.899905687772975e-06 -0.9869604401089358
-3.91 3.392711215065319e-06 -0.9869604401089358
-3.9 2.991296238809971e-06 -0.9869604401089358
-3.8899999999999997 2.7149637476159684e-06 -0.9869604401089358
-3.88 2.5972230491403724e-06 -0.9869604401089358
-3.87 2.651317122356367e-06 -0.9869604401089358
-3.86 2.8750933643329423e-06 -0.9869604401089358
-3.8499999999999996 3.242952918610412e-06 -0.9869604401089358
-3.84 3.6860405520702873e-06 -0.9869604401089358
-3.83 4.1778114651084884e-06 -0.9869604401089358
-3.8200000000000003 4.649940908060957e-06 -0.9869604401089358
-3.81 5.02219164807122e-06 -0.9869604401089358
-3.8 5.231772837560102e-06 -0.9869604401089358
-3.79 5.312515671684963e-06 -0.9869604401089358
-3.7800000000000002 5.257870887967833e-06 -0.9869604401089358
-3.77 5.118053182905282e-06 -0.9869604401089358
-3.76 4.879764419391136e-06 -0.9869604401089358
-3.75 4.564451905642063e-06 -0.9869604401089358
-3.74 4.144293673513195e-06 -0.9869604401089358
-3.73 3.7169738683404727e-06 -0.9869604401089358
-3.7199999999999998 3.373603051462508e-06 -0.9869604401089358
-3.71 3.1902412521151936e-06 -0.9869604401089358
-3.7 3.191439336296278e-06 -0.9869604401089358
-3.69 3.4001048279027246e-06 -0.9869604401089358
-3.6799999999999997 3.7957812409083398e-06 -0.9869604401089358
-3.67 4.314441308301e-06 -0.9869604401089358
-3.66 4.943712743374152e-06 -0.9869604401089358
-3.65 5.64906873058301e-06 -0.9869604401089358
-3.6399999999999997 6.396004530371565e-06 -0.9869604401089358
-3.63 7.104193081274874e-06 -0.9869604401089358
-3.62 7.761565879794572e-06 -0.9869604401089358
-3.61 8.336716451061807e-06 -0.9869604401089358
-3.5999999999999996 8.746677973560382e-06 -0.9869604401089358
-3.59 8.972217321989004e-06 -0.9869604401089358
-3.58 9.038900661735531e-06 -0.9869604401089358
-3.5700000000000003 8.98899918495713e-06 -0.9869604401089358
-3.56 8.926261369875598e-06 -0.9869604401089358
-3.55 8.946320347829083e-06 -0.9869604401089358
-3.54 9.069520271828553e-06 -0.9869604401089358
-3.5300000000000002 9.25424109738173e-06 -0.9869604401089358
-3.52 9.484482099191666e-06 -0.9869604401089358
-3.51 9.838684823954312e-06 -0.9869604401089358
-3.5 1.0325795934216737e-05 -0.9869604401089358
-3.49 1.0978952259312247e-05 -0.9869604401089358
-3.48 1.1814173754923737e-05 -0.9869604401089358
-3.4699999999999998 1.2717586769093882e-05 -0.9869604401089358
-3.46 1.3640846621741195e-05 -0.9869604401089358
-3.45 1.449323032673341e-05 -0.9869604401089358
-3.44 1.537786037462951e-05 -0.9869604401089358
-3.4299999999999997 1.6197671261148968e-05 -0.9869604401089358
-3.42 1.6926534682791766e-05 -0.9869604401089358
-3.41 1.753068148235298e-05 -0.9869604401089358
-3.4 1.7955450352661223e-05 -0.9869604401089358
-3.3899999999999997 1.8186391320064567e-05 -0.9869604401089358
-3.38 1.8324148006350092e-05 -0.9869604401089358
-3.37 1.8392874198342255e-05 -0.9869604401089358
-3.36 1.8400410126012805e-05 -0.9869604401089358
-3.3499999999999996 1.831691541122941e-05 -0.9869604401089358
-3.34 1.821763336369711e-05 -0.9869604401089358
-3.33 1.8183897000285164e-05 -0.9869604401089358
-3.3200000000000003 1.8209408021383517e-05 -0.9869604401089358
-3.31 1.847081727397381e-05 -0.9869604401089358
-3.3 1.8916326879905972e-05 -0.9869604401089358
-3.29 1.952113415711524e-05 -0.9869604401089358
-3.2800000000000002 2.0233330415243534e-05 -0.9869604401089358
-3.27 2.1025027498966167e-05 -0.9869604401089358
-3.26 2.1835848683790603e-05 -0.9869604401089358
-3.25 2.258283339973351e-05 -0.9869604401089358
-3.24 2.325284514457105e-05 -0.9869604401089358
-3.23 2.3834846502722247e-05 -0.9869604401089358
-3.2199999999999998 2.419668105628784e-05 -0.9869604401089358
-3.21 2.4368532091328935e-05 -0.9869604401089358
-3.2 2.4303114406731905e-05 -0.9869604401089358
-3.19 2.3922355872119834e-05 -0.9869604401089358
-3.1799999999999997 2.328969896772277e-05 -0.9869604401089358
-3.17 2.2593241450481233e-05 -0.9869604401089358
-3.16 2.1985851469956002e-05 -0.9869604401089358
-3.15 2.160834821922042e-05 -0.9869604401089358
-3.1399999999999997 2.1485751784703336e-05 -0.9869604401089358
-3.13 2.1608571658021983e-05 -0.9869604401089358
-3.12 2.186763563860633e-05 -0.9869604401089358
-3.11 2.236161093894579e-05 -0.9869604401089358
-3.0999999999999996 2.3175319666569823e-05 -0.9869604401089358
-3.09 2.4298616039936247e-05 -0.9869604401089358
-3.08 2.5624931971836707e-05 -0.9869604401089358
-3.0700000000000003 2.7037078821481025e-05 -0.9869604401089358
-3.06 2.8298955643232343e-05 -0.9869604401089358
-3.05 2.9212169963879936e-05 -0.9869604401089358
-3.04 2.9905887229865798e-05 -0.9869604401089358
-3.0300000000000002 3.041364980670945e-05 -0.9869604401089358
-3.02 3.084112239874752e-05 -0.9869604401089358
-3.01 3.114528390438997e-05 -0.9869604401089358
-3.0 3.141036992860006e-05 -0.9869604401089358
-2.9899999999999998 3.1627373925033387e-05 -0.9869604401089358
-2.98 3.201704664235366e-05 -0.9869604401089358
-2.9699999999999998 3.261466082584261e-05 -0.9869604401089358
-2.96 3.356912028413582e-05 -0.9869604401089358
-2.95 3.479771830940177e-05 -0.9869604401089358
-2.94 3.653458793794552e-05 -0.9869604401089358
-2.93 3.8676523244846486e-05 -0.9869604401089358
-2.92 4.108565435721649e-05 -0.9869604401089358
-2.91 4.3841677020587544e-05 -0.9869604401089358
-2.9 4.681005415894047e-05 -0.9869604401089358
-2.89 4.986858019120428e-05 -0.9869604401089358
-2.88 5.284876531804193e-05 -0.9869604401089358
-2.87 5.579575760448371e-05 -0.9869604401089358
-2.86 5.864880904918043e-05 -0.9869604401089358
-2.85 6.146305671938255e-05 -0.9869604401089358
-2.84 6.40572881366795e-05 -0.9869604401089358
-2.83 6.661801353749788e-05 -0.9869604401089358
-2.82 6.892263993035403e-05 -0.9869604401089358
-2.81 7.139079815081904e-05 -0.9869604401089358
-2.8 7.396381144212677e-05 -0.9869604401089358
-2.79 7.66443457964036e-05 -0.9869604401089358
-2.78 7.954700950304919e-05 -0.9869604401089358
-2.77 8.269881688416296e-05 -0.9869604401089358
-2.76 8.616470599698419e-05 -0.9869604401089358
-2.75 9.01010590121771e-05 -0.9869604401089358
-2.7399999999999998 9.443761652949009e-05 -0.9869604401089358
-2.73 9.882838437309483e-05 -0.9869604401089358
-2.7199999999999998 0.00010319344907923665 -0.9869604401089358
-2.71 0.0001075146436744925 -0.9869604401089358
-2.6999999999999997 0.00011200454407840944 -0.9869604401089358
-2.69 0.0001163691886639031 -0.9869604401089358
-2.68 0.00012094304198468177 -0.9869604401089358
-2.67 0.00012557757571481364 -0.9869604401089358
-2.66 0.00012990934617624174 -0.9869604401089358
-2.65 0.00013365170913718643 -0.9869604401089358
-2.64 0.00013699452305936032 -0.9869604401089358
-2.63 0.00014019017683193158 -0.9869604401089358
-2.62 0.0001435854666898978 -0.9869604401089358
-2.61 0.00014717881347612184 -0.9869604401089358
-2.6 0.00015054274255409754 -0.9869604401089358
-2.59 0.00015360363678757174 -0.9869604401089358
-2.58 0.00015641404156028317 -0.9869604401089358
-2.57 0.00015934400621233307 -0.9869604401089358
-2.56 0.00016276612616646172 -0.9869604401089358
-2.55 0.00016692458345052478 -0.9869604401089358
-2.54 0.00017161131732582508 -0.9869604401089358
-2.53 0.00017657688164819145 -0.9869604401089358
-2.52 0.00018176754309130275 -0.9869604401089358
-2.51 0.00018713653744824822 -0.9869604401089358
-2.5 0.00019236474666045706 -0.9869604401089358
-2.4899999999999998 0.00019753015207706417 -0.9869604401089358
-2.48 0.0002029659134775113 -0.9869604401089358
-2.4699999999999998 0.0002079701817331926 -0.9869604401089358
-2.46 0.0002124082003505415 -0.9869604401089358
-2.4499999999999997 0.00021638206417575693 -0.9869604401089358
-2.44 0.0002200645605452591 -0.9869604401089358
-2.43 0.00022376067794424858 -0.9869604401089358
-2.42 0.0002278344786894356 -0.9869604401089358
-2.41 0.00023230804361801344 -0.9869604401089358
-2.4 0.00023744133298632804 -0.9869604401089358
-2.39 0.00024343373423728245 -0.9869604401089358
-2.38 0.0002507542102384905 -0.9869604401089358
-2.37 0.00025954884553974886 -0.9869604401089358
-2.36 0.0002693507035180704 -0.9869604401089358
-2.35 0.00028011425557663736 -0.9869604401089358
-2.34 0.00029151980551113984 -0.9869604401089358
-2.33 0.00030381004462907936 -0.9869604401089358
-2.32 0.00031690595785235134 -0.9869604401089358
-2.31 0.0003303749023683482 -0.9869604401089358
-2.3 0.0003442197596795708 -0.9869604401089358
-2.29 0.0003588240781094729 -0.9869604401089358
-2.28 0.0003734485366841518 -0.9869604401089358
-2.27 0.0003888821831895946 -0.9869604401089358
-2.26 0.0004051131768498034 -0.9869604401089358
-2.25 0.00042240193660321885 -0.9869604401089358
-2.2399999999999998 0.0004412023054360409 -0.9869604401089358
-2.23 0.00046242655716893577 -0.9869604401089358
-2.2199999999999998 0.00048592887754445925 -0.9869604401089358
-2.21 0.0005116767573957584 -0.9869604401089358
-2.1999999999999997 0.000539705514604798 -0.9869604401089358
-2.19 0.0005705843501742976 -0.9869604401089358
-2.18 0.0006039480721705284 -0.9869604401089358
-2.17 0.0006398882909740541 -0.9869604401089358
-2.16 0.0006787199016260309 -0.9869604401089358
-2.15 0.0007199598842318891 -0.9869604401089358
-2.14 0.0007639301403275802 -0.9869604401089358
-2.13 0.0008100547367830216 -0.9869604401089358
-2.12 0.0008582407585600974 -0.9869604401089358
-2.11 0.0009076469364300622 -0.9869604401089358
-2.1 0.000959519093966613 -0.9869604401089358
-2.09 0.0010143156838391006 -0.9869604401089358
-2.08 0.0010734571051649498 -0.9869604401089358
-2.07 0.0011362887345750612 -0.9869604401089358
-2.06 0.0012021516831036516 -0.9869604401089358
-2.05 0.0012708849264123833 -0.9869604401089358
-2.04 0.0013436457492401008 -0.9869604401089358
-2.03 0.001420474587604882 -0.9869604401089358
-2.02 0.0015028269330344787 -0.9869604401089358
-2.01 0.0015908201901512228 -0.9869604401089358
-2.0 0.0016826851694145433 -0.9869604401089358
-1.9899999999999998 0.001778714769761527 -0.9869604401089358
-1.98 0.0018791010741790524 -0.9869604401089358
-1.9699999999999998 0.001983493767792615 -0.9869604401089358
-1.96 0.002092501972597366 -0.9869604401089358
-1.9499999999999997 0.0022070435603570456 -0.9869604401089358
-1.94 0.0023271860185794494 -0.9869604401089358
-1.9299999999999997 0.0024520451098108014 -0.9869604401089358
-1.92 0.002580942025543355 -0.9869604401089358
-1.9100000000000001 0.0027140167910845283 -0.9869604401089358
-1.9 0.0028509733453137356 -0.9869604401089358
-1.8900000000000001 0.0029925361662807262 -0.9869604401089358
-1.88 0.0031404982845248263 -0.9869604401089358
-1.87 0.0032927504296699117 -0.9869604401089358
-1.8599999999999999 0.003448940924495838 -0.9869604401089358
-1.85 0.003610254823497605 -0.9869604401089358
-1.8399999999999999 0.003777527781410338 -0.9869604401089358
-1.83 0.00395307573827432 -0.9869604401089358
-1.8199999999999998 0.00413719828793588 -0.9869604401089358
-1.81 0.004328400632107909 -0.9869604401089358
-1.7999999999999998 0.004526991862845107 -0.9869604401089358
-1.79 0.004733149595442718 -0.9869604401089358
-1.7799999999999998 0.0049481907094311725 -0.9869604401089358
-1.77 0.005174474925806525 -0.9869604401089358
-1.7599999999999998 0.005409406304427403 -0.9869604401089358
-1.75 0.005650473552044566 -0.9869604401089358
-1.7399999999999998 0.005898149961811546 -0.9869604401089358
-1.73 0.006151290345032727 -0.9869604401089358
-1.7199999999999998 0.006411397860907929 -0.9869604401089358
-1.71 0.006681524327727908 -0.9869604401089358
-1.6999999999999997 0.006962539834889984 -0.9869604401089358
-1.69 0.007253947323676813 -0.9869604401089358
-1.6799999999999997 0.007556944785483243 -0.9869604401089358
-1.67 0.00787254312590775 -0.9869604401089358
-1.6600000000000001 0.008200401394359158 -0.9869604401089358
-1.65 0.008544109391111675 -0.9869604401089358
-1.6400000000000001 0.00890803329553602 -0.9869604401089358
-1.63 0.009292812959527197 -0.9869604401089358
-1.62 0.009697888100625064 -0.9869604401089358
-1.6099999999999999 0.010121758525158859 -0.9869604401089358
-1.6 0.010561450714851988 -0.9869604401089358
-1.5899999999999999 0.011018315103867029 -0.9869604401089358
-1.58 0.011495575353127757 -0.9869604401089358
-1.5699999999999998 0.011997179743073821 -0.9869604401089358
-1.56 0.012520206357719988 -0.9869604401089358
-1.5499999999999998 0.013064316328935854 -0.9869604401089358
-1.54 0.013627720871498774 -0.9869604401089358
-1.5299999999999998 0.01421378529830767 -0.9869604401089358
-1.52 0.014824892687849436 -0.9869604401089358
-1.5099999999999998 0.015467998967770662 -0.9869604401089358
-1.5 0.016141033505122627 -0.9869604401089358
-1.4899999999999998 0.01684655141048111 -0.9869604401089358
-1.48 0.017584374355693332 -0.9869604401089358
-1.4699999999999998 0.018358450114860494 -0.9869604401089358
-1.46 0.019170053919027236 -0.9869604401089358
-1.4499999999999997 0.020020478547027813 -0.9869604401089358
-1.44 0.020907829608823522 -0.9869604401089358
-1.4299999999999997 0.021834910097084954 -0.9869604401089358
-1.42 0.02279787871033355 -0.9869604401089358
-1.4100000000000001 0.023800268595320258 -0.9869604401089358
-1.4 0.024844347670839068 -0.9869604401089358
-1.3900000000000001 0.025925740363651348 -0.9869604401089358
-1.38 0.02704760763208306 -0.9869604401089358
-1.37 0.028214112449089723 -0.9869604401089358
-1.3599999999999999 0.029418778788949315 -0.9869604401089358
-1.35 0.030667097418302543 -0.9869604401089358
-1.3399999999999999 0.03196133703390589 -0.9869604401089358
-1.33 0.03330070948807617 -0.9869604401089358
-1.3199999999999998 0.0346905610967543 -0.9869604401089358
-1.31 0.03613513144132472 -0.9869604401089358
-1.2999999999999998 0.03762527483637397 -0.9869604401089358
-1.29 0.039160730865241286 -0.9869604401089358
-1.2799999999999998 0.040742002913585595 -0.9869604401089358
-1.27 0.04237093054079691 -0.9869604401089358
-1.2599999999999998 0.044056002669887864 -0.9869604401089358
-1.25 0.04579762142099961 -0.9869604401089358
-1.2399999999999998 0.04759208948404562 -0.9869604401089358
-1.23 0.049431113930192803 -0.9869604401089358
-1.2199999999999998 0.05131546785641023 -0.9869604401089358
-1.21 0.05324814187071229 -0.9869604401089358
-1.1999999999999997 0.05523733930343806 -0.9869604401089358
-1.19 0.05728285295070129 -0.9869604401089358
-1.1799999999999997 0.05938121515091052 -0.9869604401089358
-1.17 0.061526318448476905 -0.9869604401089358
-1.1600000000000001 0.06371244088147117 -0.9869604401089358
-1.15 0.06594228440561843 -0.9869604401089358
-1.1400000000000001 0.06822156753552003 -0.9869604401089358
-1.13 0.07055074117871088 -0.9869604401089358
-1.12 0.07292946566503199 -0.9869604401089358
-1.1099999999999999 0.07536334448644698 -0.9869604401089358
-1.1 0.07784696579824664 -0.9869604401089358
-1.0899999999999999 0.08038100137061666 -0.9869604401089358
-1.08 0.08297419919089626 -0.9869604401089358
-1.0699999999999998 0.08562088371530155 -0.9869604401089358
-1.06 0.08832411708132172 -0.9869604401089358
-1.0499999999999998 0.09109309238480366 0.0
-1.04 0.09410020845838075 0.0
-1.0299999999999998 0.09735384965143765 0.0
-1.02 0.1008677588753571 0.0
-1.0099999999999998 0.10464799988648162 0.0
-1.0 0.10871129126355512 -0.9869604401089358
-0.9900000000000002 0.11286562507881671 -0.9869604401089358
-0.9799999999999995 0.11710161466763327 -0.9869604401089358
-0.9699999999999998 0.12142108622093978 -0.9869604401089358
-0.96 0.1258254418343634 -0.9869604401089358
-0.9500000000000002 0.13031981477987659 -0.9869604401089358
-0.9399999999999995 0.13491447169399445 -0.9869604401089358
-0.9299999999999997 0.1396173801932668 -0.9869604401089358
-0.9199999999999999 0.14442361510812954 -0.9869604401089358
-0.9100000000000001 0.14933273708883313 -0.9869604401089358
-0.9000000000000004 0.15433893075054597 -0.9869604401089358
-0.8899999999999997 0.15945736790046885 -0.9869604401089358
-0.8799999999999999 0.16469372187346332 -0.9869604401089358
-0.8700000000000001 0.17004829000369126 -0.9869604401089358
-0.8600000000000003 0.175511026960434 -0.9869604401089358
-0.8499999999999996 0.18107226056661122 -0.9869604401089358
-0.8399999999999999 0.18672307804504254 -0.9869604401089358
-0.8300000000000001 0.19248131437073554 -0.9869604401089358
-0.8200000000000003 0.1983636565854683 -0.9869604401089358
-0.8099999999999996 0.20437014301884374 -0.9869604401089358
-0.7999999999999998 0.21050090203037353 -0.9869604401089358
-0.79 0.21674669011995137 -0.9869604401089358
-0.7800000000000002 0.22310162187669008 -0.9869604401089358
-0.7699999999999996 0.2295822201889795 -0.9869604401089358
-0.7599999999999998 0.2362090574835751 -0.9869604401089358
-0.75 0.24298974262723116 -0.9869604401089358
-0.7400000000000002 0.2499192914877345 -0.9869604401089358
-0.7299999999999995 0.2569996409141664 -0.9869604401089358
-0.7199999999999998 0.26420997504130184 -0.9869604401089358
-0.71 0.27155175057731756 -0.9869604401089358
-0.7000000000000002 0.27904070642498624 -0.9869604401089358
-0.6899999999999995 0.28667220946400745 -0.9869604401089358
-0.6799999999999997 0.2944504453021322 -0.9869604401089358
-0.6699999999999999 0.3023792539403724 -0.9869604401089358
-0.6600000000000001 0.3104422881586359 -0.9869604401089358
-0.6499999999999995 0.31862374576767644 -0.9869604401089358
-0.6399999999999997 0.3269418514732959 -0.9869604401089358
-0.6299999999999999 0.33538217822360383 -0.9869604401089358
-0.6200000000000001 0.34396305720686443 -0.9869604401089358
-0.6100000000000003 0.35270312713907426 -0.9869604401089358
-0.5999999999999996 0.36158503565721695 -0.9869604401089358
-0.5899999999999999 0.370601892764141 -0.9869604401089358
-0.5800000000000001 0.37975024772527927 -0.9869604401089358
-0.5700000000000003 0.38901404376628246 -0.9869604401089358
-0.5599999999999996 0.39840817773506193 -0.9869604401089358
-0.5499999999999998 0.40794439901937407 -0.9869604401089358
-0.54 0.4176065163548685 -0.9869604401089358
-0.5300000000000002 0.42738128767933165 -0.9869604401089358
-0.5199999999999996 0.4372507064144113 -0.9869604401089358
-0.5099999999999998 0.4471885072161165 -0.9869604401089358
-0.5 0.4572136685008391 -0.9869604401089358
-0.4900000000000002 0.4673159595743368 -0.9869604401089358
-0.47999999999999954 0.47749437922026433 -0.9869604401089358
-0.46999999999999975 0.4877361993566379 -0.9869604401089358
-0.45999999999999996 0.49801769365121024 -0.9869604401089358
-0.4500000000000002 0.5083319924914085 -0.9869604401089358
-0.4399999999999995 0.5186902525023502 -0.9869604401089358
-0.4299999999999997 0.5290781374405542 -0.9869604401089358
-0.41999999999999993 0.5394931541265162 -0.9869604401089358
-0.41000000000000014 0.5499233261617889 -0.9869604401089358
-0.39999999999999947 0.5603341616587847 -0.9869604401089358
-0.3899999999999997 0.5707339751558232 -0.9869604401089358
-0.3799999999999999 0.5811198814221854 -0.9869604401089358
-0.3700000000000001 0.5914648636821427 -0.9869604401089358
-0.3600000000000003 0.6017613573183214 -0.9869604401089358
-0.34999999999999964 0.6119794938654487 -0.9869604401089358
-0.33999999999999986 0.6220886081290606 -0.9869604401089358
-0.33000000000000007 0.632099409120762 -0.9869604401089358
-0.3200000000000003 0.6420098792834039 -0.9869604401089358
-0.3099999999999996 0.6517932402162463 -0.9869604401089358
-0.2999999999999998 0.661438083157462 -0.9869604401089358
-0.29000000000000004 0.6709163465050108 -0.9869604401089358
-0.28000000000000025 0.6802012032460725 -0.9869604401089358
-0.2699999999999996 0.6893152740501893 -0.9869604401089358
-0.2599999999999998 0.6982551110774443 -0.9869604401089358
-0.25 0.7070073409498774 -0.9869604401089358
-0.2400000000000002 0.7155456874458694 -0.9869604401089358
-0.22999999999999954 0.7238506824931374 -0.9869604401089358
-0.21999999999999975 0.7318908833575286 -0.9869604401089358
-0.20999999999999996 0.7396832971995635 -0.9869604401089358
-0.20000000000000018 0.7472248768986534 -0.9869604401089358
-0.1899999999999995 0.754495459351379 -0.9869604401089358
-0.17999999999999972 0.7614610436043965 -0.9869604401089358
-0.16999999999999993 0.7681064055514987 -0.9869604401089358
-0.16000000000000014 0.7744041097616071 -0.9869604401089358
-0.14999999999999947 0.7803697034042012 -0.9869604401089358
-0.13999999999999968 0.7860109450778344 -0.9869604401089358
-0.1299999999999999 0.7913124007116593 -0.9869604401089358
-0.1200000000000001 0.7962402225532241 -0.9869604401089358
-0.11000000000000032 0.8008030945824852 -0.9869604401089358
-0.09999999999999964 0.8049752473945874 -0.9869604401089358
-0.08999999999999986 0.8087849491962935 -0.9869604401089358
-0.08000000000000007 0.8122413129129741 -0.9869604401089358
-0.07000000000000028 0.8153284072814787 -0.9869604401089358
-0.05999999999999961 0.818004484215704 -0.9869604401089358
-0.04999999999999982 0.8202828409325817 -0.9869604401089358
-0.040000000000000036 0.822133806379297 -0.9869604401089358
-0.03000000000000025 0.8235830465275048 -0.9869604401089358
-0.019999999999999574 0.8246431758158022 -0.9869604401089358
-0.009999999999999787 0.8252921574762211 -0.9869604401089358
0.0 0.8254955595636371 -0.9869604401089358
0.009999999999999787 0.8252738068378083 -0.9869604401089358
0.020000000000000462 0.824609327359526 -0.9869604401089358
0.03000000000000025 0.823540033472646 -0.9869604401089358
0.040000000000000036 0.8220881811233263 -0.9869604401089358
0.04999999999999982 0.8202431053693672 -0.9869604401089358
0.0600000000000005 0.8179764563425073 -0.9869604401089358
0.07000000000000028 0.8153173330406018 -0.9869604401089358
0.08000000000000007 0.8122484803856319 -0.9869604401089358
0.08999999999999986 0.808809128485375 -0.9869604401089358
0.10000000000000053 0.805012461289023 -0.9869604401089358
0.11000000000000032 0.8008465517035287 -0.9869604401089358
0.1200000000000001 0.7962835075941649 -0.9869604401089358
0.1299999999999999 0.7913475584715275 -0.9869604401089358
0.13999999999999968 0.7860333976081385 -0.9869604401089358
0.15000000000000036 0.780375282063525 -0.9869604401089358
0.16000000000000014 0.7743927706962953 -0.9869604401089358
0.16999999999999993 0.7680800554566664 -0.9869604401089358
0.17999999999999972 0.7614238697173513 -0.9869604401089358
0.1900000000000004 0.7544539611989245 -0.9869604401089358
0.20000000000000018 0.7471846378497231 -0.9869604401089358
0.20999999999999996 0.7396514204065399 -0.9869604401089358
0.21999999999999975 0.7318708982415751 -0.9869604401089358
0.23000000000000043 0.7238462683620767 -0.9869604401089358
0.2400000000000002 0.7155565307212587 -0.9869604401089358
0.25 0.7070318328789703 -0.9869604401089358
0.2599999999999998 0.6982896698923234 -0.9869604401089358
0.27000000000000046 0.6893541623714767 -0.9869604401089358
0.28000000000000025 0.6802397667457172 -0.9869604401089358
0.29000000000000004 0.670948038945359 -0.9869604401089358
0.2999999999999998 0.6614597284006488 -0.9869604401089358
0.3100000000000005 0.6518009072002533 -0.9869604401089358
0.3200000000000003 0.6420033696974415 -0.9869604401089358
0.33000000000000007 0.6320792903049289 -0.9869604401089358
0.33999999999999986 0.6220575348703685 -0.9869604401089358
0.35000000000000053 0.6119422236149008 -0.9869604401089358
0.3600000000000003 0.6017220273467431 -0.9869604401089358
0.3700000000000001 0.5914300266773117 -0.9869604401089358
0.3799999999999999 0.5810930705652304 -0.9869604401089358
0.3899999999999997 0.5707201263875787 -0.9869604401089358
0.40000000000000036 0.5603343530254579 -0.9869604401089358
0.41000000000000014 0.549938252192881 -0.9869604401089358
0.41999999999999993 0.5395208850887087 -0.9869604401089358
0.4299999999999997 0.5291146640371333 -0.9869604401089358
0.4400000000000004 0.5187315552892661 -0.9869604401089358
0.4500000000000002 0.5083712171016934 -0.9869604401089358
0.45999999999999996 0.49805073607485995 -0.9869604401089358
0.46999999999999975 0.4877569099995345 -0.9869604401089358
0.4800000000000004 0.4775008749571213 -0.9869604401089358
0.4900000000000002 0.4673062938285148 -0.9869604401089358
0.5 0.45718932099704507 -0.9869604401089358
0.5099999999999998 0.44715300223881166 -0.9869604401089358
0.5200000000000005 0.437208066300167 -0.9869604401089358
0.5300000000000002 0.42733871176770044 -0.9869604401089358
0.54 0.4175683504474396 -0.9869604401089358
0.5499999999999998 0.4079176410774799 -0.9869604401089358
0.5600000000000005 0.39839512806455873 -0.9869604401089358
0.5700000000000003 0.38901761747866304 -0.9869604401089358
0.5800000000000001 0.379769517607484 -0.9869604401089358
0.5899999999999999 0.3706339667298591 -0.9869604401089358
0.6000000000000005 0.36162638395258556 -0.9869604401089358
0.6100000000000003 0.35274660933988944 -0.9869604401089358
0.6200000000000001 0.34400449888233764 -0.9869604401089358
0.6299999999999999 0.3354141460752314 -0.9869604401089358
0.6399999999999997 0.32696165628043194 -0.9869604401089358
0.6500000000000004 0.3186277267306022 -0.9869604401089358
0.6600000000000001 0.3104304368374297 -0.9869604401089358
0.6699999999999999 0.302353575843677 -0.9869604401089358
0.6799999999999997 0.29441342802018533 -0.9869604401089358
0.6900000000000004 0.2866303223579515 -0.9869604401089358
0.7000000000000002 0.2789976999585149 -0.9869604401089358
0.71 0.2715150393115535 -0.9869604401089358
0.7199999999999998 0.2641829186231904 -0.9869604401089358
0.7300000000000004 0.2569866533018932 -0.9869604401089358
0.7400000000000002 0.24992185872199107 -0.9869604401089358
0.75 0.24300705429199926 -0.9869604401089358
0.7599999999999998 0.2362399179403967 -0.9869604401089358
0.7700000000000005 0.22962118374330104 -0.9869604401089358
0.7800000000000002 0.22314509361125284 -0.9869604401089358
0.79 0.21678753829024272 -0.9869604401089358
0.7999999999999998 0.21053467228124956 -0.9869604401089358
0.8100000000000005 0.20439176430689948 -0.9869604401089358
0.8200000000000003 0.19837010140588862 -0.9869604401089358
0.8300000000000001 0.19247218041155967 -0.9869604401089358
0.8399999999999999 0.186698655043349 -0.9869604401089358
0.8500000000000005 0.18103690173243162 -0.9869604401089358
0.8600000000000003 0.17546860646335932 -0.9869604401089358
0.8700000000000001 0.17000548199061102 -0.9869604401089358
0.8799999999999999 0.16465606585872394 -0.9869604401089358
0.8899999999999997 0.15943022339097732 -0.9869604401089358
0.9000000000000004 0.15432630429840022 -0.9869604401089358
0.9100000000000001 0.14933584838644545 -0.9869604401089358
0.9199999999999999 0.14444238205142587 -0.9869604401089358
0.9299999999999997 0.13964838930094112 -0.9869604401089358
0.9400000000000004 0.13495336874811634 -0.9869604401089358
0.9500000000000002 0.13036067068826687 -0.9869604401089358
0.96 0.12586222048484444 -0.9869604401089358
0.9699999999999998 0.12144878945769624 -0.9869604401089358
0.9800000000000004 0.11711627775540757 -0.9869604401089358
0.9900000000000002 0.11286588274347507 -0.9869604401089358
1.0 0.10869764501632093 -0.9869604401089358
1.0099999999999998 0.10462311663734186 0.0
1.0200000000000005 0.10083602602266643 0.0
1.0300000000000002 0.09731994179978809 0.0
1.04 0.09406950960796483 0.0
1.0499999999999998 0.09106946881338993 0.0
1.0600000000000005 0.08831068631614385 -0.9869604401089358
1.0700000000000003 0.08561873591828204 -0.9869604401089358
1.08 0.08298255974849886 -0.9869604401089358
1.0899999999999999 0.08039799185316761 -0.9869604401089358
1.1000000000000005 0.07786884680509747 -0.9869604401089358
1.1100000000000003 0.07538694776328392 -0.9869604401089358
1.12 0.0729507679925416 -0.9869604401089358
1.13 0.07056742609263067 -0.9869604401089358
1.1400000000000006 0.0682317172557292 -0.9869604401089358
1.1500000000000004 0.06594557576178253 -0.9869604401089358
1.1600000000000001 0.0637096963512865 -0.9869604401089358
1.17 0.06151873371061487 -0.9869604401089358
1.1799999999999997 0.05937115979676927 -0.9869604401089358
1.1900000000000004 0.05727166347388348 -0.9869604401089358
1.2000000000000002 0.055227126565648675 -0.9869604401089358
1.21 0.05323936122934018 -0.9869604401089358
1.2199999999999998 0.05130891768323187 -0.9869604401089358
1.2300000000000004 0.049426432037749525 -0.9869604401089358
1.2400000000000002 0.047588926839719076 -0.9869604401089358
1.25 0.04579565188822678 -0.9869604401089358
1.2599999999999998 0.04405455878884686 -0.9869604401089358
1.2700000000000005 0.04237044697399203 -0.9869604401089358
1.2800000000000002 0.04074214308008259 -0.9869604401089358
1.29 0.03916253460624867 -0.9869604401089358
1.2999999999999998 0.03762869068181669 -0.9869604401089358
1.3100000000000005 0.036140842813251646 -0.9869604401089358
1.3200000000000003 0.03469830636620965 -0.9869604401089358
1.33 0.033309947447367164 -0.9869604401089358
1.3399999999999999 0.03197132239360408 -0.9869604401089358
1.3500000000000005 0.03067614257393949 -0.9869604401089358
1.3600000000000003 0.029425946688459933 -0.9869604401089358
1.37 0.028217619363699577 -0.9869604401089358
1.38 0.027047002295763435 -0.9869604401089358
1.3900000000000006 0.025920397269745224 -0.9869604401089358
1.4000000000000004 0.024834839290796547 -0.9869604401089358
1.4100000000000001 0.023787652234528927 -0.9869604401089358
1.42 0.022783663895067623 -0.9869604401089358
1.4299999999999997 0.021821207288429765 -0.9869604401089358
1.4400000000000004 0.020896339865255967 -0.9869604401089358
1.4500000000000002 0.020013049807312222 -0.9869604401089358
1.46 0.01916760446221422 -0.9869604401089358
1.4699999999999998 0.018361496189393044 -0.9869604401089358
1.4800000000000004 0.0175924604002825 -0.9869604401089358
1.4900000000000002 0.016858681545712385 -0.9869604401089358
1.5 0.016155534545104933 -0.9869604401089358
1.5099999999999998 0.015483027767417388 -0.9869604401089358
1.5200000000000005 0.014838399943828615 -0.9869604401089358
1.5300000000000002 0.014224101559483468 -0.9869604401089358
1.54 0.013633498595300608 -0.9869604401089358
1.5499999999999998 0.013064856395618966 -0.9869604401089358
1.5600000000000005 0.012515580079010035 -0.9869604401089358
1.5700000000000003 0.011987915263862949 -0.9869604401089358
1.58 0.011483124799857775 -0.9869604401089358
1.5899999999999999 0.011004106855300996 -0.9869604401089358
1.6000000000000005 0.010547541321010137 -0.9869604401089358
1.6100000000000003 0.010109788651002347 -0.9869604401089358
1.62 0.00968943972211582 -0.9869604401089358
1.63 0.009288936577434742 -0.9869604401089358
1.6400000000000006 0.00890903472791865 -0.9869604401089358
1.6500000000000004 0.008549891763371254 -0.9869604401089358
1.6600000000000001 0.008209925142143814 -0.9869604401089358
1.67 0.007884574293201798 -0.9869604401089358
1.6799999999999997 0.007569727240697547 -0.9869604401089358
1.6900000000000004 0.00726576208187369 -0.9869604401089358
1.7000000000000002 0.006971871065891861 -0.9869604401089358
1.71 0.006687153434723513 -0.9869604401089358
1.7199999999999998 0.006412802771347941 -0.9869604401089358
1.7300000000000004 0.0061484696357125765 -0.9869604401089358
1.7400000000000002 0.0058917234599287676 -0.9869604401089358
1.75 0.005641612377283428 -0.9869604401089358
1.7599999999999998 0.00539939333913245 -0.9869604401089358
1.7700000000000005 0.005164872872557086 -0.9869604401089358
1.7800000000000002 0.004940174492461558 -0.9869604401089358
1.79 0.0047277094630574085 -0.9869604401089358
1.7999999999999998 0.004524600398841612 -0.9869604401089358
1.8100000000000005 0.004328995420346891 -0.9869604401089358
1.8200000000000003 0.004140438821912162 -0.9869604401089358
1.83 0.003958077723515056 -0.9869604401089358
1.8399999999999999 0.0037835181463657503 -0.9869604401089358
1.8500000000000005 0.0036162083397318443 -0.9869604401089358
1.8600000000000003 0.0034542045528259797 -0.9869604401089358
1.87 0.0032967351882491145 -0.9869604401089358
1.88 0.003143011675938729 -0.9869604401089358
1.8900000000000006 0.0029935780626825863 -0.9869604401089358
1.9000000000000004 0.0028507483606527956 -0.9869604401089358
1.9100000000000001 0.0027128669944240275 -0.9869604401089358
1.92 0.002579139034662953 -0.9869604401089358
1.9299999999999997 0.0024499525489390496 -0.9869604401089358
1.9400000000000004 0.0023248956291084867 -0.9869604401089358
1.9500000000000002 0.002204790504024264 -0.9869604401089358
1.96 0.0020902182428846647 -0.9869604401089358
1.9699999999999998 0.001981330406130583 -0.9869604401089358
1.9800000000000004 0.0018770337794120975 -0.9869604401089358
1.9900000000000002 0.0017768998019571903 -0.9869604401089358
2.0 0.001681276667885307 -0.9869604401089358
2.01 0.0015899802141930112 -0.9869604401089358
2.0200000000000005 0.0015027925329198753 -0.9869604401089358
2.0300000000000002 0.0014212981912331642 -0.9869604401089358
2.04 0.001345418975176607 -0.9869604401089358
2.05 0.001273428585978632 -0.9869604401089358
2.0600000000000005 0.0012052871212497255 -0.9869604401089358
2.0700000000000003 0.0011395991066750597 -0.9869604401089358
2.08 0.0010765907471654138 -0.9869604401089358
2.09 0.0010167931944815372 -0.9869604401089358
2.1000000000000005 0.0009610544204450412 -0.9869604401089358
2.1100000000000003 0.0009079636250937078 -0.9869604401089358
2.12 0.0008572993944839058 -0.9869604401089358
2.13 0.000807971458120131 -0.9869604401089358
2.1400000000000006 0.0007609295977574261 -0.9869604401089358
2.1500000000000004 0.0007164974027130686 -0.9869604401089358
2.16 0.0006751470008982446 -0.9869604401089358
2.17 0.0006367454689309745 -0.9869604401089358
2.1799999999999997 0.0006015427528833941 -0.9869604401089358
2.1900000000000004 0.0005692526369091032 -0.9869604401089358
2.2 0.0005395706506540698 -0.9869604401089358
2.21 0.0005127289554798657 -0.9869604401089358
2.2199999999999998 0.00048804749161665464 -0.9869604401089358
2.2300000000000004 0.0004653114914125772 -0.9869604401089358
2.24 0.0004445136369105635 -0.9869604401089358
2.25 0.0004257244862480992 -0.9869604401089358
2.26 0.0004080401207694879 -0.9869604401089358
2.2700000000000005 0.00039106767326415785 -0.9869604401089358
2.2800000000000002 0.0003746291089215994 -0.9869604401089358
2.29 0.0003588510553750522 -0.9869604401089358
2.3 0.000343119589909446 -0.9869604401089358
2.3100000000000005 0.00032825646948328176 -0.9869604401089358
2.3200000000000003 0.0003140822330208812 -0.9869604401089358
2.33 0.0003006160891156743 -0.9869604401089358
2.34 0.0002883885001385044 -0.9869604401089358
2.3500000000000005 0.00027745487620114176 -0.9869604401089358
2.3600000000000003 0.0002674948152826658 -0.9869604401089358
2.37 0.0002587572819497043 -0.9869604401089358
2.38 0.00025108752615007744 -0.9869604401089358
2.3900000000000006 0.0002448361181756477 -0.9869604401089358
2.4000000000000004 0.00023970007969420113 -0.9869604401089358
2.41 0.00023507769838092767 -0.9869604401089358
2.42 0.00023074289556437364 -0.9869604401089358
2.4299999999999997 0.00022638102420553677 -0.9869604401089358
2.4400000000000004 0.0002220651879988341 -0.9869604401089358
2.45 0.00021752266920457773 -0.9869604401089358
2.46 0.0002125705001768516 -0.9869604401089358
2.4699999999999998 0.00020721668121767925 -0.9869604401089358
2.4800000000000004 0.00020144147836403324 -0.9869604401089358
2.49 0.00019552132279252192 -0.9869604401089358
2.5 0.0001901640072198643 -0.9869604401089358
2.51 0.0001850540711978873 -0.9869604401089358
2.5200000000000005 0.00018005298130474993 -0.9869604401089358
2.5300000000000002 0.00017541135823671397 -0.9869604401089358
2.54 0.00017106061179905606 -0.9869604401089358
2.55 0.00016699863133290692 -0.9869604401089358
2.5600000000000005 0.00016335094255925237 -0.9869604401089358
2.5700000000000003 0.00016031951830850294 -0.9869604401089358
2.58 0.000157610631100695 -0.9869604401089358
2.59 0.00015486362949765416 -0.9869604401089358
2.6000000000000005 0.00015175483010817045 -0.9869604401089358
2.6100000000000003 0.00014822351776580406 -0.9869604401089358
2.62 0.00014443329400842163 -0.9869604401089358
2.63 0.00014078438527980128 -0.9869604401089358
2.6400000000000006 0.0001373450280798563 -0.9869604401089358
2.6500000000000004 0.00013373240734166353 -0.9869604401089358
2.66 0.00012973958852131187 -0.9869604401089358
2.67 0.00012514015893824414 -0.9869604401089358
2.6799999999999997 0.00012028235092297751 -0.9869604401089358
2.6900000000000004 0.00011549501779722053 -0.9869604401089358
2.7 0.00011099842103191156 -0.9869604401089358
2.71 0.00010645084848986935 -0.9869604401089358
2.7199999999999998 0.00010217288198534452 -0.9869604401089358
2.7300000000000004 9.797797697741424e-05 -0.9869604401089358
2.74 9.383856554697628e-05 -0.9869604401089358
2.75 8.986211881966812e-05 -0.9869604401089358
2.76 8.630569515434021e-05 -0.9869604401089358
2.7700000000000005 8.323890974737129e-05 -0.9869604401089358
2.7800000000000002 8.042295344171609e-05 -0.9869604401089358
2.79 7.777461649773037e-05 -0.9869604401089358
2.8 7.520597441760534e-05 -0.9869604401089358
2.8100000000000005 7.262126760456827e-05 -0.9869604401089358
2.8200000000000003 6.99744062005059e-05 -0.9869604401089358
2.83 6.739392468887194e-05 -0.9869604401089358
2.84 6.444760895196073e-05 -0.9869604401089358
2.8500000000000005 6.143378501938547e-05 -0.9869604401089358
2.8600000000000003 5.8212117359231116e-05 -0.9869604401089358
2.87 5.498567842548278e-05 -0.9869604401089358
2.88 5.177522781285278e-05 -0.9869604401089358
2.8900000000000006 4.8625985541894936e-05 -0.9869604401089358
2.9000000000000004 4.554995544999362e-05 -0.9869604401089358
2.91 4.269670614582708e-05 -0.9869604401089358
2.92 4.018697749055909e-05 -0.9869604401089358
2.9300000000000006 3.813095441283992e-05 -0.9869604401089358
2.9400000000000004 3.641686535267025e-05 -0.9869604401089358
2.95 3.5120996156234286e-05 -0.9869604401089358
2.96 3.431934575458722e-05 -0.9869604401089358
2.9699999999999998 3.369175569376098e-05 -0.9869604401089358
2.9800000000000004 3.3309940256525656e-05 -0.9869604401089358
2.99 3.29780454187481e-05 -0.9869604401089358
3.0 3.2651825239576344e-05 -0.9869604401089358
3.01 3.213024009536316e-05 -0.9869604401089358
3.0199999999999996 3.142820476358835e-05 -0.9869604401089358
3.0299999999999994 3.053731508751347e-05 -0.9869604401089358
3.040000000000001 2.9548108245019094e-05 -0.9869604401089358
3.0500000000000007 2.841989980624135e-05 -0.9869604401089358
3.0600000000000005 2.7185285356372844e-05 -0.9869604401089358
3.0700000000000003 2.574572539863032e-05 -0.9869604401089358
3.08 2.433183894809257e-05 -0.9869604401089358
3.09 2.316730048629336e-05 -0.9869604401089358
3.0999999999999996 2.2335304187674028e-05 -0.9869604401089358
3.1099999999999994 2.1915949216192816e-05 -0.9869604401089358
3.120000000000001 2.18497626794818e-05 -0.9869604401089358
3.130000000000001 2.2007503166393782e-05 -0.9869604401089358
3.1400000000000006 2.2235190924491538e-05 -0.9869604401089358
3.1500000000000004 2.2589655102049478e-05 -0.9869604401089358
3.16 2.3074493673996163e-05 -0.9869604401089358
3.17 2.3650520424500436e-05 -0.9869604401089358
3.1799999999999997 2.41874668952725e-05 -0.9869604401089358
3.1899999999999995 2.4577455945888496e-05 -0.9869604401089358
3.1999999999999993 2.4644792133359144e-05 -0.9869604401089358
3.210000000000001 2.439398326910088e-05 -0.9869604401089358
3.2200000000000006 2.391398380296099e-05 -0.9869604401089358
3.2300000000000004 2.3290855461841534e-05 -0.9869604401089358
3.24 2.2517756576366425e-05 -0.9869604401089358
3.25 2.1744884175629844e-05 -0.9869604401089358
3.26 2.0987579266614043e-05 -0.9869604401089358
3.2699999999999996 2.0266296871845173e-05 -0.9869604401089358
3.2799999999999994 1.963315544542513e-05 -0.9869604401089358
3.290000000000001 1.9144518470051165e-05 -0.9869604401089358
3.3000000000000007 1.879152696610181e-05 -0.9869604401089358
3.3100000000000005 1.859288764824172e-05 -0.9869604401089358
3.3200000000000003 1.85586402550979e-05 -0.9869604401089358
3.33 1.870354188718524e-05 -0.9869604401089358
3.34 1.8854025434531962e-05 -0.9869604401089358
3.3499999999999996 1.8994318774192635e-05 -0.9869604401089358
3.3599999999999994 1.9050082961606635e-05 -0.9869604401089358
3.370000000000001 1.8942059396667905e-05 -0.9869604401089358
3.380000000000001 1.8729449116375637e-05 -0.9869604401089358
3.3900000000000006 1.840136237917129e-05 -0.9869604401089358
3.4000000000000004 1.798489182179315e-05 -0.9869604401089358
3.41 1.7367334761900487e-05 -0.9869604401089358
3.42 1.6611530258556865e-05 -0.9869604401089358
3.4299999999999997 1.5763771298959842e-05 -0.9869604401089358
3.4399999999999995 1.4872595309681607e-05 -0.9869604401089358
3.4499999999999993 1.3962300323624565e-05 -0.9869604401089358
3.460000000000001 1.3125932401498938e-05 -0.9869604401089358
3.4700000000000006 1.2255979822880421e-05 -0.9869604401089358
3.4800000000000004 1.1449300242151614e-05 -0.9869604401089358
3.49 1.0739323621175835e-05 -0.9869604401089358
3.5 1.0240198635956233e-05 -0.9869604401089358
3.51 9.929633801193456e-06 -0.9869604401089358
3.5199999999999996 9.744694105880076e-06 -0.9869604401089358
3.5299999999999994 9.680715426815819e-06 -0.9869604401089358
3.540000000000001 9.615786541495607e-06 -0.9869604401089358
3.5500000000000007 9.565361967770038e-06 -0.9869604401089358
3.5600000000000005 9.554192688712263e-06 -0.9869604401089358
3.5700000000000003 9.558494986149148e-06 -0.9869604401089358
3.58 9.477984227886148e-06 -0.9869604401089358
3.59 9.22910808626379e-06 -0.9869604401089358
3.5999999999999996 8.768607452875605e-06 -0.9869604401089358
3.6099999999999994 8.124281683620826e-06 -0.9869604401089358
3.620000000000001 7.321756695932689e-06 -0.9869604401089358
3.630000000000001 6.493495024404862e-06 -0.9869604401089358
3.6400000000000006 5.690263712363289e-06 -0.9869604401089358
3.6500000000000004 4.938120028499413e-06 -0.9869604401089358
3.66 4.323529315996727e-06 -0.9869604401089358
3.67 3.855916258587835e-06 -0.9869604401089358
3.6799999999999997 3.55294222124461e-06 -0.9869604401089358
3.6899999999999995 3.4053409669987365e-06 -0.9869604401089358
3.700000000000001 3.437478183738028e-06 -0.9869604401089358
3.710000000000001 3.649036998008002e-06 -0.9869604401089358
3.7200000000000006 3.9875751036370015e-06 -0.9869604401089358
3.7300000000000004 4.406017589633008e-06 -0.9869604401089358
3.74 4.834660567946757e-06 -0.9869604401089358
3.75 5.169428738278911e-06 -0.9869604401089358
3.76 5.333218577460494e-06 -0.9869604401089358
3.7699999999999996 5.3809718651334235e-06 -0.9869604401089358
3.7799999999999994 5.304226561896057e-06 -0.9869604401089358
3.790000000000001 5.143954283690736e-06 -0.9869604401089358
3.8000000000000007 4.86401307922025e-06 -0.9869604401089358
3.8100000000000005 4.488908982939113e-06 -0.9869604401089358
3.8200000000000003 4.01325672512402e-06 -0.9869604401089358
3.83 3.506755832246007e-06 -0.9869604401089358
3.84 3.06168325271135e-06 -0.9869604401089358
3.8499999999999996 2.742839021446662e-06 -0.9869604401089358
3.8599999999999994 2.5619899233416484e-06 -0.9869604401089358
3.870000000000001 2.564139505494343e-06 -0.9869604401089358
3.880000000000001 2.739120213901508e-06 -0.9869604401089358
3.8900000000000006 3.0648755805426415e-06 -0.9869604401089358
3.9000000000000004 3.509847094390477e-06 -0.9869604401089358
3.91 4.013697604056998e-06 -0.9869604401089358
3.92 4.549711525628711e-06 -0.9869604401089358
3.9299999999999997 5.003003184506428e-06 -0.9869604401089358
3.9399999999999995 5.3459689035337075e-06 -0.9869604401089358
3.950000000000001 5.569840598897171e-06 -0.9869604401089358
3.960000000000001 5.614567974679718e-06 -0.9869604401089358
3.9700000000000006 5.47867341779766e-06 -0.9869604401089358
3.9800000000000004 5.191982174116289e-06 -0.9869604401089358
3.99 4.823737873223312e-06 -0.9869604401089358
4.0 4.431294004064659e-06 -0.9869604401089358
4.01 4.021014212031564e-06 -0.9869604401089358
4.02 3.661355360486858e-06 -0.9869604401089358
4.029999999999999 3.347697342135593e-06 -0.9869604401089358
4.040000000000001 3.1230683855544824e-06 -0.9869604401089358
4.050000000000001 3.0196354458293583e-06 -0.9869604401089358
4.0600000000000005 3.0565507499604685e-06 -0.9869604401089358
4.07 3.18705613343311e-06 -0.9869604401089358
4.08 3.3524010754519984e-06 -0.9869604401089358
4.09 3.524659483760047e-06 -0.9869604401089358
4.1 3.718217449319843e-06 -0.9869604401089358
4.109999999999999 3.91625733025158e-06 -0.9869604401089358
4.120000000000001 4.136866210382653e-06 -0.9869604401089358
4.130000000000001 4.32654007001782e-06 -0.9869604401089358
4.140000000000001 4.459532501501228e-06 -0.9869604401089358
4.15 4.450328415956173e-06 -0.9869604401089358
4.16 4.314677345326961e-06 -0.9869604401089358
4.17 4.082167674249693e-06 -0.9869604401089358
4.18 3.760542440444685e-06 -0.9869604401089358
4.1899999999999995 3.352527327806228e-06 -0.9869604401089358
4.200000000000001 2.919227374922593e-06 -0.9869604401089358
4.210000000000001 2.4718034216079962e-06 -0.9869604401089358
4.220000000000001 2.053749789792677e-06 -0.9869604401089358
4.23 1.6648061655906343e-06 -0.9869604401089358
4.24 1.367047590231797e-06 -0.9869604401089358
4.25 1.200678296406488e-06 -0.9869604401089358
4.26 1.182153920209804e-06 -0.9869604401089358
4.27 1.3178749622981365e-06 -0.9869604401089358
4.279999999999999 1.5739087008912871e-06 -0.9869604401089358
4.290000000000001 1.8954706262992284e-06 -0.9869604401089358
4.300000000000001 2.2013564727832436e-06 -0.9869604401089358
4.3100000000000005 2.45438685366038e-06 -0.9869604401089358
4.32 2.6355080175415e-06 -0.9869604401089358
4.33 2.7613762375677188e-06 -0.9869604401089358
4.34 2.762631952241277e-06 -0.9869604401089358
4.35 2.658027709905602e-06 -0.9869604401089358
4.359999999999999 2.4241330019613802e-06 -0.9869604401089358
4.370000000000001 2.085315136342491e-06 -0.9869604401089358
4.380000000000001 1.6811578487046292e-06 -0.9869604401089358
4.390000000000001 1.2504720813919846e-06 -0.9869604401089358
4.4 8.436229733003137e-07 -0.9869604401089358
4.41 4.980834935201942e-07 -0.9869604401089358
4.42 2.599645214824352e-07 -0.9869604401089358
4.43 1.4375658390293758e-07 -0.9869604401089358
4.4399999999999995 1.4443173631797845e-07 -0.9869604401089358
4.450000000000001 2.572765323776307e-07 -0.9869604401089358
4.460000000000001 4.617821083706452e-07 -0.9869604401089358
4.470000000000001 7.543266432488392e-07 -0.9869604401089358
4.48 1.1005518050729129e-06 -0.9869604401089358
4.49 1.479916540667535e-06 -0.9869604401089358
4.5 1.828534885726025e-06 -0.9869604401089358
4.51 2.106456298883907e-06 -0.9869604401089358
4.52 2.273226492945099e-06 -0.9869604401089358
4.529999999999999 2.320510202582012e-06 -0.9869604401089358
4.540000000000001 2.248355344025521e-06 -0.9869604401089358
4.550000000000001 2.0827454888967854e-06 -0.9869604401089358
4.5600000000000005 1.8002499102262153e-06 -0.9869604401089358
4.57 1.4609675819638654e-06 -0.9869604401089358
4.58 1.1048097689036252e-06 -0.9869604401089358
4.59 7.588130740057264e-07 -0.9869604401089358
4.6 4.616101802879998e-07 -0.9869604401089358
4.609999999999999 2.5585343942686303e-07 -0.9869604401089358
4.620000000000001 1.8217711277519607e-07 -0.9869604401089358
4.630000000000001 2.432357677064871e-07 -0.9869604401089358
4.640000000000001 4.2757108728638357e-07 -0.9869604401089358
4.65 7.091932690042519e-07 -0.9869604401089358
4.66 1.0499626821133326e-06 -0.9869604401089358
4.67 1.4283467559346668e-06 -0.9869604401089358
4.68 1.791651999370806e-06 -0.9869604401089358
4.6899999999999995 2.1205406800509423e-06 -0.9869604401089358
4.700000000000001 2.354709257578515e-06 -0.9869604401089358
4.710000000000001 2.4725932970969272e-06 -0.9869604401089358
4.720000000000001 2.4390178598522565e-06 -0.9869604401089358
4.73 2.284498640856808e-06 -0.9869604401089358
4.74 2.044493487146804e-06 -0.9869604401089358
4.75 1.7536466125911548e-06 -0.9869604401089358
4.76 1.417335490068826e-06 -0.9869604401089358
4.77 1.0916938574607763e-06 -0.9869604401089358
4.779999999999999 7.912648974290352e-07 -0.9869604401089358
4.790000000000001 5.507071393043742e-07 -0.9869604401089358
4.800000000000001 3.782385985425035e-07 -0.9869604401089358
4.8100000000000005 3.026372799664415e-07 -0.9869604401089358
4.82 3.3732609098821007e-07 -0.9869604401089358
4.83 4.817820835950459e-07 -0.9869604401089358
4.84 7.04350824884066e-07 -0.9869604401089358
4.85 9.767693198957802e-07 -0.9869604401089358
4.859999999999999 1.2565176958010332e-06 -0.9869604401089358
4.870000000000001 1.5343796376424853e-06 -0.9869604401089358
4.880000000000001 1.7896301727681883e-06 -0.9869604401089358
4.890000000000001 2.0054679858211933e-06 -0.9869604401089358
4.9 2.138880253013194e-06 -0.9869604401089358
4.91 2.1821150091417526e-06 -0.9869604401089358
4.92 2.0974474440073766e-06 -0.9869604401089358
4.93 1.9051253340195652e-06 -0.9869604401089358
4.9399999999999995 1.6059828449891674e-06 -0.9869604401089358
4.950000000000001 1.2476053985284493e-06 -0.9869604401089358
4.960000000000001 8.654438721768078e-07 -0.9869604401089358
4.970000000000001 5.186962014436575e-07 -0.9869604401089358
4.98 2.4023433505232803e-07 -0.9869604401089358
4.99 6.228499749346585e-08 -0.9869604401089358
