-5.0 5.897345652924093e-07 -0.9869604401089358
-4.99 2.3302508729947924e-06 -0.9869604401089358
-4.98 5.1596992818496056e-06 -0.9869604401089358
-4.97 9.093129737155239e-06 -0.9869604401089358
-4.96 1.4075322787814495e-05 -0.9869604401089358
-4.95 1.999548923309045e-05 -0.9869604401089358
-4.94 2.668661381242545e-05 -0.9869604401089358
-4.93 3.3891991223522266e-05 -0.9869604401089358
-4.92 4.150398929008705e-05 -0.9869604401089358
-4.91 4.938250219330931e-05 -0.9869604401089358
-4.9 5.701579993344642e-05 -0.9869604401089358
-4.89 6.413366331744285e-05 -0.9869604401089358
-4.88 7.056149970605508e-05 -0.9869604401089358
-4.87 7.594352878440227e-05 -0.9869604401089358
-4.86 8.017049815372334e-05 -0.9869604401089358
-4.85 8.300486562145752e-05 -0.9869604401089358
-4.84 8.417874896125908e-05 -0.9869604401089358
-4.83 8.383544301115723e-05 -0.9869604401089358
-4.82 8.236700460920118e-05 -0.9869604401089358
-4.81 7.976991613041627e-05 -0.9869604401089358
-4.8 7.617955718645721e-05 -0.9869604401089358
-4.79 7.157547271877197e-05 -0.9869604401089358
-4.78 6.627963526463996e-05 -0.9869604401089358
-4.77 6.0379460994671384e-05 -0.9869604401089358
-4.76 5.4132290054279636e-05 -0.9869604401089358
-4.75 4.7728494434320744e-05 -0.9869604401089358
-4.74 4.128313407341565e-05 -0.9869604401089358
-4.73 3.5002069233851346e-05 -0.9869604401089358
-4.72 2.9122090717046187e-05 -0.9869604401089358
-4.71 2.349800322807384e-05 -0.9869604401089358
-4.7 1.8206470442480193e-05 -0.9869604401089358
-4.69 1.3393136185623105e-05 -0.9869604401089358
-4.68 9.162317611276361e-06 -0.9869604401089358
-4.67 5.652690477354239e-06 -0.9869604401089358
-4.66 2.970451316496569e-06 -0.9869604401089358
-4.65 1.0879656663057033e-06 -0.9869604401089358
-4.64 1.2492324007001726e-07 -0.9869604401089358
-4.63 1.3947315333491116e-07 -0.9869604401089358
-4.62 1.1752906437511232e-06 -0.9869604401089358
-4.61 3.2774446787521854e-06 -0.9869604401089358
-4.6 6.397781610281845e-06 -0.9869604401089358
-4.59 1.0498095556733643e-05 -0.9869604401089358
-4.58 1.5374932247098313e-05 -0.9869604401089358
-4.57 2.086244682481933e-05 -0.9869604401089358
-4.56 2.6817127496269636e-05 -0.9869604401089358
-4.55 3.330235269586823e-05 -0.9869604401089358
-4.54 4.0133421075256894e-05 -0.9869604401089358
-4.53 4.684117762638163e-05 -0.9869604401089358
-4.52 5.339611057546321e-05 -0.9869604401089358
-4.51 5.9545507092862404e-05 -0.9869604401089358
-4.5 6.498510603391063e-05 -0.9869604401089358
-4.49 6.969692966110198e-05 -0.9869604401089358
-4.48 7.37113989185868e-05 -0.9869604401089358
-4.47 7.66418599275299e-05 -0.9869604401089358
-4.46 7.892696581734073e-05 -0.9869604401089358
-4.45 8.056420036051974e-05 -0.9869604401089358
-4.4399999999999995 8.133580357403771e-05 -0.9869604401089358
-4.43 8.104330065689377e-05 -0.9869604401089358
-4.42 7.982396487405233e-05 -0.9869604401089358
-4.41 7.783287354311067e-05 -0.9869604401089358
-4.4 7.522078298570648e-05 -0.9869604401089358
-4.39 7.205492840056323e-05 -0.9869604401089358
-4.38 6.850955570947273e-05 -0.9869604401089358
-4.37 6.424489073407697e-05 -0.9869604401089358
-4.36 5.946470131452397e-05 -0.9869604401089358
-4.35 5.439968851878113e-05 -0.9869604401089358
-4.34 4.9268307254117904e-05 -0.9869604401089358
-4.33 4.4268861187555204e-05 -0.9869604401089358
-4.32 3.986195786298475e-05 -0.9869604401089358
-4.31 3.600323335931386e-05 -0.9869604401089358
-4.3 3.2998232777957945e-05 -0.9869604401089358
-4.29 3.0993739525260067e-05 -0.9869604401089358
-4.28 3.0192947440812604e-05 -0.9869604401089358
-4.27 3.0605814586603326e-05 -0.9869604401089358
-4.26 3.224406476079738e-05 -0.9869604401089358
-4.25 3.516699899564811e-05 -0.9869604401089358
-4.24 3.946441305033504e-05 -0.9869604401089358
-4.23 4.5009119142125624e-05 -0.9869604401089358
-4.22 5.133099704967872e-05 -0.9869604401089358
-4.21 5.828498001444706e-05 -0.9869604401089358
-4.2 6.564189770663031e-05 -0.9869604401089358
-4.1899999999999995 7.34631145716911e-05 -0.9869604401089358
-4.18 8.162891344747198e-05 -0.9869604401089358
-4.17 8.997232718270061e-05 -0.9869604401089358
-4.16 9.81096172317801e-05 -0.9869604401089358
-4.15 0.00010600509065651234 -0.9869604401089358
-4.14 0.00011361957965821331 -0.9869604401089358
-4.13 0.00012094389034634755 -0.9869604401089358
-4.12 0.00012772120263568505 -0.9869604401089358
-4.11 0.00013423265044196927 -0.9869604401089358
-4.1 0.00014055705399793276 -0.9869604401089358
-4.09 0.00014608532025303016 -0.9869604401089358
-4.08 0.00015091533071254028 -0.9869604401089358
-4.07 0.00015517075933377708 -0.9869604401089358
-4.06 0.00015848107986156398 -0.9869604401089358
-4.05 0.00016131328091987062 -0.9869604401089358
-4.04 0.00016377048807150345 -0.9869604401089358
-4.03 0.00016539222302924198 -0.9869604401089358
-4.02 0.00016606751467233616 -0.9869604401089358
-4.01 0.000166108576245342 -0.9869604401089358
-4.0 0.00016539771074808359 -0.9869604401089358
-3.99 0.00016405646022911715 -0.9869604401089358
-3.98 0.00016239181924724205 -0.9869604401089358
-3.9699999999999998 0.0001606500021349822 -0.9869604401089358
-3.96 0.00015831662014795516 -0.9869604401089358
-3.95 0.0001555358040902205 -0.9869604401089358
-3.94 0.00015277295530717643 -0.9869604401089358
-3.9299999999999997 0.00015004081094486938 -0.9869604401089358
-3.92 0.00014757404269328303 -0.9869604401089358
-3.91 0.0001460244801065564 -0.9869604401089358
-3.9 0.00014507558441331553 -0.9869604401089358
-3.8899999999999997 0.00014481903125504182 -0.9869604401089358
-3.88 0.00014530316048131628 -0.9869604401089358
-3.87 0.00014637179402276796 -0.9869604401089358
-3.86 0.00014817647698441946 -0.9869604401089358
-3.8499999999999996 0.0001510782232647841 -0.9869604401089358
-3.84 0.00015520043145787163 -0.9869604401089358
-3.83 0.0001602893293769815 -0.9869604401089358
-3.8200000000000003 0.00016603264319720417 -0.9869604401089358
-3.81 0.0001729093778491431 -0.9869604401089358
-3.8 0.00018100246578272975 -0.9869604401089358
-3.79 0.0001902558351227737 -0.9869604401089358
-3.7800000000000002 0.00020018909684817589 -0.9869604401089358
-3.77 0.00021054701530210748 -0.9869604401089358
-3.76 0.0002213861184793498 -0.9869604401089358
-3.75 0.00023299662816653695 -0.9869604401089358
-3.74 0.0002449097074878315 -0.9869604401089358
-3.73 0.0002569531983912915 -0.9869604401089358
-3.7199999999999998 0.0002683300163738859 -0.9869604401089358
-3.71 0.00027848563112588373 -0.9869604401089358
-3.7 0.0002873641256094903 -0.9869604401089358
-3.69 0.00029454374410079777 -0.9869604401089358
-3.6799999999999997 0.0002995893738304682 -0.9869604401089358
-3.67 0.00030268105190045665 -0.9869604401089358
-3.66 0.00030373270411054827 -0.9869604401089358
-3.65 0.00030260874008500944 -0.9869604401089358
-3.6399999999999997 0.0002994234091306373 -0.9869604401089358
-3.63 0.00029465207636653745 -0.9869604401089358
-3.62 0.0002885559261512748 -0.9869604401089358
-3.61 0.00028090843819149206 -0.9869604401089358
-3.5999999999999996 0.0002724964117346194 -0.9869604401089358
-3.59 0.000263817992453081 -0.9869604401089358
-3.58 0.00025480490151796544 -0.9869604401089358
-3.5700000000000003 0.00024620162747554465 -0.9869604401089358
-3.56 0.00023835610749488724 -0.9869604401089358
-3.55 0.00023109135488497633 -0.9869604401089358
-3.54 0.0002247949366358339 -0.9869604401089358
-3.5300000000000002 0.00021958496221331574 -0.9869604401089358
-3.52 0.000215429396452126 -0.9869604401089358
-3.51 0.00021272672404576312 -0.9869604401089358
-3.5 0.0002117802021275971 -0.9869604401089358
-3.49 0.00021257441925542626 -0.9869604401089358
-3.48 0.00021519595058325342 -0.9869604401089358
-3.4699999999999998 0.00022014924950682852 -0.9869604401089358
-3.46 0.00022770770750068614 -0.9869604401089358
-3.45 0.00023743651679231553 -0.9869604401089358
-3.44 0.0002488002828218158 -0.9869604401089358
-3.4299999999999997 0.0002616274285726091 -0.9869604401089358
-3.42 0.00027536147851499044 -0.9869604401089358
-3.41 0.0002904173017395313 -0.9869604401089358
-3.4 0.00030647481757159446 -0.9869604401089358
-3.3899999999999997 0.00032238261017728583 -0.9869604401089358
-3.38 0.0003381316052449915 -0.9869604401089358
-3.37 0.000353329394475648 -0.9869604401089358
-3.36 0.0003669805261555646 -0.9869604401089358
-3.3499999999999996 0.0003785888572259945 -0.9869604401089358
-3.34 0.0003884133182109369 -0.9869604401089358
-3.33 0.0003961508447938831 -0.9869604401089358
-3.3200000000000003 0.00040216499041551885 -0.9869604401089358
-3.31 0.0004066595045066816 -0.9869604401089358
-3.3 0.00040973578759112713 -0.9869604401089358
-3.29 0.00041062665655893345 -0.9869604401089358
-3.2800000000000002 0.00040989344947561036 -0.9869604401089358
-3.27 0.0004082063279874191 -0.9869604401089358
-3.26 0.00040583626392173795 -0.9869604401089358
-3.25 0.000403035250738067 -0.9869604401089358
-3.24 0.00039991984523447555 -0.9869604401089358
-3.23 0.0003958674179334858 -0.9869604401089358
-3.2199999999999998 0.0003912145185622871 -0.9869604401089358
-3.21 0.0003867352182060003 -0.9869604401089358
-3.2 0.00038310988875226056 -0.9869604401089358
-3.19 0.00038070431548363416 -0.9869604401089358
-3.1799999999999997 0.0003799937591593608 -0.9869604401089358
-3.17 0.00038092955009379973 -0.9869604401089358
-3.16 0.0003837977062376411 -0.9869604401089358
-3.15 0.0003884838442057734 -0.9869604401089358
-3.1399999999999997 0.00039616117351915826 -0.9869604401089358
-3.13 0.00040712985081821866 -0.9869604401089358
-3.12 0.00042205027391871934 -0.9869604401089358
-3.11 0.00044042795926801356 -0.9869604401089358
-3.0999999999999996 0.0004618423219182671 -0.9869604401089358
-3.09 0.0004861622554375996 -0.9869604401089358
-3.08 0.0005138385457870102 -0.9869604401089358
-3.0700000000000003 0.000544578868050119 -0.9869604401089358
-3.06 0.0005773623134533634 -0.9869604401089358
-3.05 0.0006115124347366832 -0.9869604401089358
-3.04 0.000646373662099337 -0.9869604401089358
-3.0300000000000002 0.0006817742598056669 -0.9869604401089358
-3.02 0.000716790830220293 -0.9869604401089358
-3.01 0.0007521697866409086 -0.9869604401089358
-3.0 0.0007870409430136895 -0.9869604401089358
-2.9899999999999998 0.0008211249564466512 -0.9869604401089358
-2.98 0.0008548948264318961 -0.9869604401089358
-2.9699999999999998 0.0008883841076400585 -0.9869604401089358
-2.96 0.0009203686220300332 -0.9869604401089358
-2.95 0.0009511156968936957 -0.9869604401089358
-2.94 0.0009804406443834053 -0.9869604401089358
-2.93 0.0010087379685552612 -0.9869604401089358
-2.92 0.0010364924640499408 -0.9869604401089358
-2.91 0.0010643496199521096 -0.9869604401089358
-2.9 0.001092250019194981 -0.9869604401089358
-2.89 0.0011204673399790419 -0.9869604401089358
-2.88 0.0011489551061860629 -0.9869604401089358
-2.87 0.00117812416113117 -0.9869604401089358
-2.86 0.0012069306208314476 -0.9869604401089358
-2.85 0.0012377544940071312 -0.9869604401089358
-2.84 0.001270767012055053 -0.9869604401089358
-2.83 0.0013064340337120282 -0.9869604401089358
-2.82 0.0013450245791823611 -0.9869604401089358
-2.81 0.0013876673795000282 -0.9869604401089358
-2.8 0.001433226926061132 -0.9869604401089358
-2.79 0.0014832267569931824 -0.9869604401089358
-2.78 0.001536852733736516 -0.9869604401089358
-2.77 0.001593160603549748 -0.9869604401089358
-2.76 0.001652904227192419 -0.9869604401089358
-2.75 0.0017158929333664483 -0.9869604401089358
-2.7399999999999998 0.00178265514787352 -0.9869604401089358
-2.73 0.0018523375032722064 -0.9869604401089358
-2.7199999999999998 0.0019244333875704797 -0.9869604401089358
-2.71 0.001998440280065894 -0.9869604401089358
-2.6999999999999997 0.002074781175451891 -0.9869604401089358
-2.69 0.002152799276370346 -0.9869604401089358
-2.68 0.0022326295524002027 -0.9869604401089358
-2.67 0.002313008617601683 -0.9869604401089358
-2.66 0.0023950321135751736 -0.9869604401089358
-2.65 0.0024789814376533882 -0.9869604401089358
-2.64 0.002565455592515716 -0.9869604401089358
-2.63 0.002654479410317699 -0.9869604401089358
-2.62 0.00274593780166063 -0.9869604401089358
-2.61 0.0028389782462382466 -0.9869604401089358
-2.6 0.0029345179378039822 -0.9869604401089358
-2.59 0.0030310823302183835 -0.9869604401089358
-2.58 0.003128976424398117 -0.9869604401089358
-2.57 0.0032287930886185953 -0.9869604401089358
-2.56 0.0033310923763999875 -0.9869604401089358
-2.55 0.0034338786059407963 -0.9869604401089358
-2.54 0.003538825338717122 -0.9869604401089358
-2.53 0.0036432736166172788 -0.9869604401089358
-2.52 0.003747883434620194 -0.9869604401089358
-2.51 0.0038520427093917775 -0.9869604401089358
-2.5 0.0039551472171527186 -0.9869604401089358
-2.4899999999999998 0.0040560739708156365 -0.9869604401089358
-2.48 0.004156549031377312 -0.9869604401089358
-2.4699999999999998 0.0042583527762706545 -0.9869604401089358
-2.46 0.004361898236556994 -0.9869604401089358
-2.4499999999999997 0.004466074829079865 -0.9869604401089358
-2.44 0.004569541322016477 -0.9869604401089358
-2.43 0.004672739821726532 -0.9869604401089358
-2.42 0.004776344682012861 -0.9869604401089358
-2.41 0.00488265484620079 -0.9869604401089358
-2.4 0.004992714878558642 -0.9869604401089358
-2.39 0.005105830628996042 -0.9869604401089358
-2.38 0.005221316069828519 -0.9869604401089358
-2.37 0.005340840337896861 -0.9869604401089358
-2.36 0.005463984867038976 -0.9869604401089358
-2.35 0.0055928098576136275 -0.9869604401089358
-2.34 0.005729165839313027 -0.9869604401089358
-2.33 0.005873782887824526 -0.9869604401089358
-2.32 0.00602412916196619 -0.9869604401089358
-2.31 0.006179445618292443 -0.9869604401089358
-2.3 0.006340467686624546 -0.9869604401089358
-2.29 0.006509334945973998 -0.9869604401089358
-2.28 0.006686605825311573 -0.9869604401089358
-2.27 0.00687386690574672 -0.9869604401089358
-2.26 0.007066008552484799 -0.9869604401089358
-2.25 0.0072604265248836335 -0.9869604401089358
-2.2399999999999998 0.007456988111239608 -0.9869604401089358
-2.23 0.007654914580555409 -0.9869604401089358
-2.2199999999999998 0.007853150090292511 -0.9869604401089358
-2.21 0.0080514006948774 -0.9869604401089358
-2.1999999999999997 0.008248637722458384 -0.9869604401089358
-2.19 0.008442492278530351 -0.9869604401089358
-2.18 0.008632003228510805 -0.9869604401089358
-2.17 0.008816764870147266 -0.9869604401089358
-2.16 0.008997718807309145 -0.9869604401089358
-2.15 0.00917644838123536 -0.9869604401089358
-2.14 0.009354924390568604 -0.9869604401089358
-2.13 0.009530985768044188 -0.9869604401089358
-2.12 0.009704959635953397 -0.9869604401089358
-2.11 0.009877869679977056 -0.9869604401089358
-2.1 0.010049795323494374 -0.9869604401089358
-2.09 0.010225314159278173 -0.9869604401089358
-2.08 0.010405663023593133 -0.9869604401089358
-2.07 0.010590499141085157 -0.9869604401089358
-2.06 0.010784254075795472 -0.9869604401089358
-2.05 0.010986349773761152 -0.9869604401089358
-2.04 0.011193473777096124 -0.9869604401089358
-2.03 0.011409503073103339 -0.9869604401089358
-2.02 0.011636509807892208 -0.9869604401089358
-2.01 0.011874973775620742 -0.9869604401089358
-2.0 0.012129334687489739 -0.9869604401089358
-1.9899999999999998 0.01239792848682834 -0.9869604401089358
-1.98 0.012680909002370316 -0.9869604401089358
-1.9699999999999998 0.01297993554181268 -0.9869604401089358
-1.96 0.013296712057643224 -0.9869604401089358
-1.9499999999999997 0.01363152632585733 -0.9869604401089358
-1.94 0.013980987613826348 -0.9869604401089358
-1.9299999999999997 0.01434329931113976 -0.9869604401089358
-1.92 0.01471723359824985 -0.9869604401089358
-1.9100000000000001 0.015100403137425783 -0.9869604401089358
-1.9 0.015492331064662043 -0.9869604401089358
-1.8900000000000001 0.01589567909239181 -0.9869604401089358
-1.88 0.016307553507800453 -0.9869604401089358
-1.87 0.016727720425524735 -0.9869604401089358
-1.8599999999999999 0.017150531935216064 -0.9869604401089358
-1.85 0.01757519122375321 -0.9869604401089358
-1.8399999999999999 0.018002901529166292 -0.9869604401089358
-1.83 0.018436439208815714 -0.9869604401089358
-1.8199999999999998 0.018874533920424087 -0.9869604401089358
-1.81 0.01931921156552479 -0.9869604401089358
-1.7999999999999998 0.019767918858289494 -0.9869604401089358
-1.79 0.020223544346140016 -0.9869604401089358
-1.7799999999999998 0.02069117108195806 -0.9869604401089358
-1.77 0.021171555544582867 -0.9869604401089358
-1.7599999999999998 0.02166223176301258 -0.9869604401089358
-1.75 0.02216364658590318 -0.9869604401089358
-1.7399999999999998 0.022676159882835983 -0.9869604401089358
-1.73 0.02320038345758015 -0.9869604401089358
-1.7199999999999998 0.023742516106559072 -0.9869604401089358
-1.71 0.02430982593904611 -0.9869604401089358
-1.6999999999999997 0.024905033614780192 -0.9869604401089358
-1.69 0.025530531876483294 -0.9869604401089358
-1.6799999999999997 0.026180244138372676 -0.9869604401089358
-1.67 0.0268606688170948 -0.9869604401089358
-1.6600000000000001 0.027572480738478525 -0.9869604401089358
-1.65 0.028323458697888923 -0.9869604401089358
-1.6400000000000001 0.029115655868473388 -0.9869604401089358
-1.63 0.029948948679392448 -0.9869604401089358
-1.62 0.030816814654464706 -0.9869604401089358
-1.6099999999999999 0.03172308053574559 -0.9869604401089358
-1.6 0.03266400054134185 -0.9869604401089358
-1.5899999999999999 0.033640985462982845 -0.9869604401089358
-1.58 0.03465302019459528 -0.9869604401089358
-1.5699999999999998 0.035697280724122364 -0.9869604401089358
-1.56 0.036770535637923776 -0.9869604401089358
-1.5499999999999998 0.03786902394602696 -0.9869604401089358
-1.54 0.038989514810992706 -0.9869604401089358
-1.5299999999999998 0.040135174879875606 -0.9869604401089358
-1.52 0.04131292126900248 -0.9869604401089358
-1.5099999999999998 0.042515448443171885 -0.9869604401089358
-1.5 0.04374235363839212 -0.9869604401089358
-1.4899999999999998 0.04499265677747599 -0.9869604401089358
-1.48 0.046263997131043705 -0.9869604401089358
-1.4699999999999998 0.047556276475696636 -0.9869604401089358
-1.46 0.048877895374699776 -0.9869604401089358
-1.4499999999999997 0.0502286342416185 -0.9869604401089358
-1.44 0.05161522994848752 -0.9869604401089358
-1.4299999999999997 0.05303857717616901 -0.9869604401089358
-1.42 0.05449748991365225 -0.9869604401089358
-1.4100000000000001 0.05598961795540067 -0.9869604401089358
-1.4 0.057521062608192806 -0.9869604401089358
-1.3900000000000001 0.05909676605426558 -0.9869604401089358
-1.38 0.06072232988810926 -0.9869604401089358
-1.37 0.06240493152279661 -0.9869604401089358
-1.3599999999999999 0.06414150807275741 -0.9869604401089358
-1.35 0.06593208032266214 -0.9869604401089358
-1.3399999999999999 0.06778189614665467 -0.9869604401089358
-1.33 0.06968501528734115 -0.9869604401089358
-1.3199999999999998 0.07164422902874487 -0.9869604401089358
-1.31 0.07367035732640599 -0.9869604401089358
-1.2999999999999998 0.07575393730671874 -0.9869604401089358
-1.29 0.07788900306757779 -0.9869604401089358
-1.2799999999999998 0.0800738427055865 -0.9869604401089358
-1.27 0.08230472134157277 -0.9869604401089358
-1.2599999999999998 0.08458846159333472 -0.9869604401089358
-1.25 0.0869234613336172 -0.9869604401089358
-1.2399999999999998 0.08930559311998591 -0.9869604401089358
-1.23 0.09172859756819968 -0.9869604401089358
-1.2199999999999998 0.09418952388366941 -0.9869604401089358
-1.21 0.09667793587136053 -0.9869604401089358
-1.1999999999999997 0.09920231053719424 -0.9869604401089358
-1.19 0.10177085436682029 -0.9869604401089358
-1.1799999999999997 0.1043861273179311 -0.9869604401089358
-1.17 0.10704581798741584 -0.9869604401089358
-1.1600000000000001 0.10974892730039963 -0.9869604401089358
-1.15 0.11249362233593811 -0.9869604401089358
-1.1400000000000001 0.11528897094331014 -0.9869604401089358
-1.13 0.11813695960033324 -0.9869604401089358
-1.12 0.1210439734774554 -0.9869604401089358
-1.1099999999999999 0.12400408665294212 -0.9869604401089358
-1.1 0.1270166408592613 -0.9869604401089358
-1.0899999999999999 0.13007299138370504 -0.9869604401089358
-1.08 0.13318378913459694 -0.9869604401089358
-1.0699999999999998 0.1363438228643527 -0.9869604401089358
-1.06 0.1395630084530349 -0.9869604401089358
-1.0499999999999998 0.14283028091083 0.0
-1.04 0.14642471880545055 0.0
-1.0299999999999998 0.15035585606671178 0.0
-1.02 0.1546405924432827 0.0
-1.0099999999999998 0.15929359528644377 0.0
-1.0 0.16434020084144238 -0.9869604401089358
-0.9900000000000002 0.16945875863957063 -0.9869604401089358
-0.9799999999999995 0.17463955816978502 -0.9869604401089358
-0.9699999999999998 0.17988530821705406 -0.9869604401089358
-0.96 0.1851888317160622 -0.9869604401089358
-0.9500000000000002 0.1905537640245897 -0.9869604401089358
-0.9399999999999995 0.195984359571799 -0.9869604401089358
-0.9299999999999997 0.2014642740824415 -0.9869604401089358
-0.9199999999999999 0.20698652592794753 -0.9869604401089358
-0.9100000000000001 0.21254648080458155 -0.9869604401089358
-0.9000000000000004 0.2181439892662596 -0.9869604401089358
-0.8899999999999997 0.22379469376385758 -0.9869604401089358
-0.8799999999999999 0.2295088815900809 -0.9869604401089358
-0.8700000000000001 0.2352873004973195 -0.9869604401089358
-0.8600000000000003 0.24112616090086306 -0.9869604401089358
-0.8499999999999996 0.24702537447165782 -0.9869604401089358
-0.8399999999999999 0.2529833275029546 -0.9869604401089358
-0.8300000000000001 0.25900409871922053 -0.9869604401089358
-0.8200000000000003 0.2650947603744177 -0.9869604401089358
-0.8099999999999996 0.2712447740912857 -0.9869604401089358
-0.7999999999999998 0.2774420732596342 -0.9869604401089358
-0.79 0.28367641206428795 -0.9869604401089358
-0.7800000000000002 0.28994014274728025 -0.9869604401089358
-0.7699999999999996 0.29623330864214314 -0.9869604401089358
-0.7599999999999998 0.30256060402670953 -0.9869604401089358
-0.75 0.308906860633208 -0.9869604401089358
-0.7400000000000002 0.3152564158569875 -0.9869604401089358
-0.7299999999999995 0.3215891222915773 -0.9869604401089358
-0.7199999999999998 0.32789326315560574 -0.9869604401089358
-0.71 0.33416833420133224 -0.9869604401089358
-0.7000000000000002 0.34042528857393506 -0.9869604401089358
-0.6899999999999995 0.34667185628138086 -0.9869604401089358
-0.6799999999999997 0.3529006121395644 -0.9869604401089358
-0.6699999999999999 0.3591050555119975 -0.9869604401089358
-0.6600000000000001 0.3652730838551507 -0.9869604401089358
-0.6499999999999995 0.37139041954974267 -0.9869604401089358
-0.6399999999999997 0.37746664315700784 -0.9869604401089358
-0.6299999999999999 0.3835000798234014 -0.9869604401089358
-0.6200000000000001 0.3894910634522028 -0.9869604401089358
-0.6100000000000003 0.3954471258694045 -0.9869604401089358
-0.5999999999999996 0.40136846166557905 -0.9869604401089358
-0.5899999999999999 0.40725509794013603 -0.9869604401089358
-0.5800000000000001 0.4131305824755142 -0.9869604401089358
-0.5700000000000003 0.418996897932097 -0.9869604401089358
-0.5599999999999996 0.4248583451670219 -0.9869604401089358
-0.5499999999999998 0.4307216889267344 -0.9869604401089358
-0.54 0.4365671556438708 -0.9869604401089358
-0.5300000000000002 0.44239133947018705 -0.9869604401089358
-0.5199999999999996 0.4481949751139615 -0.9869604401089358
-0.5099999999999998 0.4539772336919028 -0.9869604401089358
-0.5 0.4597416211933911 -0.9869604401089358
-0.4900000000000002 0.4654929160346968 -0.9869604401089358
-0.47999999999999954 0.4712059841571515 -0.9869604401089358
-0.46999999999999975 0.4768646409353285 -0.9869604401089358
-0.45999999999999996 0.48244309345509717 -0.9869604401089358
-0.4500000000000002 0.4879241972608765 -0.9869604401089358
-0.4399999999999995 0.49330140429771835 -0.9869604401089358
-0.4299999999999997 0.49858489441775095 -0.9869604401089358
-0.41999999999999993 0.5037699421648225 -0.9869604401089358
-0.41000000000000014 0.5088597030138187 -0.9869604401089358
-0.39999999999999947 0.5138490444820681 -0.9869604401089358
-0.3899999999999997 0.5187214439248838 -0.9869604401089358
-0.3799999999999999 0.5234815285212633 -0.9869604401089358
-0.3700000000000001 0.5281254164293789 -0.9869604401089358
-0.3600000000000003 0.5326544347799194 -0.9869604401089358
-0.34999999999999964 0.5370688891886962 -0.9869604401089358
-0.33999999999999986 0.5413653799949505 -0.9869604401089358
-0.33000000000000007 0.545530387379826 -0.9869604401089358
-0.3200000000000003 0.5495847643690125 -0.9869604401089358
-0.3099999999999996 0.5535211743106867 -0.9869604401089358
-0.2999999999999998 0.5573679648022992 -0.9869604401089358
-0.29000000000000004 0.5611271883859602 -0.9869604401089358
-0.28000000000000025 0.5647914090061271 -0.9869604401089358
-0.2699999999999996 0.5683556798764137 -0.9869604401089358
-0.2599999999999998 0.5718127884889499 -0.9869604401089358
-0.25 0.5751586999692772 -0.9869604401089358
-0.2400000000000002 0.5784189225194664 -0.9869604401089358
-0.22999999999999954 0.5815971277351997 -0.9869604401089358
-0.21999999999999975 0.5846960378369649 -0.9869604401089358
-0.20999999999999996 0.5877097571395503 -0.9869604401089358
-0.20000000000000018 0.590613066188495 -0.9869604401089358
-0.1899999999999995 0.5933895942671468 -0.9869604401089358
-0.17999999999999972 0.5960359399593023 -0.9869604401089358
-0.16999999999999993 0.5985508821165846 -0.9869604401089358
-0.16000000000000014 0.6009265175430382 -0.9869604401089358
-0.14999999999999947 0.6031728257727874 -0.9869604401089358
-0.13999999999999968 0.6052671123018231 -0.9869604401089358
-0.1299999999999999 0.6072024080231818 -0.9869604401089358
-0.1200000000000001 0.6089883815899039 -0.9869604401089358
-0.11000000000000032 0.6106191742414239 -0.9869604401089358
-0.09999999999999964 0.6121047653610407 -0.9869604401089358
-0.08999999999999986 0.6134607413655854 -0.9869604401089358
-0.08000000000000007 0.6146686463772347 -0.9869604401089358
-0.07000000000000028 0.6157261443490755 -0.9869604401089358
-0.05999999999999961 0.6166474638421681 -0.9869604401089358
-0.04999999999999982 0.6174080052758627 -0.9869604401089358
-0.040000000000000036 0.6180420320187722 -0.9869604401089358
-0.03000000000000025 0.6185462047592007 -0.9869604401089358
-0.019999999999999574 0.6189142479100653 -0.9869604401089358
-0.009999999999999787 0.6191434909683372 -0.9869604401089358
0.0 0.6192297916724419 -0.9869604401089358
0.009999999999999787 0.619151041015546 -0.9869604401089358
0.020000000000000462 0.6189319979554889 -0.9869604401089358
0.03000000000000025 0.6185714526034348 -0.9869604401089358
0.040000000000000036 0.6180753643248774 -0.9869604401089358
0.04999999999999982 0.6174443729646844 -0.9869604401089358
0.0600000000000005 0.6166771827442581 -0.9869604401089358
0.07000000000000028 0.6157448722590031 -0.9869604401089358
0.08000000000000007 0.6146643518260848 -0.9869604401089358
0.08999999999999986 0.6134330787751084 -0.9869604401089358
0.10000000000000053 0.6120523374503744 -0.9869604401089358
0.11000000000000032 0.6105441290072522 -0.9869604401089358
0.1200000000000001 0.608896896371031 -0.9869604401089358
0.1299999999999999 0.6070951517600799 -0.9869604401089358
0.13999999999999968 0.6051450776297903 -0.9869604401089358
0.15000000000000036 0.6030368170132313 -0.9869604401089358
0.16000000000000014 0.6007736317331708 -0.9869604401089358
0.16999999999999993 0.5983886722519087 -0.9869604401089358
0.17999999999999972 0.5958717823585398 -0.9869604401089358
0.1900000000000004 0.5932375252029723 -0.9869604401089358
0.20000000000000018 0.5904918312260538 -0.9869604401089358
0.20999999999999996 0.5876290372236366 -0.9869604401089358
0.21999999999999975 0.5846680217713972 -0.9869604401089358
0.23000000000000043 0.5816199940681814 -0.9869604401089358
0.2400000000000002 0.578487997286938 -0.9869604401089358
0.25 0.5752675166060154 -0.9869604401089358
0.2599999999999998 0.5719528697279392 -0.9869604401089358
0.27000000000000046 0.5685251659711119 -0.9869604401089358
0.28000000000000025 0.5649918660454709 -0.9869604401089358
0.29000000000000004 0.5613573249384324 -0.9869604401089358
0.2999999999999998 0.5576296940558125 -0.9869604401089358
0.3100000000000005 0.5538024187039026 -0.9869604401089358
0.3200000000000003 0.5498705149246914 -0.9869604401089358
0.33000000000000007 0.5457993105784986 -0.9869604401089358
0.33999999999999986 0.5415921719777406 -0.9869604401089358
0.35000000000000053 0.5372393065387931 -0.9869604401089358
0.3600000000000003 0.5327568929286272 -0.9869604401089358
0.3700000000000001 0.5281617389503759 -0.9869604401089358
0.3799999999999999 0.523459328836837 -0.9869604401089358
0.3899999999999997 0.5186481455567338 -0.9869604401089358
0.40000000000000036 0.5137317103244795 -0.9869604401089358
0.41000000000000014 0.5086993028057717 -0.9869604401089358
0.41999999999999993 0.5035617471803396 -0.9869604401089358
0.4299999999999997 0.4983293846684043 -0.9869604401089358
0.4400000000000004 0.4929982108501343 -0.9869604401089358
0.4500000000000002 0.4875873786974331 -0.9869604401089358
0.45999999999999996 0.4820927470653694 -0.9869604401089358
0.46999999999999975 0.47652578959292974 -0.9869604401089358
0.4800000000000004 0.4709060677046605 -0.9869604401089358
0.4900000000000002 0.4652490590405653 -0.9869604401089358
0.5 0.45956386621584594 -0.9869604401089358
0.5099999999999998 0.45386541131052 -0.9869604401089358
0.5200000000000005 0.4481418601281786 -0.9869604401089358
0.5300000000000002 0.44239108730005317 -0.9869604401089358
0.54 0.4366166020756879 -0.9869604401089358
0.5499999999999998 0.4308214814688937 -0.9869604401089358
0.5600000000000005 0.42501534508958205 -0.9869604401089358
0.5700000000000003 0.41921202999987695 -0.9869604401089358
0.5800000000000001 0.41340205522866547 -0.9869604401089358
0.5899999999999999 0.4075699796085946 -0.9869604401089358
0.6000000000000005 0.4017052003483816 -0.9869604401089358
0.6100000000000003 0.39578162387058263 -0.9869604401089358
0.6200000000000001 0.38979860394840116 -0.9869604401089358
0.6299999999999999 0.38376303378701737 -0.9869604401089358
0.6399999999999997 0.3776773814519669 -0.9869604401089358
0.6500000000000004 0.37154731072347397 -0.9869604401089358
0.6600000000000001 0.365380776479028 -0.9869604401089358
0.6699999999999999 0.3591673137020075 -0.9869604401089358
0.6799999999999997 0.3529168138786755 -0.9869604401089358
0.6900000000000004 0.346640648553622 -0.9869604401089358
0.7000000000000002 0.3403403981038213 -0.9869604401089358
0.71 0.33402754390280226 -0.9869604401089358
0.7199999999999998 0.32770079353744336 -0.9869604401089358
0.7300000000000004 0.3213546618061524 -0.9869604401089358
0.7400000000000002 0.3149988923292248 -0.9869604401089358
0.75 0.30864536545688676 -0.9869604401089358
0.7599999999999998 0.3023135058126685 -0.9869604401089358
0.7700000000000005 0.296016086415104 -0.9869604401089358
0.7800000000000002 0.2897578820274884 -0.9869604401089358
0.79 0.2835312819883388 -0.9869604401089358
0.7999999999999998 0.2773324925218166 -0.9869604401089358
0.8100000000000005 0.2711684684638628 -0.9869604401089358
0.8200000000000003 0.26505366531222846 -0.9869604401089358
0.8300000000000001 0.25899851017146 -0.9869604401089358
0.8399999999999999 0.2530164377677891 -0.9869604401089358
0.8500000000000005 0.24709983552111087 -0.9869604401089358
0.8600000000000003 0.241236279187581 -0.9869604401089358
0.8700000000000001 0.2354268678787134 -0.9869604401089358
0.8799999999999999 0.22966469459025243 -0.9869604401089358
0.8899999999999997 0.22395458368664195 -0.9869604401089358
0.9000000000000004 0.2182965003158167 -0.9869604401089358
0.9100000000000001 0.21267997453090584 -0.9869604401089358
0.9199999999999999 0.2070974221380097 -0.9869604401089358
0.9299999999999997 0.20155125003672864 -0.9869604401089358
0.9400000000000004 0.19604674562211016 -0.9869604401089358
0.9500000000000002 0.1905932674664087 -0.9869604401089358
0.96 0.18520517238758905 -0.9869604401089358
0.9699999999999998 0.17988028656737817 -0.9869604401089358
0.9800000000000004 0.17461416740277957 -0.9869604401089358
0.9900000000000002 0.1694119057584014 -0.9869604401089358
1.0 0.16427740904342097 -0.9869604401089358
1.0099999999999998 0.15921883197694872 0.0
1.0200000000000005 0.1545607858756648 0.0
1.0300000000000002 0.15027746404363712 0.0
1.04 0.14635396266679465 0.0
1.0499999999999998 0.14277373211509684 0.0
1.0600000000000005 0.13952456153650386 -0.9869604401089358
1.0700000000000003 0.13632464843690834 -0.9869604401089358
1.08 0.13318462961705171 -0.9869604401089358
1.0899999999999999 0.13009136400146393 -0.9869604401089358
1.1000000000000005 0.1270502608481207 -0.9869604401089358
1.1100000000000003 0.12405037791478572 -0.9869604401089358
1.12 0.12109798805463727 -0.9869604401089358
1.13 0.11819565972597645 -0.9869604401089358
1.1400000000000006 0.1153495548811622 -0.9869604401089358
1.1500000000000004 0.112554104022997 -0.9869604401089358
1.1600000000000001 0.10980481053993764 -0.9869604401089358
1.17 0.10709151427014418 -0.9869604401089358
1.1799999999999997 0.10441843865264375 -0.9869604401089358
1.1900000000000004 0.10178797859480174 -0.9869604401089358
1.2000000000000002 0.09919783890479424 -0.9869604401089358
1.21 0.09664884560265638 -0.9869604401089358
1.2199999999999998 0.09413843950983548 -0.9869604401089358
1.2300000000000004 0.09166068915021836 -0.9869604401089358
1.2400000000000002 0.08922395110693514 -0.9869604401089358
1.25 0.08683025620663122 -0.9869604401089358
1.2599999999999998 0.08449239867109555 -0.9869604401089358
1.2700000000000005 0.08221373001834835 -0.9869604401089358
1.2800000000000002 0.07998712641048256 -0.9869604401089358
1.29 0.07780760741190372 -0.9869604401089358
1.2999999999999998 0.07568318982434312 -0.9869604401089358
1.3100000000000005 0.07361668797731716 -0.9869604401089358
1.3200000000000003 0.07160918829165364 -0.9869604401089358
1.33 0.0696687848768063 -0.9869604401089358
1.3399999999999999 0.06779192581979732 -0.9869604401089358
1.3500000000000005 0.0659718830876883 -0.9869604401089358
1.3600000000000003 0.06420643373856832 -0.9869604401089358
1.37 0.06248988536672171 -0.9869604401089358
1.38 0.06082332438752427 -0.9869604401089358
1.3900000000000006 0.05921012224518479 -0.9869604401089358
1.4000000000000004 0.05763992768936988 -0.9869604401089358
1.4100000000000001 0.05610720345921457 -0.9869604401089358
1.42 0.05461312892271103 -0.9869604401089358
1.4299999999999997 0.05314853276930696 -0.9869604401089358
1.4400000000000004 0.05171627438384961 -0.9869604401089358
1.4500000000000002 0.050315697308636484 -0.9869604401089358
1.46 0.04894512210285175 -0.9869604401089358
1.4699999999999998 0.04759932342005648 -0.9869604401089358
1.4800000000000004 0.0462806695127308 -0.9869604401089358
1.4900000000000002 0.04498249388765825 -0.9869604401089358
1.5 0.04370525613854369 -0.9869604401089358
1.5099999999999998 0.042453312547211776 -0.9869604401089358
1.5200000000000005 0.041232940394119906 -0.9869604401089358
1.5300000000000002 0.040042433462091485 -0.9869604401089358
1.54 0.03888396134535922 -0.9869604401089358
1.5499999999999998 0.037752992369435384 -0.9869604401089358
1.5600000000000005 0.036649308223088525 -0.9869604401089358
1.5700000000000003 0.03557663314745247 -0.9869604401089358
1.58 0.034533914233929895 -0.9869604401089358
1.5899999999999999 0.03352864458128574 -0.9869604401089358
1.6000000000000005 0.03256639793178026 -0.9869604401089358
1.6100000000000003 0.03164608329647596 -0.9869604401089358
1.62 0.0307609687134941 -0.9869604401089358
1.63 0.029914168254496554 -0.9869604401089358
1.6400000000000006 0.02910259494041335 -0.9869604401089358
1.6500000000000004 0.028330803052102584 -0.9869604401089358
1.6600000000000001 0.027598403202105867 -0.9869604401089358
1.67 0.026904093432946443 -0.9869604401089358
1.6799999999999997 0.026240068158398425 -0.9869604401089358
1.6900000000000004 0.02560618738512954 -0.9869604401089358
1.7000000000000002 0.024996207568376984 -0.9869604401089358
1.71 0.024412490064575264 -0.9869604401089358
1.7199999999999998 0.023850450085562493 -0.9869604401089358
1.7300000000000004 0.023306988101368966 -0.9869604401089358
1.7400000000000002 0.022779431400792412 -0.9869604401089358
1.75 0.022259521369786258 -0.9869604401089358
1.7599999999999998 0.021745445067728186 -0.9869604401089358
1.7700000000000005 0.021241828366742183 -0.9869604401089358
1.7800000000000002 0.020750379151945747 -0.9869604401089358
1.79 0.020271646087657573 -0.9869604401089358
1.7999999999999998 0.01980145750308055 -0.9869604401089358
1.8100000000000005 0.019335697070675492 -0.9869604401089358
1.8200000000000003 0.018873812756072722 -0.9869604401089358
1.83 0.01841742766793551 -0.9869604401089358
1.8399999999999999 0.01796515384401959 -0.9869604401089358
1.8500000000000005 0.01752146897687192 -0.9869604401089358
1.8600000000000003 0.01708357661782357 -0.9869604401089358
1.87 0.016652551625793273 -0.9869604401089358
1.88 0.016228918087615445 -0.9869604401089358
1.8900000000000006 0.015815185241673045 -0.9869604401089358
1.9000000000000004 0.015410316876198834 -0.9869604401089358
1.9100000000000001 0.015017775365569202 -0.9869604401089358
1.92 0.014637528892262807 -0.9869604401089358
1.9299999999999997 0.014267976575995805 -0.9869604401089358
1.9400000000000004 0.013910367087078221 -0.9869604401089358
1.9500000000000002 0.013569977684189228 -0.9869604401089358
1.96 0.013249507894979742 -0.9869604401089358
1.9699999999999998 0.012948409532121351 -0.9869604401089358
1.9800000000000004 0.012665005968306008 -0.9869604401089358
1.9900000000000002 0.012396817858467916 -0.9869604401089358
2.0 0.012142420802899073 -0.9869604401089358
2.01 0.011900809966546754 -0.9869604401089358
2.0200000000000005 0.01167296372890063 -0.9869604401089358
2.0300000000000002 0.011455586637087508 -0.9869604401089358
2.04 0.011247400800106836 -0.9869604401089358
2.05 0.011048028270893216 -0.9869604401089358
2.0600000000000005 0.010853871872324946 -0.9869604401089358
2.0700000000000003 0.010664381100562335 -0.9869604401089358
2.08 0.010479493574175047 -0.9869604401089358
2.09 0.010297264579098273 -0.9869604401089358
2.1000000000000005 0.01011789155599322 -0.9869604401089358
2.1100000000000003 0.00993868240296997 -0.9869604401089358
2.12 0.00975500651350383 -0.9869604401089358
2.13 0.009569723686342915 -0.9869604401089358
2.1400000000000006 0.00938307632792276 -0.9869604401089358
2.1500000000000004 0.00919292981768077 -0.9869604401089358
2.16 0.009002329268020103 -0.9869604401089358
2.17 0.008809568879169352 -0.9869604401089358
2.1799999999999997 0.008612883712650203 -0.9869604401089358
2.1900000000000004 0.008413365059764826 -0.9869604401089358
2.2 0.008210951972936975 -0.9869604401089358
2.21 0.008005199504304212 -0.9869604401089358
2.2199999999999998 0.007799748910167227 -0.9869604401089358
2.2300000000000004 0.007597669843570883 -0.9869604401089358
2.24 0.007399224620765451 -0.9869604401089358
2.25 0.007203389645528264 -0.9869604401089358
2.26 0.007010730832198232 -0.9869604401089358
2.2700000000000005 0.006824204060905821 -0.9869604401089358
2.2800000000000002 0.006644427192006148 -0.9869604401089358
2.29 0.0064750909448941 -0.9869604401089358
2.3 0.006314687216547133 -0.9869604401089358
2.3100000000000005 0.00616159611940296 -0.9869604401089358
2.3200000000000003 0.006014388781267014 -0.9869604401089358
2.33 0.005872644359447252 -0.9869604401089358
2.34 0.005736156703418143 -0.9869604401089358
2.3500000000000005 0.005606784034007915 -0.9869604401089358
2.3600000000000003 0.0054840785572155375 -0.9869604401089358
2.37 0.005367797025857916 -0.9869604401089358
2.38 0.005254140044792847 -0.9869604401089358
2.3900000000000006 0.005140832776897204 -0.9869604401089358
2.4000000000000004 0.005028056954575236 -0.9869604401089358
2.41 0.004917228569034977 -0.9869604401089358
2.42 0.004808811093741062 -0.9869604401089358
2.4299999999999997 0.0047019307216488605 -0.9869604401089358
2.4400000000000004 0.0045949468810376135 -0.9869604401089358
2.45 0.004487541477536961 -0.9869604401089358
2.46 0.004379957964858977 -0.9869604401089358
2.4699999999999998 0.00427351262352352 -0.9869604401089358
2.4800000000000004 0.00416809723239996 -0.9869604401089358
2.49 0.004062228005241461 -0.9869604401089358
2.5 0.003956116005634205 -0.9869604401089358
2.51 0.003849234210563503 -0.9869604401089358
2.5200000000000005 0.0037417735842967875 -0.9869604401089358
2.5300000000000002 0.003633959845215733 -0.9869604401089358
2.54 0.003528201815179154 -0.9869604401089358
2.55 0.0034235380766862093 -0.9869604401089358
2.5600000000000005 0.0033215306718738288 -0.9869604401089358
2.5700000000000003 0.003220058771261509 -0.9869604401089358
2.58 0.003120128470196152 -0.9869604401089358
2.59 0.003021537725336038 -0.9869604401089358
2.6000000000000005 0.0029247190953114776 -0.9869604401089358
2.6100000000000003 0.0028298611320460533 -0.9869604401089358
2.62 0.00273731662267111 -0.9869604401089358
2.63 0.002645992472748682 -0.9869604401089358
2.6400000000000006 0.0025580554774660117 -0.9869604401089358
2.6500000000000004 0.002473058990134921 -0.9869604401089358
2.66 0.002389189536538806 -0.9869604401089358
2.67 0.002306097850678591 -0.9869604401089358
2.6799999999999997 0.0022241982831553457 -0.9869604401089358
2.6900000000000004 0.0021430261005916788 -0.9869604401089358
2.7 0.00206439006460698 -0.9869604401089358
2.71 0.0019883442251658616 -0.9869604401089358
2.7199999999999998 0.0019147703387591294 -0.9869604401089358
2.7300000000000004 0.0018434974603416022 -0.9869604401089358
2.74 0.0017757457045819124 -0.9869604401089358
2.75 0.0017110033952848827 -0.9869604401089358
2.76 0.0016490600498763632 -0.9869604401089358
2.7700000000000005 0.0015903272374606842 -0.9869604401089358
2.7800000000000002 0.0015358588686232594 -0.9869604401089358
2.79 0.001485065263725307 -0.9869604401089358
2.8 0.0014381519852540968 -0.9869604401089358
2.8100000000000005 0.0013961919864846184 -0.9869604401089358
2.8200000000000003 0.0013568714840161843 -0.9869604401089358
2.83 0.0013210914924220189 -0.9869604401089358
2.84 0.0012881323986287214 -0.9869604401089358
2.8500000000000005 0.0012567002534959197 -0.9869604401089358
2.8600000000000003 0.0012259103996523294 -0.9869604401089358
2.87 0.0011967884666966775 -0.9869604401089358
2.88 0.0011677272646441743 -0.9869604401089358
2.8900000000000006 0.0011391539919976261 -0.9869604401089358
2.9000000000000004 0.0011101439099710918 -0.9869604401089358
2.91 0.0010805590153259088 -0.9869604401089358
2.92 0.0010504352734966573 -0.9869604401089358
2.9300000000000006 0.00101960171768405 -0.9869604401089358
2.9400000000000004 0.0009874995711999586 -0.9869604401089358
2.95 0.0009535185407876501 -0.9869604401089358
2.96 0.0009176711292028886 -0.9869604401089358
2.9699999999999998 0.0008814685768598273 -0.9869604401089358
2.9800000000000004 0.0008448414220113343 -0.9869604401089358
2.99 0.0008079194248152294 -0.9869604401089358
3.0 0.0007708949321176632 -0.9869604401089358
3.01 0.0007338082217980257 -0.9869604401089358
3.0199999999999996 0.0006964715299727426 -0.9869604401089358
3.0299999999999994 0.0006599755072275042 -0.9869604401089358
3.040000000000001 0.0006238625550063376 -0.9869604401089358
3.0500000000000007 0.0005890016308002035 -0.9869604401089358
3.0600000000000005 0.0005556238308657394 -0.9869604401089358
3.0700000000000003 0.0005246563286058027 -0.9869604401089358
3.08 0.0004971268180822801 -0.9869604401089358
3.09 0.0004728393464098448 -0.9869604401089358
3.0999999999999996 0.00045170062554290456 -0.9869604401089358
3.1099999999999994 0.0004339171565699177 -0.9869604401089358
3.120000000000001 0.000419494807250267 -0.9869604401089358
3.130000000000001 0.00040836425751249655 -0.9869604401089358
3.1400000000000006 0.0004008883732523127 -0.9869604401089358
3.1500000000000004 0.00039625635952128866 -0.9869604401089358
3.16 0.00039468136811824685 -0.9869604401089358
3.17 0.0003950724620222326 -0.9869604401089358
3.1799999999999997 0.0003966615235019121 -0.9869604401089358
3.1899999999999995 0.0003990631691629835 -0.9869604401089358
3.1999999999999993 0.0004026136952478132 -0.9869604401089358
3.210000000000001 0.00040709507780632817 -0.9869604401089358
3.2200000000000006 0.0004117095236272088 -0.9869604401089358
3.2300000000000004 0.00041555101453760637 -0.9869604401089358
3.24 0.0004182083766167908 -0.9869604401089358
3.25 0.0004194019779146444 -0.9869604401089358
3.26 0.00041982810460863465 -0.9869604401089358
3.2699999999999996 0.00041989583872232086 -0.9869604401089358
3.2799999999999994 0.0004189882450208218 -0.9869604401089358
3.290000000000001 0.00041651411646972025 -0.9869604401089358
3.3000000000000007 0.0004126378361425611 -0.9869604401089358
3.3100000000000005 0.0004066827289168132 -0.9869604401089358
3.3200000000000003 0.0003990280920791037 -0.9869604401089358
3.33 0.00038970512285416197 -0.9869604401089358
3.34 0.00037874135267195044 -0.9869604401089358
3.3499999999999996 0.00036597475078020805 -0.9869604401089358
3.3599999999999994 0.0003519126603172029 -0.9869604401089358
3.370000000000001 0.0003367741071987353 -0.9869604401089358
3.380000000000001 0.00032084481019800513 -0.9869604401089358
3.3900000000000006 0.00030443849123926555 -0.9869604401089358
3.4000000000000004 0.00028835970466688514 -0.9869604401089358
3.41 0.00027311410196002265 -0.9869604401089358
3.42 0.00025912619294404647 -0.9869604401089358
3.4299999999999997 0.0002465291548997507 -0.9869604401089358
3.4399999999999995 0.00023519595838083886 -0.9869604401089358
3.4499999999999993 0.0002260105728019867 -0.9869604401089358
3.460000000000001 0.00021931401860113042 -0.9869604401089358
3.4700000000000006 0.00021497637608265332 -0.9869604401089358
3.4800000000000004 0.0002130264268528464 -0.9869604401089358
3.49 0.00021341415479884314 -0.9869604401089358
3.5 0.00021573541733163168 -0.9869604401089358
3.51 0.00021941802331025345 -0.9869604401089358
3.5199999999999996 0.00022427193153463343 -0.9869604401089358
3.5299999999999994 0.0002302214284135119 -0.9869604401089358
3.540000000000001 0.00023708634500575274 -0.9869604401089358
3.5500000000000007 0.00024496395574838284 -0.9869604401089358
3.5600000000000005 0.00025360734533059635 -0.9869604401089358
3.5700000000000003 0.00026230177553658704 -0.9869604401089358
3.58 0.0002708704488951901 -0.9869604401089358
3.59 0.0002793805022864523 -0.9869604401089358
3.5999999999999996 0.0002871587400950367 -0.9869604401089358
3.6099999999999994 0.00029377568520053485 -0.9869604401089358
3.620000000000001 0.0002991538463212083 -0.9869604401089358
3.630000000000001 0.00030309968918720544 -0.9869604401089358
3.6400000000000006 0.0003054978861843084 -0.9869604401089358
3.6500000000000004 0.0003061438707511903 -0.9869604401089358
3.66 0.0003049322867105527 -0.9869604401089358
3.67 0.00030140838466180395 -0.9869604401089358
3.6799999999999997 0.00029531540453252904 -0.9869604401089358
3.6899999999999995 0.0002874375952101329 -0.9869604401089358
3.700000000000001 0.00027822326667906357 -0.9869604401089358
3.710000000000001 0.00026784569116720605 -0.9869604401089358
3.7200000000000006 0.00025657195365486995 -0.9869604401089358
3.7300000000000004 0.0002446154991066534 -0.9869604401089358
3.74 0.0002325009870636362 -0.9869604401089358
3.75 0.00022103857124602542 -0.9869604401089358
3.76 0.0002101895307400365 -0.9869604401089358
3.7699999999999996 0.00020006537335247679 -0.9869604401089358
3.7799999999999994 0.0001903660156903461 -0.9869604401089358
3.790000000000001 0.00018166836338886206 -0.9869604401089358
3.8000000000000007 0.00017424524021678715 -0.9869604401089358
3.8100000000000005 0.00016800410228843255 -0.9869604401089358
3.8200000000000003 0.00016275688453234923 -0.9869604401089358
3.83 0.00015857838425698543 -0.9869604401089358
3.84 0.0001551675545735447 -0.9869604401089358
3.8499999999999996 0.0001526459390263725 -0.9869604401089358
3.8599999999999994 0.00015082097476387982 -0.9869604401089358
3.870000000000001 0.00014968432396537644 -0.9869604401089358
3.880000000000001 0.00014946213692691498 -0.9869604401089358
3.8900000000000006 0.0001499713282027382 -0.9869604401089358
3.9000000000000004 0.00015096347555938874 -0.9869604401089358
3.91 0.00015249063827273756 -0.9869604401089358
3.92 0.00015437233796273276 -0.9869604401089358
3.9299999999999997 0.00015687705717297584 -0.9869604401089358
3.9399999999999995 0.0001596268707239323 -0.9869604401089358
3.950000000000001 0.00016212568273405099 -0.9869604401089358
3.960000000000001 0.00016422238339836414 -0.9869604401089358
3.9700000000000006 0.00016588338704839968 -0.9869604401089358
3.9800000000000004 0.00016721832101245843 -0.9869604401089358
3.99 0.00016844333297088372 -0.9869604401089358
4.0 0.0001692284312051248 -0.9869604401089358
4.01 0.00016948977524153765 -0.9869604401089358
4.02 0.00016886026908075047 -0.9869604401089358
4.029999999999999 0.00016728517296945696 -0.9869604401089358
4.040000000000001 0.00016496465328130668 -0.9869604401089358
4.050000000000001 0.00016209135938284898 -0.9869604401089358
4.0600000000000005 0.00015863563225417375 -0.9869604401089358
4.07 0.00015468720124211114 -0.9869604401089358
4.08 0.00015007280955905722 -0.9869604401089358
4.09 0.0001447617156173033 -0.9869604401089358
4.1 0.00013880862063347373 -0.9869604401089358
4.109999999999999 0.00013196292277098843 -0.9869604401089358
4.120000000000001 0.00012457884688766007 -0.9869604401089358
4.130000000000001 0.00011694143164208775 -0.9869604401089358
4.140000000000001 0.00010912302754333085 -0.9869604401089358
4.15 0.00010114712024199218 -0.9869604401089358
4.16 9.274675691043604e-05 -0.9869604401089358
4.17 8.399664700665126e-05 -0.9869604401089358
4.18 7.534374548432779e-05 -0.9869604401089358
4.1899999999999995 6.722077745217619e-05 -0.9869604401089358
4.200000000000001 5.958144365231478e-05 -0.9869604401089358
4.210000000000001 5.251575422610526e-05 -0.9869604401089358
4.220000000000001 4.608829146718878e-05 -0.9869604401089358
4.23 4.06815557288204e-05 -0.9869604401089358
4.24 3.64062241245654e-05 -0.9869604401089358
4.25 3.3398832625053615e-05 -0.9869604401089358
4.26 3.172221644366973e-05 -0.9869604401089358
4.27 3.1411634667662434e-05 -0.9869604401089358
4.279999999999999 3.244116350011672e-05 -0.9869604401089358
4.290000000000001 3.464728206356647e-05 -0.9869604401089358
4.300000000000001 3.784887810196643e-05 -0.9869604401089358
4.3100000000000005 4.184126103101984e-05 -0.9869604401089358
4.32 4.6726936900568336e-05 -0.9869604401089358
4.33 5.201764737087469e-05 -0.9869604401089358
4.34 5.7500682894348466e-05 -0.9869604401089358
4.35 6.28879522520597e-05 -0.9869604401089358
4.359999999999999 6.797387563943971e-05 -0.9869604401089358
4.370000000000001 7.24996377467058e-05 -0.9869604401089358
4.380000000000001 7.65263793381799e-05 -0.9869604401089358
4.390000000000001 7.967521803604014e-05 -0.9869604401089358
4.4 8.207064889853594e-05 -0.9869604401089358
4.41 8.379910130313781e-05 -0.9869604401089358
4.42 8.481131183829551e-05 -0.9869604401089358
4.43 8.472240116600587e-05 -0.9869604401089358
4.4399999999999995 8.358832766417017e-05 -0.9869604401089358
4.450000000000001 8.143955436536091e-05 -0.9869604401089358
4.460000000000001 7.844830346793712e-05 -0.9869604401089358
4.470000000000001 7.466644019227092e-05 -0.9869604401089358
4.48 7.03761775285534e-05 -0.9869604401089358
4.49 6.524609600841189e-05 -0.9869604401089358
4.5 5.9414987569560204e-05 -0.9869604401089358
4.51 5.304163174449762e-05 -0.9869604401089358
4.52 4.626975916664182e-05 -0.9869604401089358
4.529999999999999 3.933085576452764e-05 -0.9869604401089358
4.540000000000001 3.2620996226195914e-05 -0.9869604401089358
4.550000000000001 2.618351861708678e-05 -0.9869604401089358
4.5600000000000005 2.015159895059258e-05 -0.9869604401089358
4.57 1.4656073323715304e-05 -0.9869604401089358
4.58 9.787142885267015e-06 -0.9869604401089358
4.59 5.806702416195008e-06 -0.9869604401089358
4.6 2.815523290548251e-06 -0.9869604401089358
4.609999999999999 8.979199671682884e-07 -0.9869604401089358
4.620000000000001 4.7553510287260344e-08 -0.9869604401089358
4.630000000000001 2.597908466576263e-07 -0.9869604401089358
4.640000000000001 1.4727941977475541e-06 -0.9869604401089358
4.65 3.59888832403569e-06 -0.9869604401089358
4.66 6.580889110353735e-06 -0.9869604401089358
4.67 1.0322742027701711e-05 -0.9869604401089358
4.68 1.4819908467868554e-05 -0.9869604401089358
4.6899999999999995 1.98285702687516e-05 -0.9869604401089358
4.700000000000001 2.5096218423195236e-05 -0.9869604401089358
4.710000000000001 3.0663671680381387e-05 -0.9869604401089358
4.720000000000001 3.661974734580956e-05 -0.9869604401089358
4.73 4.283498862443249e-05 -0.9869604401089358
4.74 4.9253118275728645e-05 -0.9869604401089358
4.75 5.5493679915350243e-05 -0.9869604401089358
4.76 6.131343463501734e-05 -0.9869604401089358
4.77 6.669577009378176e-05 -0.9869604401089358
4.779999999999999 7.172598958698566e-05 -0.9869604401089358
4.790000000000001 7.61247780722464e-05 -0.9869604401089358
4.800000000000001 7.964778026515037e-05 -0.9869604401089358
4.8100000000000005 8.207340448780912e-05 -0.9869604401089358
4.82 8.3568032393067e-05 -0.9869604401089358
4.83 8.374365035781716e-05 -0.9869604401089358
4.84 8.245163601577011e-05 -0.9869604401089358
4.85 7.961316091231154e-05 -0.9869604401089358
4.859999999999999 7.523364923158741e-05 -0.9869604401089358
4.870000000000001 6.964670251617939e-05 -0.9869604401089358
4.880000000000001 6.336796535849833e-05 -0.9869604401089358
4.890000000000001 5.647029773186595e-05 -0.9869604401089358
4.9 4.895839986218042e-05 -0.9869604401089358
4.91 4.114525271940757e-05 -0.9869604401089358
4.92 3.34373775319092e-05 -0.9869604401089358
4.93 2.6148343716408675e-05 -0.9869604401089358
4.9399999999999995 1.9533356881222217e-05 -0.9869604401089358
4.950000000000001 1.3797148455803886e-05 -0.9869604401089358
4.960000000000001 8.986996500613915e-06 -0.9869604401089358
4.970000000000001 5.122371808972288e-06 -0.9869604401089358
4.98 2.305661525096078e-06 -0.9869604401089358
4.99 5.890764983838729e-07 -0.9869604401089358
