-5.0 4.33905342531289e-06 -0.9869604401089358
-4.99 1.731125063327272e-05 -0.9869604401089358
-4.98 3.875518129978523e-05 -0.9869604401089358
-4.97 6.835494228701154e-05 -0.9869604401089358
-4.96 0.00010604544199001112 -0.9869604401089358
-4.95 0.0001513781186658852 -0.9869604401089358
-4.94 0.00020357377084697804 -0.9869604401089358
-4.93 0.000262194796631122 -0.9869604401089358
-4.92 0.00032665290294561246 -0.9869604401089358
-4.91 0.00039645492445228504 -0.9869604401089358
-4.9 0.0004715798148079543 -0.9869604401089358
-4.89 0.0005520010993334451 -0.9869604401089358
-4.88 0.0006365264427763671 -0.9869604401089358
-4.87 0.0007239040707893878 -0.9869604401089358
-4.86 0.0008124535141113127 -0.9869604401089358
-4.85 0.0009023564643218388 -0.9869604401089358
-4.84 0.0009934674960611852 -0.9869604401089358
-4.83 0.0010851505086699152 -0.9869604401089358
-4.82 0.0011758975230266814 -0.9869604401089358
-4.81 0.0012640003105256997 -0.9869604401089358
-4.8 0.0013473604256292043 -0.9869604401089358
-4.79 0.0014261726152832671 -0.9869604401089358
-4.78 0.0015003928594821616 -0.9869604401089358
-4.77 0.0015684918186203323 -0.9869604401089358
-4.76 0.0016292066306094297 -0.9869604401089358
-4.75 0.0016822457233908893 -0.9869604401089358
-4.74 0.0017265282075920358 -0.9869604401089358
-4.73 0.001761483691012515 -0.9869604401089358
-4.72 0.0017869717160633248 -0.9869604401089358
-4.71 0.0018034515497194962 -0.9869604401089358
-4.7 0.0018119035855921311 -0.9869604401089358
-4.69 0.0018125456810441465 -0.9869604401089358
-4.68 0.0018049925292331623 -0.9869604401089358
-4.67 0.001788839097562936 -0.9869604401089358
-4.66 0.0017651892709774203 -0.9869604401089358
-4.65 0.001735727236834037 -0.9869604401089358
-4.64 0.0017015419097191713 -0.9869604401089358
-4.63 0.0016630240950272787 -0.9869604401089358
-4.62 0.0016199201019744959 -0.9869604401089358
-4.61 0.001573448555752705 -0.9869604401089358
-4.6 0.0015258739310486256 -0.9869604401089358
-4.59 0.0014769987216471415 -0.9869604401089358
-4.58 0.0014256786506708422 -0.9869604401089358
-4.57 0.0013727008190688684 -0.9869604401089358
-4.56 0.0013180665436942271 -0.9869604401089358
-4.55 0.0012627774638971625 -0.9869604401089358
-4.54 0.0012081043359431379 -0.9869604401089358
-4.53 0.0011532083426740625 -0.9869604401089358
-4.52 0.0010977935566134484 -0.9869604401089358
-4.51 0.0010419858570522244 -0.9869604401089358
-4.5 0.0009855023032273949 -0.9869604401089358
-4.49 0.0009294017122171211 -0.9869604401089358
-4.48 0.0008748043671546581 -0.9869604401089358
-4.47 0.0008226706621816685 -0.9869604401089358
-4.46 0.0007743033579283276 -0.9869604401089358
-4.45 0.0007304205373533814 -0.9869604401089358
-4.4399999999999995 0.0006902351434953941 -0.9869604401089358
-4.43 0.0006556279195740069 -0.9869604401089358
-4.42 0.0006276654530701078 -0.9869604401089358
-4.41 0.00060616531446741 -0.9869604401089358
-4.4 0.0005911944094710521 -0.9869604401089358
-4.39 0.0005829917082791218 -0.9869604401089358
-4.38 0.0005809165896497335 -0.9869604401089358
-4.37 0.0005847172824219605 -0.9869604401089358
-4.36 0.0005949976195658342 -0.9869604401089358
-4.35 0.0006109217950351864 -0.9869604401089358
-4.34 0.0006322301362951814 -0.9869604401089358
-4.33 0.0006585789601686684 -0.9869604401089358
-4.32 0.0006900842220153754 -0.9869604401089358
-4.31 0.0007259866681239472 -0.9869604401089358
-4.3 0.0007658303124808253 -0.9869604401089358
-4.29 0.0008093542773304124 -0.9869604401089358
-4.28 0.0008566220115858069 -0.9869604401089358
-4.27 0.0009067178872729297 -0.9869604401089358
-4.26 0.0009595155863756511 -0.9869604401089358
-4.25 0.0010147822779421895 -0.9869604401089358
-4.24 0.0010714101410221498 -0.9869604401089358
-4.23 0.0011282928873694975 -0.9869604401089358
-4.22 0.0011861192041533175 -0.9869604401089358
-4.21 0.0012443624249304356 -0.9869604401089358
-4.2 0.0013018583668929923 -0.9869604401089358
-4.1899999999999995 0.0013583006005564364 -0.9869604401089358
-4.18 0.0014140449038478977 -0.9869604401089358
-4.17 0.0014680150221416796 -0.9869604401089358
-4.16 0.0015204365190626889 -0.9869604401089358
-4.15 0.0015710481880413286 -0.9869604401089358
-4.14 0.0016195323014538754 -0.9869604401089358
-4.13 0.001665538427681906 -0.9869604401089358
-4.12 0.0017100813217383202 -0.9869604401089358
-4.11 0.001752543948385434 -0.9869604401089358
-4.1 0.0017931436433423684 -0.9869604401089358
-4.09 0.0018310618652174217 -0.9869604401089358
-4.08 0.0018671655342380467 -0.9869604401089358
-4.07 0.0019012395616581754 -0.9869604401089358
-4.06 0.0019332376417327808 -0.9869604401089358
-4.05 0.0019639131805890566 -0.9869604401089358
-4.04 0.0019937750174127697 -0.9869604401089358
-4.03 0.0020226489693313814 -0.9869604401089358
-4.02 0.0020501360561298973 -0.9869604401089358
-4.01 0.002076171832195385 -0.9869604401089358
-4.0 0.002100000923246102 -0.9869604401089358
-3.99 0.0021210246675428843 -0.9869604401089358
-3.98 0.00213880799006621 -0.9869604401089358
-3.9699999999999998 0.0021523849646425002 -0.9869604401089358
-3.96 0.002162022479918034 -0.9869604401089358
-3.95 0.0021670765380310997 -0.9869604401089358
-3.94 0.0021666215218416234 -0.9869604401089358
-3.9299999999999997 0.002160296333682223 -0.9869604401089358
-3.92 0.0021503334242826055 -0.9869604401089358
-3.91 0.0021370284696892545 -0.9869604401089358
-3.9 0.002121172032994111 -0.9869604401089358
-3.8899999999999997 0.002102085859192415 -0.9869604401089358
-3.88 0.0020784182435597837 -0.9869604401089358
-3.87 0.002050794340637869 -0.9869604401089358
-3.86 0.0020211924789569633 -0.9869604401089358
-3.8499999999999996 0.00199024999341629 -0.9869604401089358
-3.84 0.001958310438121062 -0.9869604401089358
-3.83 0.0019253260588691014 -0.9869604401089358
-3.8200000000000003 0.0018916354865844262 -0.9869604401089358
-3.81 0.0018572602074286247 -0.9869604401089358
-3.8 0.0018207559136352006 -0.9869604401089358
-3.79 0.0017820715804938044 -0.9869604401089358
-3.7800000000000002 0.0017427214055588081 -0.9869604401089358
-3.77 0.0017030911267106542 -0.9869604401089358
-3.76 0.001665139455935814 -0.9869604401089358
-3.75 0.00162923601383677 -0.9869604401089358
-3.74 0.001594790380630577 -0.9869604401089358
-3.73 0.0015606400633592658 -0.9869604401089358
-3.7199999999999998 0.001527821906654086 -0.9869604401089358
-3.71 0.0014967794177540201 -0.9869604401089358
-3.7 0.00146849886428763 -0.9869604401089358
-3.69 0.0014434379853506146 -0.9869604401089358
-3.6799999999999997 0.001422578633229112 -0.9869604401089358
-3.67 0.0014051784812408423 -0.9869604401089358
-3.66 0.0013920077584507315 -0.9869604401089358
-3.65 0.0013836915612225515 -0.9869604401089358
-3.6399999999999997 0.0013804278819857048 -0.9869604401089358
-3.63 0.0013823659625445562 -0.9869604401089358
-3.62 0.0013896928073548085 -0.9869604401089358
-3.61 0.0014018571678249638 -0.9869604401089358
-3.5999999999999996 0.0014185171300018042 -0.9869604401089358
-3.59 0.001440506391803199 -0.9869604401089358
-3.58 0.0014684374548194134 -0.9869604401089358
-3.5700000000000003 0.0015031399002349234 -0.9869604401089358
-3.56 0.0015429928332439061 -0.9869604401089358
-3.55 0.001587221063751036 -0.9869604401089358
-3.54 0.001635680976062463 -0.9869604401089358
-3.5300000000000002 0.0016895104758843883 -0.9869604401089358
-3.52 0.0017493642274600647 -0.9869604401089358
-3.51 0.0018167973029506311 -0.9869604401089358
-3.5 0.0018896519193199956 -0.9869604401089358
-3.49 0.001968706811124539 -0.9869604401089358
-3.48 0.0020539628881946705 -0.9869604401089358
-3.4699999999999998 0.002144456665436242 -0.9869604401089358
-3.46 0.002239846162535796 -0.9869604401089358
-3.45 0.0023412535275144576 -0.9869604401089358
-3.44 0.0024475180665867804 -0.9869604401089358
-3.4299999999999997 0.0025581754716647014 -0.9869604401089358
-3.42 0.0026717980176188473 -0.9869604401089358
-3.41 0.002787381858508207 -0.9869604401089358
-3.4 0.0029041294493874835 -0.9869604401089358
-3.3899999999999997 0.0030202811893251264 -0.9869604401089358
-3.38 0.003136142644761919 -0.9869604401089358
-3.37 0.0032504992162802975 -0.9869604401089358
-3.36 0.0033627752692637156 -0.9869604401089358
-3.3499999999999996 0.003473296189182709 -0.9869604401089358
-3.34 0.003581956453055992 -0.9869604401089358
-3.33 0.003687735564905122 -0.9869604401089358
-3.3200000000000003 0.003790142688006362 -0.9869604401089358
-3.31 0.0038880556050741944 -0.9869604401089358
-3.3 0.003981540593383236 -0.9869604401089358
-3.29 0.004070000796224511 -0.9869604401089358
-3.2800000000000002 0.004153750767161594 -0.9869604401089358
-3.27 0.004233548103267224 -0.9869604401089358
-3.26 0.004308083345924643 -0.9869604401089358
-3.25 0.0043769067844887126 -0.9869604401089358
-3.24 0.004440326516132048 -0.9869604401089358
-3.23 0.004499054643578716 -0.9869604401089358
-3.2199999999999998 0.004552963284138184 -0.9869604401089358
-3.21 0.004601202640884643 -0.9869604401089358
-3.2 0.004641796130837638 -0.9869604401089358
-3.19 0.00467615431124234 -0.9869604401089358
-3.1799999999999997 0.00470462282566582 -0.9869604401089358
-3.17 0.0047293134782503046 -0.9869604401089358
-3.16 0.004751666216684946 -0.9869604401089358
-3.15 0.004770820589083263 -0.9869604401089358
-3.1399999999999997 0.004784704692091896 -0.9869604401089358
-3.13 0.00479650982140681 -0.9869604401089358
-3.12 0.004807114197658613 -0.9869604401089358
-3.11 0.004817755931213115 -0.9869604401089358
-3.0999999999999996 0.004829557041331989 -0.9869604401089358
-3.09 0.0048406786236231325 -0.9869604401089358
-3.08 0.004852652584041867 -0.9869604401089358
-3.0700000000000003 0.004869076943195703 -0.9869604401089358
-3.06 0.004889593114301819 -0.9869604401089358
-3.05 0.004915773704493747 -0.9869604401089358
-3.04 0.004949019531894552 -0.9869604401089358
-3.0300000000000002 0.004990160237252309 -0.9869604401089358
-3.02 0.005043510374693161 -0.9869604401089358
-3.01 0.005108172760035306 -0.9869604401089358
-3.0 0.005185026751370313 -0.9869604401089358
-2.9899999999999998 0.005274369512955675 -0.9869604401089358
-2.98 0.005376594378294783 -0.9869604401089358
-2.9699999999999998 0.005490975925806968 -0.9869604401089358
-2.96 0.005621074515722703 -0.9869604401089358
-2.95 0.005766130007580596 -0.9869604401089358
-2.94 0.005927068878517519 -0.9869604401089358
-2.93 0.006102722389061921 -0.9869604401089358
-2.92 0.006293209439132889 -0.9869604401089358
-2.91 0.006495303679500565 -0.9869604401089358
-2.9 0.006709644146128805 -0.9869604401089358
-2.89 0.006937896613446535 -0.9869604401089358
-2.88 0.007178612939925107 -0.9869604401089358
-2.87 0.007432525264527426 -0.9869604401089358
-2.86 0.007700315913566294 -0.9869604401089358
-2.85 0.007979226831738599 -0.9869604401089358
-2.84 0.008270748842146045 -0.9869604401089358
-2.83 0.008575849378364258 -0.9869604401089358
-2.82 0.008892968983980905 -0.9869604401089358
-2.81 0.009224097054829055 -0.9869604401089358
-2.8 0.009569468222727553 -0.9869604401089358
-2.79 0.009925394302499734 -0.9869604401089358
-2.78 0.010291283826528308 -0.9869604401089358
-2.77 0.010667251943028422 -0.9869604401089358
-2.76 0.011052531252823178 -0.9869604401089358
-2.75 0.011449373988060304 -0.9869604401089358
-2.7399999999999998 0.01185674940585827 -0.9869604401089358
-2.73 0.012271104063629122 -0.9869604401089358
-2.7199999999999998 0.012691536138291463 -0.9869604401089358
-2.71 0.013115390210984266 -0.9869604401089358
-2.6999999999999997 0.013539738021616282 -0.9869604401089358
-2.69 0.013966617076732406 -0.9869604401089358
-2.68 0.014393534002973636 -0.9869604401089358
-2.67 0.014820689691170405 -0.9869604401089358
-2.66 0.015248212100719355 -0.9869604401089358
-2.65 0.015669410529228437 -0.9869604401089358
-2.64 0.01608296926319489 -0.9869604401089358
-2.63 0.01649113304532006 -0.9869604401089358
-2.62 0.01689242984176613 -0.9869604401089358
-2.61 0.017285694940473186 -0.9869604401089358
-2.6 0.01767143749973908 -0.9869604401089358
-2.59 0.01804885457031753 -0.9869604401089358
-2.58 0.01841567874155555 -0.9869604401089358
-2.57 0.018776115730033977 -0.9869604401089358
-2.56 0.019129724749393895 -0.9869604401089358
-2.55 0.019470252802275802 -0.9869604401089358
-2.54 0.019802066926536663 -0.9869604401089358
-2.53 0.02012913766191089 -0.9869604401089358
-2.52 0.020452633094898122 -0.9869604401089358
-2.51 0.020777941324802394 -0.9869604401089358
-2.5 0.021108259103035796 -0.9869604401089358
-2.4899999999999998 0.021444439187160526 -0.9869604401089358
-2.48 0.021789599921561386 -0.9869604401089358
-2.4699999999999998 0.022146123151441783 -0.9869604401089358
-2.46 0.022516137940006332 -0.9869604401089358
-2.4499999999999997 0.022903532184430624 -0.9869604401089358
-2.44 0.023306666052338623 -0.9869604401089358
-2.43 0.023730526306417407 -0.9869604401089358
-2.42 0.02417280748141239 -0.9869604401089358
-2.41 0.024634107969289148 -0.9869604401089358
-2.4 0.025112909732960174 -0.9869604401089358
-2.39 0.025606528319349366 -0.9869604401089358
-2.38 0.026111030995905768 -0.9869604401089358
-2.37 0.026624354642803088 -0.9869604401089358
-2.36 0.027147888597902698 -0.9869604401089358
-2.35 0.027683255503954955 -0.9869604401089358
-2.34 0.028228647059129634 -0.9869604401089358
-2.33 0.02878535535658608 -0.9869604401089358
-2.32 0.029356608000025493 -0.9869604401089358
-2.31 0.029943420410896534 -0.9869604401089358
-2.3 0.030547296526246482 -0.9869604401089358
-2.29 0.031169494513875445 -0.9869604401089358
-2.28 0.031810532117541646 -0.9869604401089358
-2.27 0.03247524821415785 -0.9869604401089358
-2.26 0.0331662327447709 -0.9869604401089358
-2.25 0.03388532273182304 -0.9869604401089358
-2.2399999999999998 0.03463349283478594 -0.9869604401089358
-2.23 0.035411624496027826 -0.9869604401089358
-2.2199999999999998 0.03621801066882809 -0.9869604401089358
-2.21 0.037053000431173475 -0.9869604401089358
-2.1999999999999997 0.037910441371201885 -0.9869604401089358
-2.19 0.038788481694769825 -0.9869604401089358
-2.18 0.039694487199738324 -0.9869604401089358
-2.17 0.04062898562307565 -0.9869604401089358
-2.16 0.04159459102683806 -0.9869604401089358
-2.15 0.04258535822910071 -0.9869604401089358
-2.14 0.043591884603255394 -0.9869604401089358
-2.13 0.04460849735292834 -0.9869604401089358
-2.12 0.04563269359318711 -0.9869604401089358
-2.11 0.04666737101160372 -0.9869604401089358
-2.1 0.0477183065602772 -0.9869604401089358
-2.09 0.0487815126412264 -0.9869604401089358
-2.08 0.04985201374566255 -0.9869604401089358
-2.07 0.050922584888531866 -0.9869604401089358
-2.06 0.0519926537765902 -0.9869604401089358
-2.05 0.053062258184657 -0.9869604401089358
-2.04 0.05412943795073428 -0.9869604401089358
-2.03 0.055189633135579445 -0.9869604401089358
-2.02 0.056241766275154995 -0.9869604401089358
-2.01 0.05728656922075174 -0.9869604401089358
-2.0 0.058327350751671024 -0.9869604401089358
-1.9899999999999998 0.05936867218470401 -0.9869604401089358
-1.98 0.060402108186246285 -0.9869604401089358
-1.9699999999999998 0.06142929062239811 -0.9869604401089358
-1.96 0.062452071893693464 -0.9869604401089358
-1.9499999999999997 0.06347924576671421 -0.9869604401089358
-1.94 0.06451102143629578 -0.9869604401089358
-1.9299999999999997 0.0655517661030122 -0.9869604401089358
-1.92 0.06660412717716478 -0.9869604401089358
-1.9100000000000001 0.06767199047957115 -0.9869604401089358
-1.9 0.06875260357519894 -0.9869604401089358
-1.8900000000000001 0.06985411840504387 -0.9869604401089358
-1.88 0.07097619118452836 -0.9869604401089358
-1.87 0.07210393469340717 -0.9869604401089358
-1.8599999999999999 0.0732380396639814 -0.9869604401089358
-1.85 0.0743774075804788 -0.9869604401089358
-1.8399999999999999 0.07551611384128444 -0.9869604401089358
-1.83 0.07666401662082573 -0.9869604401089358
-1.8199999999999998 0.07781849160740963 -0.9869604401089358
-1.81 0.07896401194317548 -0.9869604401089358
-1.7999999999999998 0.08010081301716448 -0.9869604401089358
-1.79 0.0812315573512041 -0.9869604401089358
-1.7799999999999998 0.08235354949296562 -0.9869604401089358
-1.77 0.08348274891610198 -0.9869604401089358
-1.7599999999999998 0.08461861725701318 -0.9869604401089358
-1.75 0.08576409230864657 -0.9869604401089358
-1.7399999999999998 0.08691981515523327 -0.9869604401089358
-1.73 0.08808761483644997 -0.9869604401089358
-1.7199999999999998 0.08926307633352001 -0.9869604401089358
-1.71 0.09045197425012752 -0.9869604401089358
-1.6999999999999997 0.09165791778593332 -0.9869604401089358
-1.69 0.09288291338193119 -0.9869604401089358
-1.6799999999999997 0.09412511677516891 -0.9869604401089358
-1.67 0.09539036842868295 -0.9869604401089358
-1.6600000000000001 0.09668546875023083 -0.9869604401089358
-1.65 0.09800833292464338 -0.9869604401089358
-1.6400000000000001 0.09935363462314838 -0.9869604401089358
-1.63 0.10072271436420818 -0.9869604401089358
-1.62 0.10211159008598354 -0.9869604401089358
-1.6099999999999999 0.1035192680979659 -0.9869604401089358
-1.6 0.10495464182376418 -0.9869604401089358
-1.5899999999999999 0.10641449437385873 -0.9869604401089358
-1.58 0.10789873698653883 -0.9869604401089358
-1.5699999999999998 0.10940382149824154 -0.9869604401089358
-1.56 0.11092435903449431 -0.9869604401089358
-1.5499999999999998 0.11245976440469244 -0.9869604401089358
-1.54 0.11401178078986302 -0.9869604401089358
-1.5299999999999998 0.11557722394786937 -0.9869604401089358
-1.52 0.11716169197843654 -0.9869604401089358
-1.5099999999999998 0.11875847677867007 -0.9869604401089358
-1.5 0.1203693809575518 -0.9869604401089358
-1.4899999999999998 0.12199806488969812 -0.9869604401089358
-1.48 0.12363931942608301 -0.9869604401089358
-1.4699999999999998 0.12528594573914809 -0.9869604401089358
-1.46 0.12693730634622202 -0.9869604401089358
-1.4499999999999997 0.12859086735340858 -0.9869604401089358
-1.44 0.13025283477849883 -0.9869604401089358
-1.4299999999999997 0.1319178508177178 -0.9869604401089358
-1.42 0.13358606980238086 -0.9869604401089358
-1.4100000000000001 0.13524654123197785 -0.9869604401089358
-1.4 0.13691085234366193 -0.9869604401089358
-1.3900000000000001 0.1385787554501596 -0.9869604401089358
-1.38 0.14025007617488502 -0.9869604401089358
-1.37 0.14193136158510528 -0.9869604401089358
-1.3599999999999999 0.14362173726580202 -0.9869604401089358
-1.35 0.14530638069429852 -0.9869604401089358
-1.3399999999999999 0.1469904707510938 -0.9869604401089358
-1.33 0.14868181373504974 -0.9869604401089358
-1.3199999999999998 0.1503679315480792 -0.9869604401089358
-1.31 0.15205472186957517 -0.9869604401089358
-1.2999999999999998 0.1537273803156969 -0.9869604401089358
-1.29 0.15538432049780052 -0.9869604401089358
-1.2799999999999998 0.1570259987887264 -0.9869604401089358
-1.27 0.15865376700674957 -0.9869604401089358
-1.2599999999999998 0.16026297090464586 -0.9869604401089358
-1.25 0.16185940938006746 -0.9869604401089358
-1.2399999999999998 0.16344505524680222 -0.9869604401089358
-1.23 0.1650136144790749 -0.9869604401089358
-1.2199999999999998 0.16656358449382289 -0.9869604401089358
-1.21 0.16808909277664782 -0.9869604401089358
-1.1999999999999997 0.16958854768981202 -0.9869604401089358
-1.19 0.17106316673618102 -0.9869604401089358
-1.1799999999999997 0.172528928999951 -0.9869604401089358
-1.17 0.1739770645076669 -0.9869604401089358
-1.1600000000000001 0.17541359429253872 -0.9869604401089358
-1.15 0.176821198327643 -0.9869604401089358
-1.1400000000000001 0.1781960980944653 -0.9869604401089358
-1.13 0.1795490204375586 -0.9869604401089358
-1.12 0.18088947144950968 -0.9869604401089358
-1.1099999999999999 0.18222061884329802 -0.9869604401089358
-1.1 0.18354535261811747 -0.9869604401089358
-1.0899999999999999 0.18485253001936805 -0.9869604401089358
-1.08 0.18614286705479713 -0.9869604401089358
-1.0699999999999998 0.18742290959397742 -0.9869604401089358
-1.06 0.18869473802866296 -0.9869604401089358
-1.0499999999999998 0.18996507161129575 0.0
-1.04 0.1916016805523788 0.0
-1.0299999999999998 0.1936168599538504 0.0
-1.02 0.19601940106027677 0.0
-1.0099999999999998 0.1988210678426794 0.0
-1.0 0.20203509069468778 -0.9869604401089358
-0.9900000000000002 0.2052800816290577 -0.9869604401089358
-0.9799999999999995 0.2085474301945964 -0.9869604401089358
-0.9699999999999998 0.21186158648018324 -0.9869604401089358
-0.96 0.21522147055050952 -0.9869604401089358
-0.9500000000000002 0.21862787911311893 -0.9869604401089358
-0.9399999999999995 0.22207195403367438 -0.9869604401089358
-0.9299999999999997 0.22555146332175277 -0.9869604401089358
-0.9199999999999999 0.2290586599276413 -0.9869604401089358
-0.9100000000000001 0.23260800813345994 -0.9869604401089358
-0.9000000000000004 0.2362003242145319 -0.9869604401089358
-0.8899999999999997 0.23982186895251623 -0.9869604401089358
-0.8799999999999999 0.24345858945094961 -0.9869604401089358
-0.8700000000000001 0.24710226955973905 -0.9869604401089358
-0.8600000000000003 0.25075666468496904 -0.9869604401089358
-0.8499999999999996 0.2544210726657917 -0.9869604401089358
-0.8399999999999999 0.2581078234990508 -0.9869604401089358
-0.8300000000000001 0.2617978108587359 -0.9869604401089358
-0.8200000000000003 0.26547538724796904 -0.9869604401089358
-0.8099999999999996 0.26913784297081983 -0.9869604401089358
-0.7999999999999998 0.27278328499585447 -0.9869604401089358
-0.79 0.27641750774985413 -0.9869604401089358
-0.7800000000000002 0.28004480530717224 -0.9869604401089358
-0.7699999999999996 0.28366444745141156 -0.9869604401089358
-0.7599999999999998 0.2872684183242995 -0.9869604401089358
-0.75 0.2908584792583631 -0.9869604401089358
-0.7400000000000002 0.2944341362663224 -0.9869604401089358
-0.7299999999999995 0.297994271858357 -0.9869604401089358
-0.7199999999999998 0.30153230155748617 -0.9869604401089358
-0.71 0.30505198981236425 -0.9869604401089358
-0.7000000000000002 0.30855603662714803 -0.9869604401089358
-0.6899999999999995 0.3120336668868438 -0.9869604401089358
-0.6799999999999997 0.3154905644911962 -0.9869604401089358
-0.6699999999999999 0.3189098933360523 -0.9869604401089358
-0.6600000000000001 0.322280505978819 -0.9869604401089358
-0.6499999999999995 0.3255938635400762 -0.9869604401089358
-0.6399999999999997 0.3288600647289503 -0.9869604401089358
-0.6299999999999999 0.3320560801051638 -0.9869604401089358
-0.6200000000000001 0.3351853758381895 -0.9869604401089358
-0.6100000000000003 0.33823678219170233 -0.9869604401089358
-0.5999999999999996 0.34119824469565024 -0.9869604401089358
-0.5899999999999999 0.3440678229709102 -0.9869604401089358
-0.5800000000000001 0.34686299491885364 -0.9869604401089358
-0.5700000000000003 0.349570436552764 -0.9869604401089358
-0.5599999999999996 0.3521939825889984 -0.9869604401089358
-0.5499999999999998 0.3547351532622071 -0.9869604401089358
-0.54 0.3571823016683674 -0.9869604401089358
-0.5300000000000002 0.3595327106758929 -0.9869604401089358
-0.5199999999999996 0.36179467952408073 -0.9869604401089358
-0.5099999999999998 0.363970745613205 -0.9869604401089358
-0.5 0.36605923353825287 -0.9869604401089358
-0.4900000000000002 0.36807632919963457 -0.9869604401089358
-0.47999999999999954 0.37002310284337764 -0.9869604401089358
-0.46999999999999975 0.3718969637380109 -0.9869604401089358
-0.45999999999999996 0.37371439411297747 -0.9869604401089358
-0.4500000000000002 0.3754904839979081 -0.9869604401089358
-0.4399999999999995 0.37723679804213217 -0.9869604401089358
-0.4299999999999997 0.3789701968152958 -0.9869604401089358
-0.41999999999999993 0.3806989370075529 -0.9869604401089358
-0.41000000000000014 0.3824216474135346 -0.9869604401089358
-0.39999999999999947 0.3841349972573943 -0.9869604401089358
-0.3899999999999997 0.38586442875626925 -0.9869604401089358
-0.3799999999999999 0.3876089428988532 -0.9869604401089358
-0.3700000000000001 0.389368721218862 -0.9869604401089358
-0.3600000000000003 0.39115093031434806 -0.9869604401089358
-0.34999999999999964 0.392937640668029 -0.9869604401089358
-0.33999999999999986 0.39471789032019905 -0.9869604401089358
-0.33000000000000007 0.39650331712080494 -0.9869604401089358
-0.3200000000000003 0.3982836065763814 -0.9869604401089358
-0.3099999999999996 0.4000377939407057 -0.9869604401089358
-0.2999999999999998 0.40176899427261076 -0.9869604401089358
-0.29000000000000004 0.4034563821877267 -0.9869604401089358
-0.28000000000000025 0.4051014550249646 -0.9869604401089358
-0.2699999999999996 0.40670973595674603 -0.9869604401089358
-0.2599999999999998 0.40828703169973096 -0.9869604401089358
-0.25 0.4098151594043718 -0.9869604401089358
-0.2400000000000002 0.4113059109231758 -0.9869604401089358
-0.22999999999999954 0.41276069802410453 -0.9869604401089358
-0.21999999999999975 0.41418811571994807 -0.9869604401089358
-0.20999999999999996 0.41559584290827156 -0.9869604401089358
-0.20000000000000018 0.4169846639840192 -0.9869604401089358
-0.1899999999999995 0.41834623988160746 -0.9869604401089358
-0.17999999999999972 0.41968716020860636 -0.9869604401089358
-0.16999999999999993 0.42102141320808323 -0.9869604401089358
-0.16000000000000014 0.42235754293199246 -0.9869604401089358
-0.14999999999999947 0.4236828929846215 -0.9869604401089358
-0.13999999999999968 0.42498566936815413 -0.9869604401089358
-0.1299999999999999 0.4262421548261107 -0.9869604401089358
-0.1200000000000001 0.42744635381306134 -0.9869604401089358
-0.11000000000000032 0.42860061939707816 -0.9869604401089358
-0.09999999999999964 0.4297053658996813 -0.9869604401089358
-0.08999999999999986 0.43073642280273755 -0.9869604401089358
-0.08000000000000007 0.4316793007880542 -0.9869604401089358
-0.07000000000000028 0.43251869353080813 -0.9869604401089358
-0.05999999999999961 0.43325649048611703 -0.9869604401089358
-0.04999999999999982 0.4338926619487475 -0.9869604401089358
-0.040000000000000036 0.4344299160776773 -0.9869604401089358
-0.03000000000000025 0.43484200511972837 -0.9869604401089358
-0.019999999999999574 0.4351181795239981 -0.9869604401089358
-0.009999999999999787 0.43525949326199 -0.9869604401089358
0.0 0.43526818295632613 -0.9869604401089358
0.009999999999999787 0.4351578468249844 -0.9869604401089358
0.020000000000000462 0.4349219327163762 -0.9869604401089358
0.03000000000000025 0.4345506752042914 -0.9869604401089358
0.040000000000000036 0.4340483298389095 -0.9869604401089358
0.04999999999999982 0.4334175003592082 -0.9869604401089358
0.0600000000000005 0.4326821239963691 -0.9869604401089358
0.07000000000000028 0.43184435142813193 -0.9869604401089358
0.08000000000000007 0.4309085890426074 -0.9869604401089358
0.08999999999999986 0.42987670090002145 -0.9869604401089358
0.10000000000000053 0.42877010478200994 -0.9869604401089358
0.11000000000000032 0.427603162857464 -0.9869604401089358
0.1200000000000001 0.4263985127483217 -0.9869604401089358
0.1299999999999999 0.42516163480753577 -0.9869604401089358
0.13999999999999968 0.4238921183125871 -0.9869604401089358
0.15000000000000036 0.4225970853214014 -0.9869604401089358
0.16000000000000014 0.42130415128138965 -0.9869604401089358
0.16999999999999993 0.42001712188339074 -0.9869604401089358
0.17999999999999972 0.41873994854959956 -0.9869604401089358
0.1900000000000004 0.4174650986200294 -0.9869604401089358
0.20000000000000018 0.4161694135301314 -0.9869604401089358
0.20999999999999996 0.4148517092054258 -0.9869604401089358
0.21999999999999975 0.4135256617557133 -0.9869604401089358
0.23000000000000043 0.41218153388125434 -0.9869604401089358
0.2400000000000002 0.41081619062252045 -0.9869604401089358
0.25 0.40941179232974606 -0.9869604401089358
0.2599999999999998 0.4079630185469457 -0.9869604401089358
0.27000000000000046 0.40646338084801836 -0.9869604401089358
0.28000000000000025 0.40493239175517276 -0.9869604401089358
0.29000000000000004 0.4033675827766398 -0.9869604401089358
0.2999999999999998 0.4017658844412837 -0.9869604401089358
0.3100000000000005 0.40012432950954846 -0.9869604401089358
0.3200000000000003 0.39845714281131545 -0.9869604401089358
0.33000000000000007 0.39676821721914385 -0.9869604401089358
0.33999999999999986 0.3950752866100372 -0.9869604401089358
0.35000000000000053 0.3933903353169554 -0.9869604401089358
0.3600000000000003 0.3917041415098346 -0.9869604401089358
0.3700000000000001 0.39001587966905776 -0.9869604401089358
0.3799999999999999 0.38833615852007936 -0.9869604401089358
0.3899999999999997 0.38665739977527497 -0.9869604401089358
0.40000000000000036 0.3849708781895427 -0.9869604401089358
0.41000000000000014 0.38328727749956154 -0.9869604401089358
0.41999999999999993 0.38158709575033806 -0.9869604401089358
0.4299999999999997 0.3798672459631466 -0.9869604401089358
0.4400000000000004 0.37813554968077073 -0.9869604401089358
0.4500000000000002 0.37637485089644857 -0.9869604401089358
0.45999999999999996 0.3745662769868441 -0.9869604401089358
0.46999999999999975 0.37270679530066775 -0.9869604401089358
0.4800000000000004 0.37078409097396126 -0.9869604401089358
0.4900000000000002 0.36878623791471976 -0.9869604401089358
0.5 0.3667200661987245 -0.9869604401089358
0.5099999999999998 0.3645794131979779 -0.9869604401089358
0.5200000000000005 0.36234352353944116 -0.9869604401089358
0.5300000000000002 0.36002058274811627 -0.9869604401089358
0.54 0.35760745321114035 -0.9869604401089358
0.5499999999999998 0.3551006258501482 -0.9869604401089358
0.5600000000000005 0.3525083933998375 -0.9869604401089358
0.5700000000000003 0.34982903189870884 -0.9869604401089358
0.5800000000000001 0.3470581224302985 -0.9869604401089358
0.5899999999999999 0.34418807803624724 -0.9869604401089358
0.6000000000000005 0.34122932121549676 -0.9869604401089358
0.6100000000000003 0.33817656156925996 -0.9869604401089358
0.6200000000000001 0.3350413264300906 -0.9869604401089358
0.6299999999999999 0.33183281831548583 -0.9869604401089358
0.6399999999999997 0.32856804598401995 -0.9869604401089358
0.6500000000000004 0.3252331868382523 -0.9869604401089358
0.6600000000000001 0.321849565928666 -0.9869604401089358
0.6699999999999999 0.318414746111032 -0.9869604401089358
0.6799999999999997 0.3149409720858382 -0.9869604401089358
0.6900000000000004 0.31144569660752586 -0.9869604401089358
0.7000000000000002 0.30794663516096515 -0.9869604401089358
0.71 0.30443140255654366 -0.9869604401089358
0.7199999999999998 0.3009017195024712 -0.9869604401089358
0.7300000000000004 0.2973580929669887 -0.9869604401089358
0.7400000000000002 0.29379687384963243 -0.9869604401089358
0.75 0.29023233478936245 -0.9869604401089358
0.7599999999999998 0.2866693897745256 -0.9869604401089358
0.7700000000000005 0.2830995965189267 -0.9869604401089358
0.7800000000000002 0.2795130795792051 -0.9869604401089358
0.79 0.2759123907297269 -0.9869604401089358
0.7999999999999998 0.27229451216783845 -0.9869604401089358
0.8100000000000005 0.2686651898019817 -0.9869604401089358
0.8200000000000003 0.2650292724039987 -0.9869604401089358
0.8300000000000001 0.2613898991185229 -0.9869604401089358
0.8399999999999999 0.25774817574291536 -0.9869604401089358
0.8500000000000005 0.25411111018319293 -0.9869604401089358
0.8600000000000003 0.25049039386755717 -0.9869604401089358
0.8700000000000001 0.2468774840246884 -0.9869604401089358
0.8799999999999999 0.24327764950247133 -0.9869604401089358
0.8899999999999997 0.23969353650623915 -0.9869604401089358
0.9000000000000004 0.23613266334098926 -0.9869604401089358
0.9100000000000001 0.23260586842384484 -0.9869604401089358
0.9199999999999999 0.2291122422003359 -0.9869604401089358
0.9299999999999997 0.22565101634449103 -0.9869604401089358
0.9400000000000004 0.22221117265974974 -0.9869604401089358
0.9500000000000002 0.21880505140425469 -0.9869604401089358
0.96 0.21544367944157092 -0.9869604401089358
0.9699999999999998 0.2121312085803213 -0.9869604401089358
0.9800000000000004 0.20885780764908118 -0.9869604401089358
0.9900000000000002 0.20561899062821157 -0.9869604401089358
1.0 0.20238704080521114 -0.9869604401089358
1.0099999999999998 0.19917314345005394 0.0
1.0200000000000005 0.19637607116556108 0.0
1.0300000000000002 0.19398352338407898 0.0
1.04 0.19198285146592847 0.0
1.0499999999999998 0.19036102775710378 0.0
1.0600000000000005 0.18909526380293398 -0.9869604401089358
1.0700000000000003 0.1878168915084384 -0.9869604401089358
1.08 0.18652746011211574 -0.9869604401089358
1.0899999999999999 0.1852280023515283 -0.9869604401089358
1.1000000000000005 0.18391586283553282 -0.9869604401089358
1.1100000000000003 0.18259130270472343 -0.9869604401089358
1.12 0.18125110733135388 -0.9869604401089358
1.13 0.17989190849756387 -0.9869604401089358
1.1400000000000006 0.17851327641717482 -0.9869604401089358
1.1500000000000004 0.17710560508858428 -0.9869604401089358
1.1600000000000001 0.17567362564564803 -0.9869604401089358
1.17 0.17421870863408725 -0.9869604401089358
1.1799999999999997 0.17274904638191058 -0.9869604401089358
1.1900000000000004 0.17125620483779042 -0.9869604401089358
1.2000000000000002 0.1697446748396804 -0.9869604401089358
1.21 0.1681980247646605 -0.9869604401089358
1.2199999999999998 0.16662779983200593 -0.9869604401089358
1.2300000000000004 0.16503852283284062 -0.9869604401089358
1.2400000000000002 0.16343894911081883 -0.9869604401089358
1.25 0.16183132065705055 -0.9869604401089358
1.2599999999999998 0.1602055604824734 -0.9869604401089358
1.2700000000000005 0.15856104102365115 -0.9869604401089358
1.2800000000000002 0.1569004922120345 -0.9869604401089358
1.29 0.15522959839574296 -0.9869604401089358
1.2999999999999998 0.15354875693711012 -0.9869604401089358
1.3100000000000005 0.1518609296840116 -0.9869604401089358
1.3200000000000003 0.1501618162718743 -0.9869604401089358
1.33 0.1484635925574578 -0.9869604401089358
1.3399999999999999 0.14675569197105331 -0.9869604401089358
1.3500000000000005 0.14505113299846203 -0.9869604401089358
1.3600000000000003 0.1433572035438764 -0.9869604401089358
1.37 0.14166607537612128 -0.9869604401089358
1.38 0.13998355561877235 -0.9869604401089358
1.3900000000000006 0.13830929239888337 -0.9869604401089358
1.4000000000000004 0.1366382016343968 -0.9869604401089358
1.4100000000000001 0.13496679855492788 -0.9869604401089358
1.42 0.1332967348373887 -0.9869604401089358
1.4299999999999997 0.1316235945081201 -0.9869604401089358
1.4400000000000004 0.12996337765599864 -0.9869604401089358
1.4500000000000002 0.128314693086052 -0.9869604401089358
1.46 0.12667299516677305 -0.9869604401089358
1.4699999999999998 0.1250313336313899 -0.9869604401089358
1.4800000000000004 0.12339869384025985 -0.9869604401089358
1.4900000000000002 0.12177529455499644 -0.9869604401089358
1.5 0.12016557834458384 -0.9869604401089358
1.5099999999999998 0.11857783495996267 -0.9869604401089358
1.5200000000000005 0.11701007426886977 -0.9869604401089358
1.5300000000000002 0.11545337177938476 -0.9869604401089358
1.54 0.11391415809683406 -0.9869604401089358
1.5499999999999998 0.11238810132498835 -0.9869604401089358
1.5600000000000005 0.11087713251895082 -0.9869604401089358
1.5700000000000003 0.10938369622765598 -0.9869604401089358
1.58 0.10790419674597969 -0.9869604401089358
1.5899999999999999 0.1064396357109375 -0.9869604401089358
1.6000000000000005 0.10499759626844375 -0.9869604401089358
1.6100000000000003 0.10357617890878335 -0.9869604401089358
1.62 0.10218007401121154 -0.9869604401089358
1.63 0.10080702112872256 -0.9869604401089358
1.6400000000000006 0.09944979405943846 -0.9869604401089358
1.6500000000000004 0.09811700113008766 -0.9869604401089358
1.6600000000000001 0.0968135103760829 -0.9869604401089358
1.67 0.09553566131957919 -0.9869604401089358
1.6799999999999997 0.09428577358361444 -0.9869604401089358
1.6900000000000004 0.09306297605950399 -0.9869604401089358
1.7000000000000002 0.09185617674697598 -0.9869604401089358
1.71 0.09066710034386001 -0.9869604401089358
1.7199999999999998 0.08949033396027442 -0.9869604401089358
1.7300000000000004 0.08832098956165092 -0.9869604401089358
1.7400000000000002 0.08716370209419666 -0.9869604401089358
1.75 0.08601869654104918 -0.9869604401089358
1.7599999999999998 0.0848734619214073 -0.9869604401089358
1.7700000000000005 0.08373764607306323 -0.9869604401089358
1.7800000000000002 0.0826037246128419 -0.9869604401089358
1.79 0.08146711172382258 -0.9869604401089358
1.7999999999999998 0.08032071564900772 -0.9869604401089358
1.8100000000000005 0.07916537362242645 -0.9869604401089358
1.8200000000000003 0.07800319243230522 -0.9869604401089358
1.83 0.07683631561749743 -0.9869604401089358
1.8399999999999999 0.07567183059608373 -0.9869604401089358
1.8500000000000005 0.0745146696312474 -0.9869604401089358
1.8600000000000003 0.07335952827469658 -0.9869604401089358
1.87 0.07220926656419083 -0.9869604401089358
1.88 0.07107196197770903 -0.9869604401089358
1.8900000000000006 0.06994369558148543 -0.9869604401089358
1.9000000000000004 0.0688302270745019 -0.9869604401089358
1.9100000000000001 0.06773610479906071 -0.9869604401089358
1.92 0.06665112769729672 -0.9869604401089358
1.9299999999999997 0.0655746576525733 -0.9869604401089358
1.9400000000000004 0.06450958708907481 -0.9869604401089358
1.9500000000000002 0.0634570033801995 -0.9869604401089358
1.96 0.06241279892356186 -0.9869604401089358
1.9699999999999998 0.06137110958799098 -0.9869604401089358
1.9800000000000004 0.060317342748324156 -0.9869604401089358
1.9900000000000002 0.059254555094104384 -0.9869604401089358
2.0 0.058187935502204906 -0.9869604401089358
2.01 0.05712399331813607 -0.9869604401089358
2.0200000000000005 0.056062342532509274 -0.9869604401089358
2.0300000000000002 0.05500086761740811 -0.9869604401089358
2.04 0.053935187073251276 -0.9869604401089358
2.05 0.05286315406539416 -0.9869604401089358
2.0600000000000005 0.0517885448743226 -0.9869604401089358
2.0700000000000003 0.05071671800843521 -0.9869604401089358
2.08 0.04965065517909189 -0.9869604401089358
2.09 0.0485895578211908 -0.9869604401089358
2.1000000000000005 0.04753784333985789 -0.9869604401089358
2.1100000000000003 0.046494488302047755 -0.9869604401089358
2.12 0.04546011205557872 -0.9869604401089358
2.13 0.04443526143659867 -0.9869604401089358
2.1400000000000006 0.04341930762731678 -0.9869604401089358
2.1500000000000004 0.042414055745787355 -0.9869604401089358
2.16 0.04142847395549614 -0.9869604401089358
2.17 0.04047000111256933 -0.9869604401089358
2.1799999999999997 0.03954396055332395 -0.9869604401089358
2.1900000000000004 0.03864335933039239 -0.9869604401089358
2.2 0.03776834876449846 -0.9869604401089358
2.21 0.03692092273966998 -0.9869604401089358
2.2199999999999998 0.036102745600332546 -0.9869604401089358
2.2300000000000004 0.035316545297168385 -0.9869604401089358
2.24 0.034561012574007115 -0.9869604401089358
2.25 0.033835987251579366 -0.9869604401089358
2.26 0.03313905155367349 -0.9869604401089358
2.2700000000000005 0.03247025154664161 -0.9869604401089358
2.2800000000000002 0.0318282419733649 -0.9869604401089358
2.29 0.031209961937093356 -0.9869604401089358
2.3 0.03061026091665199 -0.9869604401089358
2.3100000000000005 0.030026537381844617 -0.9869604401089358
2.3200000000000003 0.029455231229958613 -0.9869604401089358
2.33 0.028893827799179317 -0.9869604401089358
2.34 0.028343490196673246 -0.9869604401089358
2.3500000000000005 0.027806467827791795 -0.9869604401089358
2.3600000000000003 0.027280940677305285 -0.9869604401089358
2.37 0.026765166060861278 -0.9869604401089358
2.38 0.026258846087634544 -0.9869604401089358
2.3900000000000006 0.02576232072506683 -0.9869604401089358
2.4000000000000004 0.02527590637064704 -0.9869604401089358
2.41 0.024803152594751472 -0.9869604401089358
2.42 0.024347079426164073 -0.9869604401089358
2.4299999999999997 0.02391206781283258 -0.9869604401089358
2.4400000000000004 0.023494319155295706 -0.9869604401089358
2.45 0.023094340330578153 -0.9869604401089358
2.46 0.022708000334829462 -0.9869604401089358
2.4699999999999998 0.022334793932381455 -0.9869604401089358
2.4800000000000004 0.021972862975203396 -0.9869604401089358
2.49 0.021620920638217283 -0.9869604401089358
2.5 0.021274033671667913 -0.9869604401089358
2.51 0.020929383413896212 -0.9869604401089358
2.5200000000000005 0.020588373394587214 -0.9869604401089358
2.5300000000000002 0.020248864254936216 -0.9869604401089358
2.54 0.019905583702077716 -0.9869604401089358
2.55 0.01955536103694835 -0.9869604401089358
2.5600000000000005 0.019195815754041765 -0.9869604401089358
2.5700000000000003 0.01882624890696314 -0.9869604401089358
2.58 0.018450424620138697 -0.9869604401089358
2.59 0.018068488617451924 -0.9869604401089358
2.6000000000000005 0.01767912143741125 -0.9869604401089358
2.6100000000000003 0.017283664934201623 -0.9869604401089358
2.62 0.01687999614321054 -0.9869604401089358
2.63 0.016467634478385323 -0.9869604401089358
2.6400000000000006 0.016046377222401566 -0.9869604401089358
2.6500000000000004 0.015618208869286864 -0.9869604401089358
2.66 0.01518427787053909 -0.9869604401089358
2.67 0.014745283827371437 -0.9869604401089358
2.6799999999999997 0.01430543879821175 -0.9869604401089358
2.6900000000000004 0.013864400765117529 -0.9869604401089358
2.7 0.013421747704459114 -0.9869604401089358
2.71 0.012982920898980352 -0.9869604401089358
2.7199999999999998 0.012546952890990368 -0.9869604401089358
2.7300000000000004 0.012115552023593252 -0.9869604401089358
2.74 0.011694559437290522 -0.9869604401089358
2.75 0.011284330375486226 -0.9869604401089358
2.76 0.010883786849693135 -0.9869604401089358
2.7700000000000005 0.010494247957046903 -0.9869604401089358
2.7800000000000002 0.010115913757054156 -0.9869604401089358
2.79 0.009750438579670008 -0.9869604401089358
2.8 0.009399462142907829 -0.9869604401089358
2.8100000000000005 0.009063132046356883 -0.9869604401089358
2.8200000000000003 0.008741115759345238 -0.9869604401089358
2.83 0.00843278188484594 -0.9869604401089358
2.84 0.00813722612147936 -0.9869604401089358
2.8500000000000005 0.007855172143520828 -0.9869604401089358
2.8600000000000003 0.007586913230430509 -0.9869604401089358
2.87 0.007331434354725698 -0.9869604401089358
2.88 0.007091419523461978 -0.9869604401089358
2.8900000000000006 0.006866128405073769 -0.9869604401089358
2.9000000000000004 0.006651824744374521 -0.9869604401089358
2.91 0.006449933861228166 -0.9869604401089358
2.92 0.006262656799434099 -0.9869604401089358
2.9300000000000006 0.006088600661491597 -0.9869604401089358
2.9400000000000004 0.005930512304851809 -0.9869604401089358
2.95 0.005787824917003198 -0.9869604401089358
2.96 0.005659742567661512 -0.9869604401089358
2.9699999999999998 0.0055437124833965234 -0.9869604401089358
2.9800000000000004 0.005442051303568351 -0.9869604401089358
2.99 0.005352081768528704 -0.9869604401089358
3.0 0.005273520197687367 -0.9869604401089358
3.01 0.005207131675568056 -0.9869604401089358
3.0199999999999996 0.0051532969777801025 -0.9869604401089358
3.0299999999999994 0.005109283154441397 -0.9869604401089358
3.040000000000001 0.005074633610324589 -0.9869604401089358
3.0500000000000007 0.005045532844696337 -0.9869604401089358
3.0600000000000005 0.0050218974674596075 -0.9869604401089358
3.0700000000000003 0.005004446049522464 -0.9869604401089358
3.08 0.004989830444940741 -0.9869604401089358
3.09 0.004977507965842715 -0.9869604401089358
3.0999999999999996 0.004965773159342949 -0.9869604401089358
3.1099999999999994 0.004952683627499625 -0.9869604401089358
3.120000000000001 0.004939713003501497 -0.9869604401089358
3.130000000000001 0.004926604134334429 -0.9869604401089358
3.1400000000000006 0.004910910026052782 -0.9869604401089358
3.1500000000000004 0.004892525933416008 -0.9869604401089358
3.16 0.004869648321827492 -0.9869604401089358
3.17 0.004840531503643537 -0.9869604401089358
3.1799999999999997 0.0048059644981262055 -0.9869604401089358
3.1899999999999995 0.004767060615177794 -0.9869604401089358
3.1999999999999993 0.004721101617860731 -0.9869604401089358
3.210000000000001 0.004667857605066814 -0.9869604401089358
3.2200000000000006 0.004607563935739964 -0.9869604401089358
3.2300000000000004 0.004541922758238531 -0.9869604401089358
3.24 0.004472344204953386 -0.9869604401089358
3.25 0.004398211567900199 -0.9869604401089358
3.26 0.0043174592793640415 -0.9869604401089358
3.2699999999999996 0.004231126725276445 -0.9869604401089358
3.2799999999999994 0.004138848307460914 -0.9869604401089358
3.290000000000001 0.004042476578481775 -0.9869604401089358
3.3000000000000007 0.003943921939574281 -0.9869604401089358
3.3100000000000005 0.0038412045915922127 -0.9869604401089358
3.3200000000000003 0.0037332329263299506 -0.9869604401089358
3.33 0.00362097593263625 -0.9869604401089358
3.34 0.0035060998713418987 -0.9869604401089358
3.3499999999999996 0.003388901049626701 -0.9869604401089358
3.3599999999999994 0.0032707360751260935 -0.9869604401089358
3.370000000000001 0.003152001520646141 -0.9869604401089358
3.380000000000001 0.0030323282699887314 -0.9869604401089358
3.3900000000000006 0.002911708021023451 -0.9869604401089358
3.4000000000000004 0.0027917997689838334 -0.9869604401089358
3.41 0.0026724684415814974 -0.9869604401089358
3.42 0.002555728842703541 -0.9869604401089358
3.4299999999999997 0.0024439908504683607 -0.9869604401089358
3.4399999999999995 0.002337781831108493 -0.9869604401089358
3.4499999999999993 0.002237081257863436 -0.9869604401089358
3.460000000000001 0.002140953344530397 -0.9869604401089358
3.4700000000000006 0.002050586851892755 -0.9869604401089358
3.4800000000000004 0.0019663013331619695 -0.9869604401089358
3.49 0.0018884666898961687 -0.9869604401089358
3.5 0.001816565140367002 -0.9869604401089358
3.51 0.0017512412312704446 -0.9869604401089358
3.5199999999999996 0.00169164231743342 -0.9869604401089358
3.5299999999999994 0.0016391090144717798 -0.9869604401089358
3.540000000000001 0.0015924746027125745 -0.9869604401089358
3.5500000000000007 0.0015506922742619103 -0.9869604401089358
3.5600000000000005 0.001513333108521361 -0.9869604401089358
3.5700000000000003 0.0014816386709912551 -0.9869604401089358
3.58 0.00145478294532407 -0.9869604401089358
3.59 0.0014331419683641924 -0.9869604401089358
3.5999999999999996 0.0014173328501480122 -0.9869604401089358
3.6099999999999994 0.0014071158094390655 -0.9869604401089358
3.620000000000001 0.0014021328961928243 -0.9869604401089358
3.630000000000001 0.0014022816598137724 -0.9869604401089358
3.6400000000000006 0.0014079112861579476 -0.9869604401089358
3.6500000000000004 0.001418356953023055 -0.9869604401089358
3.66 0.0014325546111478222 -0.9869604401089358
3.67 0.001450625510117066 -0.9869604401089358
3.6799999999999997 0.0014725246267888134 -0.9869604401089358
3.6899999999999995 0.0014971356428749828 -0.9869604401089358
3.700000000000001 0.0015255559625630812 -0.9869604401089358
3.710000000000001 0.0015570077138838741 -0.9869604401089358
3.7200000000000006 0.0015894436957005005 -0.9869604401089358
3.7300000000000004 0.0016219062694175182 -0.9869604401089358
3.74 0.0016549081588543137 -0.9869604401089358
3.75 0.0016885668064566266 -0.9869604401089358
3.76 0.0017241383319028844 -0.9869604401089358
3.7699999999999996 0.0017615611701983518 -0.9869604401089358
3.7799999999999994 0.001800393335748065 -0.9869604401089358
3.790000000000001 0.0018378855866538998 -0.9869604401089358
3.8000000000000007 0.0018734787374233993 -0.9869604401089358
3.8100000000000005 0.001907887328046393 -0.9869604401089358
3.8200000000000003 0.0019419416423604795 -0.9869604401089358
3.83 0.0019755427125495977 -0.9869604401089358
3.84 0.0020085366668634525 -0.9869604401089358
3.8499999999999996 0.002040205573916685 -0.9869604401089358
3.8599999999999994 0.0020695899250428615 -0.9869604401089358
3.870000000000001 0.0020959475943548955 -0.9869604401089358
3.880000000000001 0.002119748161515015 -0.9869604401089358
3.8900000000000006 0.0021407189243003947 -0.9869604401089358
3.9000000000000004 0.002157953902619063 -0.9869604401089358
3.91 0.002171229406051518 -0.9869604401089358
3.92 0.002180651325867907 -0.9869604401089358
3.9299999999999997 0.0021849939288047585 -0.9869604401089358
3.9399999999999995 0.0021856697797223924 -0.9869604401089358
3.950000000000001 0.0021819903395189997 -0.9869604401089358
3.960000000000001 0.002173147488481506 -0.9869604401089358
3.9700000000000006 0.0021596670484402966 -0.9869604401089358
3.9800000000000004 0.0021422999387094768 -0.9869604401089358
3.99 0.002120531744721348 -0.9869604401089358
4.0 0.0020957510526939194 -0.9869604401089358
4.01 0.002068121290959177 -0.9869604401089358
4.02 0.0020386687558676523 -0.9869604401089358
4.029999999999999 0.0020096294954247943 -0.9869604401089358
4.040000000000001 0.0019797999853348658 -0.9869604401089358
4.050000000000001 0.0019478956417040981 -0.9869604401089358
4.0600000000000005 0.0019138762659227132 -0.9869604401089358
4.07 0.0018774599155052109 -0.9869604401089358
4.08 0.0018395384325587297 -0.9869604401089358
4.09 0.0018000480018924912 -0.9869604401089358
4.1 0.0017580157588913531 -0.9869604401089358
4.109999999999999 0.0017132844565996826 -0.9869604401089358
4.120000000000001 0.0016673435807120654 -0.9869604401089358
4.130000000000001 0.0016194244093766686 -0.9869604401089358
4.140000000000001 0.0015696901787602894 -0.9869604401089358
4.15 0.001517967035008263 -0.9869604401089358
4.16 0.001464162881921998 -0.9869604401089358
4.17 0.0014089469589700747 -0.9869604401089358
4.18 0.0013535349308646761 -0.9869604401089358
4.1899999999999995 0.0012972468019106398 -0.9869604401089358
4.200000000000001 0.0012405855167685652 -0.9869604401089358
4.210000000000001 0.0011841496338997153 -0.9869604401089358
4.220000000000001 0.0011281487481166737 -0.9869604401089358
4.23 0.0010724700475091987 -0.9869604401089358
4.24 0.0010179359678747627 -0.9869604401089358
4.25 0.0009643060817608522 -0.9869604401089358
4.26 0.0009123462636476148 -0.9869604401089358
4.27 0.0008629120753883492 -0.9869604401089358
4.279999999999999 0.0008161114618660689 -0.9869604401089358
4.290000000000001 0.000771895427722532 -0.9869604401089358
4.300000000000001 0.0007310986135159745 -0.9869604401089358
4.3100000000000005 0.000693969965283296 -0.9869604401089358
4.32 0.0006616179934427274 -0.9869604401089358
4.33 0.000634669986743012 -0.9869604401089358
4.34 0.0006129975445416567 -0.9869604401089358
4.35 0.0005963781197273007 -0.9869604401089358
4.359999999999999 0.0005856892235642314 -0.9869604401089358
4.370000000000001 0.0005807864349635155 -0.9869604401089358
4.380000000000001 0.0005828081308790576 -0.9869604401089358
4.390000000000001 0.0005919233311573028 -0.9869604401089358
4.4 0.0006076150534126266 -0.9869604401089358
4.41 0.0006304836068584014 -0.9869604401089358
4.42 0.0006604764987946979 -0.9869604401089358
4.43 0.0006964730827240492 -0.9869604401089358
4.4399999999999995 0.0007379922728521528 -0.9869604401089358
4.450000000000001 0.000785294023979637 -0.9869604401089358
4.460000000000001 0.0008367708603637212 -0.9869604401089358
4.470000000000001 0.0008920168888726554 -0.9869604401089358
4.48 0.0009499138117715383 -0.9869604401089358
4.49 0.0010091879456245831 -0.9869604401089358
4.5 0.0010688061522499779 -0.9869604401089358
4.51 0.001128396029762488 -0.9869604401089358
4.52 0.0011870730524876749 -0.9869604401089358
4.529999999999999 0.0012444831839216967 -0.9869604401089358
4.540000000000001 0.0013013653227923634 -0.9869604401089358
4.550000000000001 0.001358278848334769 -0.9869604401089358
4.5600000000000005 0.0014145004613208493 -0.9869604401089358
4.57 0.0014685641506442138 -0.9869604401089358
4.58 0.0015197058315713518 -0.9869604401089358
4.59 0.0015685629476359618 -0.9869604401089358
4.6 0.0016153563718934766 -0.9869604401089358
4.609999999999999 0.0016600708309192028 -0.9869604401089358
4.620000000000001 0.00170144575698202 -0.9869604401089358
4.630000000000001 0.0017379716642325878 -0.9869604401089358
4.640000000000001 0.0017690113303750138 -0.9869604401089358
4.65 0.0017943134592271089 -0.9869604401089358
4.66 0.0018133578105488895 -0.9869604401089358
4.67 0.0018255123969706962 -0.9869604401089358
4.68 0.0018298661139739814 -0.9869604401089358
4.6899999999999995 0.0018263855164910854 -0.9869604401089358
4.700000000000001 0.00181470298130113 -0.9869604401089358
4.710000000000001 0.0017947111935503858 -0.9869604401089358
4.720000000000001 0.0017670415564456563 -0.9869604401089358
4.73 0.0017311194091683857 -0.9869604401089358
4.74 0.001687170214004248 -0.9869604401089358
4.75 0.0016362551227695255 -0.9869604401089358
4.76 0.0015776323905153696 -0.9869604401089358
4.77 0.0015123399501525594 -0.9869604401089358
4.779999999999999 0.0014413471349399912 -0.9869604401089358
4.790000000000001 0.0013646863044834714 -0.9869604401089358
4.800000000000001 0.001283167296744555 -0.9869604401089358
4.8100000000000005 0.001197969272609096 -0.9869604401089358
4.82 0.001109652082610014 -0.9869604401089358
4.83 0.00101944432930657 -0.9869604401089358
4.84 0.0009286366591423239 -0.9869604401089358
4.85 0.0008386541325104441 -0.9869604401089358
4.859999999999999 0.00074906983151721 -0.9869604401089358
4.870000000000001 0.0006607814754330116 -0.9869604401089358
4.880000000000001 0.0005746937961944037 -0.9869604401089358
4.890000000000001 0.0004922680852425344 -0.9869604401089358
4.9 0.0004144888862058654 -0.9869604401089358
4.91 0.0003421433929100058 -0.9869604401089358
4.92 0.0002752395403572315 -0.9869604401089358
4.93 0.00021412320899175677 -0.9869604401089358
4.9399999999999995 0.00015936655279557595 -0.9869604401089358
4.950000000000001 0.00011197800773067898 -0.9869604401089358
4.960000000000001 7.244352052249801e-05 -0.9869604401089358
4.970000000000001 4.10151088806692e-05 -0.9869604401089358
4.98 1.831338073076143e-05 -0.9869604401089358
4.99 4.601020413980306e-06 -0.9869604401089358
