-5.0 6.842691283259933e-08 -0.9869604401089358
-4.99 2.592540043032999e-07 -0.9869604401089358
-4.98 5.420558694766309e-07 -0.9869604401089358
-4.97 9.097858866330479e-07 -0.9869604401089358
-4.96 1.3560638114465625e-06 -0.9869604401089358
-4.95 1.9212522889564597e-06 -0.9869604401089358
-4.94 2.580153129373941e-06 -0.9869604401089358
-4.93 3.311799563958586e-06 -0.9869604401089358
-4.92 4.044711694391131e-06 -0.9869604401089358
-4.91 4.767745084110368e-06 -0.9869604401089358
-4.9 5.4257411020049516e-06 -0.9869604401089358
-4.89 6.105316852636375e-06 -0.9869604401089358
-4.88 6.733955327725388e-06 -0.9869604401089358
-4.87 7.290206628659051e-06 -0.9869604401089358
-4.86 7.67574940181936e-06 -0.9869604401089358
-4.85 7.793516086459583e-06 -0.9869604401089358
-4.84 7.588625967067244e-06 -0.9869604401089358
-4.83 7.1537604841398555e-06 -0.9869604401089358
-4.82 6.468838407079983e-06 -0.9869604401089358
-4.81 5.6467565987307965e-06 -0.9869604401089358
-4.8 4.721008567164267e-06 -0.9869604401089358
-4.79 3.685087331838017e-06 -0.9869604401089358
-4.78 2.657935667010834e-06 -0.9869604401089358
-4.77 1.7115387057892746e-06 -0.9869604401089358
-4.76 9.498597405035497e-07 -0.9869604401089358
-4.75 4.7255408798158427e-07 -0.9869604401089358
-4.74 3.3095988055021204e-07 -0.9869604401089358
-4.73 5.581087977196223e-07 -0.9869604401089358
-4.72 1.1743751603582467e-06 -0.9869604401089358
-4.71 2.201904986055093e-06 -0.9869604401089358
-4.7 3.6144029320542488e-06 -0.9869604401089358
-4.69 5.334402429322187e-06 -0.9869604401089358
-4.68 7.288326679609078e-06 -0.9869604401089358
-4.67 9.349934455992562e-06 -0.9869604401089358
-4.66 1.131791481565703e-05 -0.9869604401089358
-4.65 1.3126336112548625e-05 -0.9869604401089358
-4.64 1.4526930352561342e-05 -0.9869604401089358
-4.63 1.5417197026077594e-05 -0.9869604401089358
-4.62 1.5768378444517252e-05 -0.9869604401089358
-4.61 1.5540165985799067e-05 -0.9869604401089358
-4.6 1.4784277963614812e-05 -0.9869604401089358
-4.59 1.3624933551357502e-05 -0.9869604401089358
-4.58 1.2039595167300436e-05 -0.9869604401089358
-4.57 1.0170361828756409e-05 -0.9869604401089358
-4.56 8.185245002946791e-06 -0.9869604401089358
-4.55 6.221880304728459e-06 -0.9869604401089358
-4.54 4.542224406493688e-06 -0.9869604401089358
-4.53 3.26950659541977e-06 -0.9869604401089358
-4.52 2.475395138823701e-06 -0.9869604401089358
-4.51 2.2374829502743327e-06 -0.9869604401089358
-4.5 2.562996333111334e-06 -0.9869604401089358
-4.49 3.4828717666481018e-06 -0.9869604401089358
-4.48 4.9355103660239966e-06 -0.9869604401089358
-4.47 6.772226126304326e-06 -0.9869604401089358
-4.46 8.816173556731856e-06 -0.9869604401089358
-4.45 1.0883381619672741e-05 -0.9869604401089358
-4.4399999999999995 1.2857966768295009e-05 -0.9869604401089358
-4.43 1.4705218519136966e-05 -0.9869604401089358
-4.42 1.6251004802610475e-05 -0.9869604401089358
-4.41 1.737315999310489e-05 -0.9869604401089358
-4.4 1.7878513656540235e-05 -0.9869604401089358
-4.39 1.7685688402525618e-05 -0.9869604401089358
-4.38 1.6888797212125864e-05 -0.9869604401089358
-4.37 1.570368745191878e-05 -0.9869604401089358
-4.36 1.4252112020650123e-05 -0.9869604401089358
-4.35 1.2712039883920607e-05 -0.9869604401089358
-4.34 1.1067829032411968e-05 -0.9869604401089358
-4.33 9.392644584392151e-06 -0.9869604401089358
-4.32 7.804390175458286e-06 -0.9869604401089358
-4.31 6.4573252251486055e-06 -0.9869604401089358
-4.3 5.43487978309441e-06 -0.9869604401089358
-4.29 4.814384309022485e-06 -0.9869604401089358
-4.28 4.515472205898008e-06 -0.9869604401089358
-4.27 4.533682382510337e-06 -0.9869604401089358
-4.26 4.8645652191800116e-06 -0.9869604401089358
-4.25 5.513901330214499e-06 -0.9869604401089358
-4.24 6.396498047097754e-06 -0.9869604401089358
-4.23 7.448336304118802e-06 -0.9869604401089358
-4.22 8.474249504459823e-06 -0.9869604401089358
-4.21 9.384773215010913e-06 -0.9869604401089358
-4.2 1.0202586685948297e-05 -0.9869604401089358
-4.1899999999999995 1.0865532365227909e-05 -0.9869604401089358
-4.18 1.1404285790473973e-05 -0.9869604401089358
-4.17 1.1808078724354925e-05 -0.9869604401089358
-4.16 1.1964981491970935e-05 -0.9869604401089358
-4.15 1.1935838764513148e-05 -0.9869604401089358
-4.14 1.179590963890358e-05 -0.9869604401089358
-4.13 1.1508997737198235e-05 -0.9869604401089358
-4.12 1.1230237751622573e-05 -0.9869604401089358
-4.11 1.0866535593632249e-05 -0.9869604401089358
-4.1 1.0392089446776427e-05 -0.9869604401089358
-4.09 9.85478817288635e-06 -0.9869604401089358
-4.08 9.264743140627087e-06 -0.9869604401089358
-4.07 8.644564309531238e-06 -0.9869604401089358
-4.06 8.128097317452529e-06 -0.9869604401089358
-4.05 7.634321055937305e-06 -0.9869604401089358
-4.04 7.203638855693665e-06 -0.9869604401089358
-4.03 6.8687251632843954e-06 -0.9869604401089358
-4.02 6.575015274694062e-06 -0.9869604401089358
-4.01 6.39702561460524e-06 -0.9869604401089358
-4.0 6.3538846656920505e-06 -0.9869604401089358
-3.99 6.43201472519176e-06 -0.9869604401089358
-3.98 6.725300290501125e-06 -0.9869604401089358
-3.9699999999999998 7.241816780972267e-06 -0.9869604401089358
-3.96 7.98535721544571e-06 -0.9869604401089358
-3.95 8.972608409149678e-06 -0.9869604401089358
-3.94 1.0138714501215177e-05 -0.9869604401089358
-3.9299999999999997 1.1448824638286992e-05 -0.9869604401089358
-3.92 1.2959915939068957e-05 -0.9869604401089358
-3.91 1.4601486201593773e-05 -0.9869604401089358
-3.9 1.640774700540546e-05 -0.9869604401089358
-3.8899999999999997 1.8228757041695623e-05 -0.9869604401089358
-3.88 1.9930470022398254e-05 -0.9869604401089358
-3.87 2.136166827781858e-05 -0.9869604401089358
-3.86 2.2506869993935137e-05 -0.9869604401089358
-3.8499999999999996 2.3278162354911646e-05 -0.9869604401089358
-3.84 2.3770393330919502e-05 -0.9869604401089358
-3.83 2.388106860465692e-05 -0.9869604401089358
-3.8200000000000003 2.3643741561006995e-05 -0.9869604401089358
-3.81 2.3085887134562584e-05 -0.9869604401089358
-3.8 2.231918664078418e-05 -0.9869604401089358
-3.79 2.148165037744051e-05 -0.9869604401089358
-3.7800000000000002 2.066789584737383e-05 -0.9869604401089358
-3.77 1.9940538058302942e-05 -0.9869604401089358
-3.76 1.9377806566485697e-05 -0.9869604401089358
-3.75 1.9165828010933456e-05 -0.9869604401089358
-3.74 1.9512196758088523e-05 -0.9869604401089358
-3.73 2.0634008535290004e-05 -0.9869604401089358
-3.7199999999999998 2.2506204746754007e-05 -0.9869604401089358
-3.71 2.504326839908619e-05 -0.9869604401089358
-3.7 2.8016334092159442e-05 -0.9869604401089358
-3.69 3.133391994456626e-05 -0.9869604401089358
-3.6799999999999997 3.490081006433907e-05 -0.9869604401089358
-3.67 3.868124823915846e-05 -0.9869604401089358
-3.66 4.242308914324955e-05 -0.9869604401089358
-3.65 4.5899579423348496e-05 -0.9869604401089358
-3.6399999999999997 4.8793586130690355e-05 -0.9869604401089358
-3.63 5.1008302770562856e-05 -0.9869604401089358
-3.62 5.2489633634345634e-05 -0.9869604401089358
-3.61 5.324272086037386e-05 -0.9869604401089358
-3.5999999999999996 5.3295624902607664e-05 -0.9869604401089358
-3.59 5.258497602708794e-05 -0.9869604401089358
-3.58 5.1288518042599745e-05 -0.9869604401089358
-3.5700000000000003 4.959020308236827e-05 -0.9869604401089358
-3.56 4.7805450694136275e-05 -0.9869604401089358
-3.55 4.619147303833086e-05 -0.9869604401089358
-3.54 4.4909516894692474e-05 -0.9869604401089358
-3.5300000000000002 4.407818554350338e-05 -0.9869604401089358
-3.52 4.382976686449117e-05 -0.9869604401089358
-3.51 4.430114323182094e-05 -0.9869604401089358
-3.5 4.557103676872389e-05 -0.9869604401089358
-3.49 4.7668444659854014e-05 -0.9869604401089358
-3.48 5.0407154103007665e-05 -0.9869604401089358
-3.4699999999999998 5.3680955701143747e-05 -0.9869604401089358
-3.46 5.725692365741341e-05 -0.9869604401089358
-3.45 6.0911550370957915e-05 -0.9869604401089358
-3.44 6.447982002764348e-05 -0.9869604401089358
-3.4299999999999997 6.771454094087537e-05 -0.9869604401089358
-3.42 7.040715581788963e-05 -0.9869604401089358
-3.41 7.257014349321573e-05 -0.9869604401089358
-3.4 7.397089973119032e-05 -0.9869604401089358
-3.3899999999999997 7.467058802644977e-05 -0.9869604401089358
-3.38 7.459380337837368e-05 -0.9869604401089358
-3.37 7.384522500533944e-05 -0.9869604401089358
-3.36 7.263770626709409e-05 -0.9869604401089358
-3.3499999999999996 7.124872626264085e-05 -0.9869604401089358
-3.34 6.983690536756542e-05 -0.9869604401089358
-3.33 6.842608619253626e-05 -0.9869604401089358
-3.3200000000000003 6.705235395733349e-05 -0.9869604401089358
-3.31 6.569712417732808e-05 -0.9869604401089358
-3.3 6.464405749415093e-05 -0.9869604401089358
-3.29 6.411551455358047e-05 -0.9869604401089358
-3.2800000000000002 6.423708607768236e-05 -0.9869604401089358
-3.27 6.495516227551e-05 -0.9869604401089358
-3.26 6.606593021868561e-05 -0.9869604401089358
-3.25 6.743892652650638e-05 -0.9869604401089358
-3.24 6.904964812557481e-05 -0.9869604401089358
-3.23 7.086636634292276e-05 -0.9869604401089358
-3.2199999999999998 7.282245992058237e-05 -0.9869604401089358
-3.21 7.46959450602471e-05 -0.9869604401089358
-3.2 7.64566988877564e-05 -0.9869604401089358
-3.19 7.811082417529414e-05 -0.9869604401089358
-3.1799999999999997 7.987908716467527e-05 -0.9869604401089358
-3.17 8.189631666507523e-05 -0.9869604401089358
-3.16 8.405846730367748e-05 -0.9869604401089358
-3.15 8.608808723463467e-05 -0.9869604401089358
-3.1399999999999997 8.778785846198846e-05 -0.9869604401089358
-3.13 8.914916989715855e-05 -0.9869604401089358
-3.12 9.040543782114251e-05 -0.9869604401089358
-3.11 9.18774223444798e-05 -0.9869604401089358
-3.0999999999999996 9.352920080962059e-05 -0.9869604401089358
-3.09 9.523159496768013e-05 -0.9869604401089358
-3.08 9.691553062068657e-05 -0.9869604401089358
-3.0700000000000003 9.839116969806261e-05 -0.9869604401089358
-3.06 9.978850948665543e-05 -0.9869604401089358
-3.05 0.000101280795826105 -0.9869604401089358
-3.04 0.00010279893213933126 -0.9869604401089358
-3.0300000000000002 0.00010445177353819704 -0.9869604401089358
-3.02 0.00010636921719048234 -0.9869604401089358
-3.01 0.00010850252017959249 -0.9869604401089358
-3.0 0.00011128910553200077 -0.9869604401089358
-2.9899999999999998 0.00011483625676721822 -0.9869604401089358
-2.98 0.00011902261114654956 -0.9869604401089358
-2.9699999999999998 0.00012404030712505438 -0.9869604401089358
-2.96 0.00012987204498770655 -0.9869604401089358
-2.95 0.00013640664782748948 -0.9869604401089358
-2.94 0.0001440001225141955 -0.9869604401089358
-2.93 0.00015238084696545784 -0.9869604401089358
-2.92 0.00016133767699520895 -0.9869604401089358
-2.91 0.00017098792946673719 -0.9869604401089358
-2.9 0.00018091878855349978 -0.9869604401089358
-2.89 0.00019096306925835526 -0.9869604401089358
-2.88 0.00020119526718554126 -0.9869604401089358
-2.87 0.00021090767636100513 -0.9869604401089358
-2.86 0.00022018329020054143 -0.9869604401089358
-2.85 0.00022928137281712867 -0.9869604401089358
-2.84 0.00023769949275251247 -0.9869604401089358
-2.83 0.00024563012107174995 -0.9869604401089358
-2.82 0.00025290167107465844 -0.9869604401089358
-2.81 0.00025965970777494854 -0.9869604401089358
-2.8 0.00026647685637257396 -0.9869604401089358
-2.79 0.000273775200276821 -0.9869604401089358
-2.78 0.0002815818155517999 -0.9869604401089358
-2.77 0.00029057652445679377 -0.9869604401089358
-2.76 0.00030049371286576125 -0.9869604401089358
-2.75 0.0003112678934310076 -0.9869604401089358
-2.7399999999999998 0.0003234406697548816 -0.9869604401089358
-2.73 0.0003375409967628096 -0.9869604401089358
-2.7199999999999998 0.0003538498999523239 -0.9869604401089358
-2.71 0.00037199682411018475 -0.9869604401089358
-2.6999999999999997 0.0003910454330064349 -0.9869604401089358
-2.69 0.00041108182018238885 -0.9869604401089358
-2.68 0.0004319444159570949 -0.9869604401089358
-2.67 0.00045341778450702565 -0.9869604401089358
-2.66 0.0004750072077268481 -0.9869604401089358
-2.65 0.0004957898739945551 -0.9869604401089358
-2.64 0.0005156372300855329 -0.9869604401089358
-2.63 0.000534355426054833 -0.9869604401089358
-2.62 0.0005523358409769817 -0.9869604401089358
-2.61 0.0005697063827506448 -0.9869604401089358
-2.6 0.0005862183647171523 -0.9869604401089358
-2.59 0.0006011341278422 -0.9869604401089358
-2.58 0.0006152689569091623 -0.9869604401089358
-2.57 0.0006289578804987271 -0.9869604401089358
-2.56 0.0006429298397897181 -0.9869604401089358
-2.55 0.0006584138859901324 -0.9869604401089358
-2.54 0.000675653776222556 -0.9869604401089358
-2.53 0.000694658056782356 -0.9869604401089358
-2.52 0.000715444454496302 -0.9869604401089358
-2.51 0.0007377477173959133 -0.9869604401089358
-2.5 0.0007621288482136731 -0.9869604401089358
-2.4899999999999998 0.0007890141182877801 -0.9869604401089358
-2.48 0.0008172007645173748 -0.9869604401089358
-2.4699999999999998 0.0008465754220859391 -0.9869604401089358
-2.46 0.0008773546071897285 -0.9869604401089358
-2.4499999999999997 0.0009089130542444777 -0.9869604401089358
-2.44 0.0009408824908388109 -0.9869604401089358
-2.43 0.0009731428607392136 -0.9869604401089358
-2.42 0.0010042509489835078 -0.9869604401089358
-2.41 0.0010343662579299154 -0.9869604401089358
-2.4 0.0010638516889346623 -0.9869604401089358
-2.39 0.0010925484303132564 -0.9869604401089358
-2.38 0.0011208678622100477 -0.9869604401089358
-2.37 0.0011489543995693507 -0.9869604401089358
-2.36 0.0011770857701194914 -0.9869604401089358
-2.35 0.0012065187316844764 -0.9869604401089358
-2.34 0.001237398487819594 -0.9869604401089358
-2.33 0.001268300561911037 -0.9869604401089358
-2.32 0.001300864238077201 -0.9869604401089358
-2.31 0.0013351778881016592 -0.9869604401089358
-2.3 0.0013723293555600324 -0.9869604401089358
-2.29 0.0014121894560396744 -0.9869604401089358
-2.28 0.0014546848558235853 -0.9869604401089358
-2.27 0.0014985376201322625 -0.9869604401089358
-2.26 0.0015441594538601485 -0.9869604401089358
-2.25 0.0015920465509244096 -0.9869604401089358
-2.2399999999999998 0.00164314782800667 -0.9869604401089358
-2.23 0.0016969493145460625 -0.9869604401089358
-2.2199999999999998 0.0017531859910403802 -0.9869604401089358
-2.21 0.0018120066622065703 -0.9869604401089358
-2.1999999999999997 0.001873384622210852 -0.9869604401089358
-2.19 0.0019378397495918463 -0.9869604401089358
-2.18 0.0020056900086609705 -0.9869604401089358
-2.17 0.0020773388149168 -0.9869604401089358
-2.16 0.0021524229837520253 -0.9869604401089358
-2.15 0.0022306882878040417 -0.9869604401089358
-2.14 0.0023120525186499066 -0.9869604401089358
-2.13 0.0023986430940502556 -0.9869604401089358
-2.12 0.0024895749347223647 -0.9869604401089358
-2.11 0.002585058072052262 -0.9869604401089358
-2.1 0.002683706130393683 -0.9869604401089358
-2.09 0.0027849878813431686 -0.9869604401089358
-2.08 0.0028886761619739847 -0.9869604401089358
-2.07 0.0029974901685431 -0.9869604401089358
-2.06 0.0031122399306854846 -0.9869604401089358
-2.05 0.0032323956124132285 -0.9869604401089358
-2.04 0.003356977534214486 -0.9869604401089358
-2.03 0.0034883262339994725 -0.9869604401089358
-2.02 0.0036268157335874298 -0.9869604401089358
-2.01 0.0037740421120247758 -0.9869604401089358
-2.0 0.003931654601513292 -0.9869604401089358
-1.9899999999999998 0.00409861075703655 -0.9869604401089358
-1.98 0.004275631902660978 -0.9869604401089358
-1.9699999999999998 0.004465015932027603 -0.9869604401089358
-1.96 0.004665819603213076 -0.9869604401089358
-1.9499999999999997 0.004878897929208255 -0.9869604401089358
-1.94 0.005102860178093983 -0.9869604401089358
-1.9299999999999997 0.0053371698888233085 -0.9869604401089358
-1.92 0.005583131910643546 -0.9869604401089358
-1.9100000000000001 0.005840841908735257 -0.9869604401089358
-1.9 0.006106814999619544 -0.9869604401089358
-1.8900000000000001 0.006382322381664446 -0.9869604401089358
-1.88 0.006666465660853761 -0.9869604401089358
-1.87 0.006958700118747558 -0.9869604401089358
-1.8599999999999999 0.007259690721966848 -0.9869604401089358
-1.85 0.007569451673222247 -0.9869604401089358
-1.8399999999999999 0.007885362036162838 -0.9869604401089358
-1.83 0.008210453709719482 -0.9869604401089358
-1.8199999999999998 0.008549199297100301 -0.9869604401089358
-1.81 0.008902308993912447 -0.9869604401089358
-1.7999999999999998 0.009270122159924723 -0.9869604401089358
-1.79 0.009651594192997345 -0.9869604401089358
-1.7799999999999998 0.010047579464146843 -0.9869604401089358
-1.77 0.010458843531944975 -0.9869604401089358
-1.7599999999999998 0.010889684910144705 -0.9869604401089358
-1.75 0.011341420019360303 -0.9869604401089358
-1.7399999999999998 0.011812925721598751 -0.9869604401089358
-1.73 0.01230326247133883 -0.9869604401089358
-1.7199999999999998 0.012813214099162704 -0.9869604401089358
-1.71 0.013342789044876574 -0.9869604401089358
-1.6999999999999997 0.013890922753381546 -0.9869604401089358
-1.69 0.014455089375972533 -0.9869604401089358
-1.6799999999999997 0.01503417816260644 -0.9869604401089358
-1.67 0.015623966055809594 -0.9869604401089358
-1.6600000000000001 0.016226518762343115 -0.9869604401089358
-1.65 0.016841543790467817 -0.9869604401089358
-1.6400000000000001 0.01747089765763911 -0.9869604401089358
-1.63 0.01811206213156391 -0.9869604401089358
-1.62 0.018765004173992024 -0.9869604401089358
-1.6099999999999999 0.019427373695572663 -0.9869604401089358
-1.6 0.020101113440176805 -0.9869604401089358
-1.5899999999999999 0.020788534369799057 -0.9869604401089358
-1.58 0.021493766111272718 -0.9869604401089358
-1.5699999999999998 0.022219638984471338 -0.9869604401089358
-1.56 0.022966716449276628 -0.9869604401089358
-1.5499999999999998 0.023733263433637294 -0.9869604401089358
-1.54 0.024523546024868458 -0.9869604401089358
-1.5299999999999998 0.025338713199326023 -0.9869604401089358
-1.52 0.02617611593348187 -0.9869604401089358
-1.5099999999999998 0.027040460338463128 -0.9869604401089358
-1.5 0.027928623703208116 -0.9869604401089358
-1.4899999999999998 0.028835938445146293 -0.9869604401089358
-1.48 0.029768501130980365 -0.9869604401089358
-1.4699999999999998 0.030724683270635243 -0.9869604401089358
-1.46 0.03169862559114886 -0.9869604401089358
-1.4499999999999997 0.03269142637583364 -0.9869604401089358
-1.44 0.03370002730836345 -0.9869604401089358
-1.4299999999999997 0.03472218749176598 -0.9869604401089358
-1.42 0.03575863380950926 -0.9869604401089358
-1.4100000000000001 0.0368155190109249 -0.9869604401089358
-1.4 0.03789191964751704 -0.9869604401089358
-1.3900000000000001 0.03898895634124429 -0.9869604401089358
-1.38 0.04011325269849035 -0.9869604401089358
-1.37 0.041261272867995094 -0.9869604401089358
-1.3599999999999999 0.04243272522860172 -0.9869604401089358
-1.35 0.04363090518894163 -0.9869604401089358
-1.3399999999999999 0.04486028916770121 -0.9869604401089358
-1.33 0.04612021067214931 -0.9869604401089358
-1.3199999999999998 0.047416852627565335 -0.9869604401089358
-1.31 0.048744393228236815 -0.9869604401089358
-1.2999999999999998 0.050105111344051025 -0.9869604401089358
-1.29 0.05149703176199881 -0.9869604401089358
-1.2799999999999998 0.052926183407906474 -0.9869604401089358
-1.27 0.0543937926082765 -0.9869604401089358
-1.2599999999999998 0.0558933453106365 -0.9869604401089358
-1.25 0.05742500593998263 -0.9869604401089358
-1.2399999999999998 0.058993035806420215 -0.9869604401089358
-1.23 0.06060067523644058 -0.9869604401089358
-1.2199999999999998 0.06225516348164683 -0.9869604401089358
-1.21 0.06395943491405015 -0.9869604401089358
-1.1999999999999997 0.06570725628885442 -0.9869604401089358
-1.19 0.06749816855879859 -0.9869604401089358
-1.1799999999999997 0.0693425679439874 -0.9869604401089358
-1.17 0.07124341508336086 -0.9869604401089358
-1.1600000000000001 0.07320485727254923 -0.9869604401089358
-1.15 0.0752227142805844 -0.9869604401089358
-1.1400000000000001 0.07729422401914628 -0.9869604401089358
-1.13 0.07941183113150024 -0.9869604401089358
-1.12 0.08158931453076687 -0.9869604401089358
-1.1099999999999999 0.08382175881346661 -0.9869604401089358
-1.1 0.08611058022494854 -0.9869604401089358
-1.0899999999999999 0.08845157876179865 -0.9869604401089358
-1.08 0.09085309362872279 -0.9869604401089358
-1.0699999999999998 0.0933121670760252 -0.9869604401089358
-1.06 0.09584126852407918 -0.9869604401089358
-1.0499999999999998 0.09843992604791428 0.0
-1.04 0.10130695322049418 0.0
-1.0299999999999998 0.10445660835207911 0.0
-1.02 0.10790688900529366 0.0
-1.0099999999999998 0.11167503448187172 0.0
-1.0 0.11579042690061918 -0.9869604401089358
-0.9900000000000002 0.12003720380196874 -0.9869604401089358
-0.9799999999999995 0.12441596339920655 -0.9869604401089358
-0.9699999999999998 0.12893038037710033 -0.9869604401089358
-0.96 0.1335774300822088 -0.9869604401089358
-0.9500000000000002 0.13834985136471162 -0.9869604401089358
-0.9399999999999995 0.1432437771331813 -0.9869604401089358
-0.9299999999999997 0.14825481526942239 -0.9869604401089358
-0.9199999999999999 0.15339067381115257 -0.9869604401089358
-0.9100000000000001 0.15864411580360477 -0.9869604401089358
-0.9000000000000004 0.16401309948706233 -0.9869604401089358
-0.8899999999999997 0.1694881688221491 -0.9869604401089358
-0.8799999999999999 0.17508167608493075 -0.9869604401089358
-0.8700000000000001 0.18079358475850008 -0.9869604401089358
-0.8600000000000003 0.18662098711580938 -0.9869604401089358
-0.8499999999999996 0.1925658887485949 -0.9869604401089358
-0.8399999999999999 0.1986313477675641 -0.9869604401089358
-0.8300000000000001 0.20481902486671483 -0.9869604401089358
-0.8200000000000003 0.21114568212187837 -0.9869604401089358
-0.8099999999999996 0.2176180327068725 -0.9869604401089358
-0.7999999999999998 0.2242330629931651 -0.9869604401089358
-0.79 0.23099454436398426 -0.9869604401089358
-0.7800000000000002 0.23789430989046273 -0.9869604401089358
-0.7699999999999996 0.24493125713142996 -0.9869604401089358
-0.7599999999999998 0.2521131219567356 -0.9869604401089358
-0.75 0.2594347261225908 -0.9869604401089358
-0.7400000000000002 0.26688666660604843 -0.9869604401089358
-0.7299999999999995 0.274458560530867 -0.9869604401089358
-0.7199999999999998 0.28214048985906043 -0.9869604401089358
-0.71 0.28991776157813187 -0.9869604401089358
-0.7000000000000002 0.2977953704296786 -0.9869604401089358
-0.6899999999999995 0.3057707330144965 -0.9869604401089358
-0.6799999999999997 0.31382046353393966 -0.9869604401089358
-0.6699999999999999 0.3219418165944254 -0.9869604401089358
-0.6600000000000001 0.33014275186114955 -0.9869604401089358
-0.6499999999999995 0.33841926418673257 -0.9869604401089358
-0.6399999999999997 0.3467596228420547 -0.9869604401089358
-0.6299999999999999 0.3551779962319285 -0.9869604401089358
-0.6200000000000001 0.3636588816822358 -0.9869604401089358
-0.6100000000000003 0.37219730100612386 -0.9869604401089358
-0.5999999999999996 0.380788704622424 -0.9869604401089358
-0.5899999999999999 0.38944422370449616 -0.9869604401089358
-0.5800000000000001 0.3981813007100167 -0.9869604401089358
-0.5700000000000003 0.40699786938840465 -0.9869604401089358
-0.5599999999999996 0.4158820481446656 -0.9869604401089358
-0.5499999999999998 0.42480559321521283 -0.9869604401089358
-0.54 0.4337667487666621 -0.9869604401089358
-0.5300000000000002 0.4427659363772591 -0.9869604401089358
-0.5199999999999996 0.4518006224147827 -0.9869604401089358
-0.5099999999999998 0.4608407909712871 -0.9869604401089358
-0.5 0.4698647488726846 -0.9869604401089358
-0.4900000000000002 0.4788673089862751 -0.9869604401089358
-0.47999999999999954 0.48786186585088503 -0.9869604401089358
-0.46999999999999975 0.4968511645090098 -0.9869604401089358
-0.45999999999999996 0.5058001075235218 -0.9869604401089358
-0.4500000000000002 0.5146757408485776 -0.9869604401089358
-0.4399999999999995 0.523451948895832 -0.9869604401089358
-0.4299999999999997 0.5321550222686009 -0.9869604401089358
-0.41999999999999993 0.5407803449721117 -0.9869604401089358
-0.41000000000000014 0.5493205813158132 -0.9869604401089358
-0.39999999999999947 0.5577824783071997 -0.9869604401089358
-0.3899999999999997 0.5661615341269496 -0.9869604401089358
-0.3799999999999999 0.5744523603614491 -0.9869604401089358
-0.3700000000000001 0.5826628359232939 -0.9869604401089358
-0.3600000000000003 0.5908078998978663 -0.9869604401089358
-0.34999999999999964 0.5988336296325634 -0.9869604401089358
-0.33999999999999986 0.6067383382882073 -0.9869604401089358
-0.33000000000000007 0.6145264518346731 -0.9869604401089358
-0.3200000000000003 0.6221964613289935 -0.9869604401089358
-0.3099999999999996 0.6297330855441773 -0.9869604401089358
-0.2999999999999998 0.6371642005273793 -0.9869604401089358
-0.29000000000000004 0.644457037204299 -0.9869604401089358
-0.28000000000000025 0.6515681798944282 -0.9869604401089358
-0.2699999999999996 0.6584923662561825 -0.9869604401089358
-0.2599999999999998 0.6652305618042307 -0.9869604401089358
-0.25 0.6717492652133936 -0.9869604401089358
-0.2400000000000002 0.6780413585011471 -0.9869604401089358
-0.22999999999999954 0.6841131392944471 -0.9869604401089358
-0.21999999999999975 0.6899451194516508 -0.9869604401089358
-0.20999999999999996 0.6955460610422449 -0.9869604401089358
-0.20000000000000018 0.7009314032334495 -0.9869604401089358
-0.1899999999999995 0.7060821739430697 -0.9869604401089358
-0.17999999999999972 0.7109964471547896 -0.9869604401089358
-0.16999999999999993 0.715652150556074 -0.9869604401089358
-0.16000000000000014 0.7200636090625894 -0.9869604401089358
-0.14999999999999947 0.7242259880851031 -0.9869604401089358
-0.13999999999999968 0.7281619551495414 -0.9869604401089358
-0.1299999999999999 0.7318625819134926 -0.9869604401089358
-0.1200000000000001 0.7353400345687365 -0.9869604401089358
-0.11000000000000032 0.7385768362693256 -0.9869604401089358
-0.09999999999999964 0.7415615656966666 -0.9869604401089358
-0.08999999999999986 0.7442806478485321 -0.9869604401089358
-0.08000000000000007 0.7467642965918956 -0.9869604401089358
-0.07000000000000028 0.7489613288720018 -0.9869604401089358
-0.05999999999999961 0.7508692280894977 -0.9869604401089358
-0.04999999999999982 0.7524965889303906 -0.9869604401089358
-0.040000000000000036 0.7538331047993604 -0.9869604401089358
-0.03000000000000025 0.7548768751784334 -0.9869604401089358
-0.019999999999999574 0.7556462700981548 -0.9869604401089358
-0.009999999999999787 0.7561065441120144 -0.9869604401089358
0.0 0.7562316999179944 -0.9869604401089358
0.009999999999999787 0.7560363960847407 -0.9869604401089358
0.020000000000000462 0.7555624565790308 -0.9869604401089358
0.03000000000000025 0.7547804554384389 -0.9869604401089358
0.040000000000000036 0.7537061170078525 -0.9869604401089358
0.04999999999999982 0.7523552595695554 -0.9869604401089358
0.0600000000000005 0.7507157968370786 -0.9869604401089358
0.07000000000000028 0.7488002888535537 -0.9869604401089358
0.08000000000000007 0.7466433589174561 -0.9869604401089358
0.08999999999999986 0.7442116097462891 -0.9869604401089358
0.10000000000000053 0.741515307528412 -0.9869604401089358
0.11000000000000032 0.7385555814898382 -0.9869604401089358
0.1200000000000001 0.7353653377849285 -0.9869604401089358
0.1299999999999999 0.7319316601708977 -0.9869604401089358
0.13999999999999968 0.7282723278194793 -0.9869604401089358
0.15000000000000036 0.7243712842613461 -0.9869604401089358
0.16000000000000014 0.7202206971559395 -0.9869604401089358
0.16999999999999993 0.7158060458338048 -0.9869604401089358
0.17999999999999972 0.7111357586043444 -0.9869604401089358
0.1900000000000004 0.7062047194281889 -0.9869604401089358
0.20000000000000018 0.7010386698483339 -0.9869604401089358
0.20999999999999996 0.6956206197448537 -0.9869604401089358
0.21999999999999975 0.6899573618770535 -0.9869604401089358
0.23000000000000043 0.684073729959606 -0.9869604401089358
0.2400000000000002 0.6779630864021627 -0.9869604401089358
0.25 0.6716316343763497 -0.9869604401089358
0.2599999999999998 0.6650981687975996 -0.9869604401089358
0.27000000000000046 0.6583541184469841 -0.9869604401089358
0.28000000000000025 0.6513996597907437 -0.9869604401089358
0.29000000000000004 0.6442776284370105 -0.9869604401089358
0.2999999999999998 0.6370332226555735 -0.9869604401089358
0.3100000000000005 0.6296456068740082 -0.9869604401089358
0.3200000000000003 0.6221398915801104 -0.9869604401089358
0.33000000000000007 0.6145187593766952 -0.9869604401089358
0.33999999999999986 0.6067709439876907 -0.9869604401089358
0.35000000000000053 0.5988877601370997 -0.9869604401089358
0.3600000000000003 0.5909133292280697 -0.9869604401089358
0.3700000000000001 0.5828269725488372 -0.9869604401089358
0.3799999999999999 0.5746228620938669 -0.9869604401089358
0.3899999999999997 0.5663153633821691 -0.9869604401089358
0.40000000000000036 0.5579196356407815 -0.9869604401089358
0.41000000000000014 0.5494366101250322 -0.9869604401089358
0.41999999999999993 0.5408767532185369 -0.9869604401089358
0.4299999999999997 0.5322364393510602 -0.9869604401089358
0.4400000000000004 0.5234814499094039 -0.9869604401089358
0.4500000000000002 0.514626392605065 -0.9869604401089358
0.45999999999999996 0.5057003730146103 -0.9869604401089358
0.46999999999999975 0.49674301951773614 -0.9869604401089358
0.4800000000000004 0.48775637838352615 -0.9869604401089358
0.4900000000000002 0.47873922437040894 -0.9869604401089358
0.5 0.46970307942278877 -0.9869604401089358
0.5099999999999998 0.46066977294049144 -0.9869604401089358
0.5200000000000005 0.45166920651557707 -0.9869604401089358
0.5300000000000002 0.44269109627010084 -0.9869604401089358
0.54 0.4337304172024265 -0.9869604401089358
0.5499999999999998 0.4247849450900314 -0.9869604401089358
0.5600000000000005 0.4158827871456783 -0.9869604401089358
0.5700000000000003 0.4070467184567294 -0.9869604401089358
0.5800000000000001 0.3982830693793257 -0.9869604401089358
0.5899999999999999 0.38958035595848955 -0.9869604401089358
0.6000000000000005 0.3809301699601895 -0.9869604401089358
0.6100000000000003 0.3723302014967042 -0.9869604401089358
0.6200000000000001 0.3637838032387228 -0.9869604401089358
0.6299999999999999 0.35529982017223305 -0.9869604401089358
0.6399999999999997 0.3468614258057819 -0.9869604401089358
0.6500000000000004 0.3384851430850789 -0.9869604401089358
0.6600000000000001 0.3301755404603926 -0.9869604401089358
0.6699999999999999 0.3219316711868422 -0.9869604401089358
0.6799999999999997 0.31375900748753527 -0.9869604401089358
0.6900000000000004 0.30567938401017597 -0.9869604401089358
0.7000000000000002 0.29769630235257394 -0.9869604401089358
0.71 0.2898001114979931 -0.9869604401089358
0.7199999999999998 0.28200414365633053 -0.9869604401089358
0.7300000000000004 0.2743211581885904 -0.9869604401089358
0.7400000000000002 0.2667606351464267 -0.9869604401089358
0.75 0.2593366386659735 -0.9869604401089358
0.7599999999999998 0.2520561307940598 -0.9869604401089358
0.7700000000000005 0.24490986860021544 -0.9869604401089358
0.7800000000000002 0.2379005835266855 -0.9869604401089358
0.79 0.23103366077129806 -0.9869604401089358
0.7999999999999998 0.22430464490178761 -0.9869604401089358
0.8100000000000005 0.2177204523110542 -0.9869604401089358
0.8200000000000003 0.21127284553247636 -0.9869604401089358
0.8300000000000001 0.20494985141702973 -0.9869604401089358
0.8399999999999999 0.19874972740909988 -0.9869604401089358
0.8500000000000005 0.19266665130767616 -0.9869604401089358
0.8600000000000003 0.18669989173282334 -0.9869604401089358
0.8700000000000001 0.1808478286874042 -0.9869604401089358
0.8799999999999999 0.17511066929637023 -0.9869604401089358
0.8899999999999997 0.16947867560014968 -0.9869604401089358
0.9000000000000004 0.1639604059715602 -0.9869604401089358
0.9100000000000001 0.15856532248296396 -0.9869604401089358
0.9199999999999999 0.15330039919727226 -0.9869604401089358
0.9299999999999997 0.14815782771542274 -0.9869604401089358
0.9400000000000004 0.1431429276708703 -0.9869604401089358
0.9500000000000002 0.13825314915468495 -0.9869604401089358
0.96 0.13349608999297738 -0.9869604401089358
0.9699999999999998 0.12887438241387988 -0.9869604401089358
0.9800000000000004 0.12438381485971156 -0.9869604401089358
0.9900000000000002 0.12003041859109136 -0.9869604401089358
1.0 0.11581347376278393 -0.9869604401089358
1.0099999999999998 0.11172081189419081 0.0
1.0200000000000005 0.10796539987789151 0.0
1.0300000000000002 0.10452267232429506 0.0
1.04 0.10137553640221952 0.0
1.0499999999999998 0.09850628233331056 0.0
1.0600000000000005 0.09590369461452687 -0.9869604401089358
1.0700000000000003 0.09336067320279542 -0.9869604401089358
1.08 0.09088084059944186 -0.9869604401089358
1.0899999999999999 0.0884589006609877 -0.9869604401089358
1.1000000000000005 0.0861001236324387 -0.9869604401089358
1.1100000000000003 0.08380166933915528 -0.9869604401089358
1.12 0.08156784391360465 -0.9869604401089358
1.13 0.07938276125698043 -0.9869604401089358
1.1400000000000006 0.07725283597489346 -0.9869604401089358
1.1500000000000004 0.07518148620100261 -0.9869604401089358
1.1600000000000001 0.07317387035530129 -0.9869604401089358
1.17 0.07122625393885933 -0.9869604401089358
1.1799999999999997 0.06933732923465552 -0.9869604401089358
1.1900000000000004 0.06749538895513905 -0.9869604401089358
1.2000000000000002 0.06570027516180896 -0.9869604401089358
1.21 0.06395818175171053 -0.9869604401089358
1.2199999999999998 0.0622644067305859 -0.9869604401089358
1.2300000000000004 0.060613161624414796 -0.9869604401089358
1.2400000000000002 0.059001697278331454 -0.9869604401089358
1.25 0.05742475863412292 -0.9869604401089358
1.2599999999999998 0.05588429451481837 -0.9869604401089358
1.2700000000000005 0.05438412276483867 -0.9869604401089358
1.2800000000000002 0.05292311261730413 -0.9869604401089358
1.29 0.051495227686390324 -0.9869604401089358
1.2999999999999998 0.050100683982850946 -0.9869604401089358
1.3100000000000005 0.04873966050407671 -0.9869604401089358
1.3200000000000003 0.04741832988600008 -0.9869604401089358
1.33 0.04613046574222198 -0.9869604401089358
1.3399999999999999 0.04487929830706055 -0.9869604401089358
1.3500000000000005 0.043656650481991625 -0.9869604401089358
1.3600000000000003 0.04245924034412699 -0.9869604401089358
1.37 0.04128601001062707 -0.9869604401089358
1.38 0.04013803981119582 -0.9869604401089358
1.3900000000000006 0.039011743519854904 -0.9869604401089358
1.4000000000000004 0.03790576690432602 -0.9869604401089358
1.4100000000000001 0.0368220519393164 -0.9869604401089358
1.42 0.03575688049245359 -0.9869604401089358
1.4299999999999997 0.03470635389337523 -0.9869604401089358
1.4400000000000004 0.03367333906935004 -0.9869604401089358
1.4500000000000002 0.032659478370634924 -0.9869604401089358
1.46 0.03166070567550194 -0.9869604401089358
1.4699999999999998 0.030685587385202336 -0.9869604401089358
1.4800000000000004 0.029734686809384035 -0.9869604401089358
1.4900000000000002 0.02880361911361369 -0.9869604401089358
1.5 0.027899726237178898 -0.9869604401089358
1.5099999999999998 0.027024121744960074 -0.9869604401089358
1.5200000000000005 0.026173262397426143 -0.9869604401089358
1.5300000000000002 0.025347808849779968 -0.9869604401089358
1.54 0.0245448824124065 -0.9869604401089358
1.5499999999999998 0.02376167187657802 -0.9869604401089358
1.5600000000000005 0.02299833124793515 -0.9869604401089358
1.5700000000000003 0.022256669177778906 -0.9869604401089358
1.58 0.021534873116056896 -0.9869604401089358
1.5899999999999999 0.020828011490677197 -0.9869604401089358
1.6000000000000005 0.020134757099198746 -0.9869604401089358
1.6100000000000003 0.019451043409248685 -0.9869604401089358
1.62 0.0187777652832766 -0.9869604401089358
1.63 0.018115215643152757 -0.9869604401089358
1.6400000000000006 0.017465510430145544 -0.9869604401089358
1.6500000000000004 0.016828364908358966 -0.9869604401089358
1.6600000000000001 0.016204972863413367 -0.9869604401089358
1.67 0.01559353771829761 -0.9869604401089358
1.6799999999999997 0.014998129017859243 -0.9869604401089358
1.6900000000000004 0.014419124091892678 -0.9869604401089358
1.7000000000000002 0.013858108868422316 -0.9869604401089358
1.71 0.013315635565142857 -0.9869604401089358
1.7199999999999998 0.012791900485887481 -0.9869604401089358
1.7300000000000004 0.012286340572416251 -0.9869604401089358
1.7400000000000002 0.011801802882842584 -0.9869604401089358
1.75 0.011340260438485322 -0.9869604401089358
1.7599999999999998 0.01090044077061148 -0.9869604401089358
1.7700000000000005 0.010478030722621148 -0.9869604401089358
1.7800000000000002 0.010070438738524081 -0.9869604401089358
1.79 0.009676039350353518 -0.9869604401089358
1.7999999999999998 0.009295966913701732 -0.9869604401089358
1.8100000000000005 0.008929486883890886 -0.9869604401089358
1.8200000000000003 0.008577468235392285 -0.9869604401089358
1.83 0.008235581778163774 -0.9869604401089358
1.8399999999999999 0.007901179903809586 -0.9869604401089358
1.8500000000000005 0.007577074461300344 -0.9869604401089358
1.8600000000000003 0.007262439007966362 -0.9869604401089358
1.87 0.0069557267248942 -0.9869604401089358
1.88 0.0066573939431112065 -0.9869604401089358
1.8900000000000006 0.006367916888629755 -0.9869604401089358
1.9000000000000004 0.006086652285170591 -0.9869604401089358
1.9100000000000001 0.005817855857937188 -0.9869604401089358
1.92 0.005561678355696992 -0.9869604401089358
1.9299999999999997 0.005316973855413924 -0.9869604401089358
1.9400000000000004 0.005084308420199178 -0.9869604401089358
1.9500000000000002 0.00486433436238468 -0.9869604401089358
1.96 0.004656618257451 -0.9869604401089358
1.9699999999999998 0.004461508448597769 -0.9869604401089358
1.9800000000000004 0.004276945456809944 -0.9869604401089358
1.9900000000000002 0.0041029592717441625 -0.9869604401089358
2.0 0.003939947222481145 -0.9869604401089358
2.01 0.0037868386445698374 -0.9869604401089358
2.0200000000000005 0.0036417065343436745 -0.9869604401089358
2.0300000000000002 0.0035032496484715537 -0.9869604401089358
2.04 0.0033698779186957916 -0.9869604401089358
2.05 0.003242076375806175 -0.9869604401089358
2.0600000000000005 0.003120678173624142 -0.9869604401089358
2.0700000000000003 0.003005829701670095 -0.9869604401089358
2.08 0.0028938350446668193 -0.9869604401089358
2.09 0.0027855426909426067 -0.9869604401089358
2.1000000000000005 0.002680940965880593 -0.9869604401089358
2.1100000000000003 0.002580649398617034 -0.9869604401089358
2.12 0.002485021584074237 -0.9869604401089358
2.13 0.0023947409676631564 -0.9869604401089358
2.1400000000000006 0.002307813098160021 -0.9869604401089358
2.1500000000000004 0.0022252043952598 -0.9869604401089358
2.16 0.0021465259969762384 -0.9869604401089358
2.17 0.0020725409485353864 -0.9869604401089358
2.1799999999999997 0.0020025597612969063 -0.9869604401089358
2.1900000000000004 0.0019355830154760905 -0.9869604401089358
2.2 0.0018713291094788228 -0.9869604401089358
2.21 0.0018094612227984824 -0.9869604401089358
2.2199999999999998 0.0017498170504245613 -0.9869604401089358
2.2300000000000004 0.0016935048665136373 -0.9869604401089358
2.24 0.0016408543603932848 -0.9869604401089358
2.25 0.0015910434683118742 -0.9869604401089358
2.26 0.0015436126544254958 -0.9869604401089358
2.2700000000000005 0.0014974633926734704 -0.9869604401089358
2.2800000000000002 0.0014540425017074326 -0.9869604401089358
2.29 0.0014135068451304794 -0.9869604401089358
2.3 0.0013758667643182817 -0.9869604401089358
2.3100000000000005 0.0013405815764311261 -0.9869604401089358
2.3200000000000003 0.0013074284156333405 -0.9869604401089358
2.33 0.0012745955900770405 -0.9869604401089358
2.34 0.001243711706029386 -0.9869604401089358
2.3500000000000005 0.0012140574944110056 -0.9869604401089358
2.3600000000000003 0.0011844093888390794 -0.9869604401089358
2.37 0.0011545908940229488 -0.9869604401089358
2.38 0.0011244300966324532 -0.9869604401089358
2.3900000000000006 0.0010938789838901813 -0.9869604401089358
2.4000000000000004 0.0010629740227039762 -0.9869604401089358
2.41 0.0010312379594534218 -0.9869604401089358
2.42 0.000998332653099002 -0.9869604401089358
2.4299999999999997 0.0009653040044268637 -0.9869604401089358
2.4400000000000004 0.0009322232507418849 -0.9869604401089358
2.45 0.000899519499452246 -0.9869604401089358
2.46 0.0008680583052973759 -0.9869604401089358
2.4699999999999998 0.0008379121090313884 -0.9869604401089358
2.4800000000000004 0.0008094286559599107 -0.9869604401089358
2.49 0.0007838340150800135 -0.9869604401089358
2.5 0.0007604728298564653 -0.9869604401089358
2.51 0.0007386676691428309 -0.9869604401089358
2.5200000000000005 0.0007183994947629324 -0.9869604401089358
2.5300000000000002 0.0006996850276346969 -0.9869604401089358
2.54 0.0006827086905858618 -0.9869604401089358
2.55 0.0006673944282888702 -0.9869604401089358
2.5600000000000005 0.000652965156440654 -0.9869604401089358
2.5700000000000003 0.0006387506047238737 -0.9869604401089358
2.58 0.0006240908299503371 -0.9869604401089358
2.59 0.0006079725743938114 -0.9869604401089358
2.6000000000000005 0.0005907844080253231 -0.9869604401089358
2.6100000000000003 0.000572561436076731 -0.9869604401089358
2.62 0.0005533791655839224 -0.9869604401089358
2.63 0.000532856182334418 -0.9869604401089358
2.6400000000000006 0.0005112809317651964 -0.9869604401089358
2.6500000000000004 0.0004890365114078577 -0.9869604401089358
2.66 0.000466870778034492 -0.9869604401089358
2.67 0.00044519634732179825 -0.9869604401089358
2.6799999999999997 0.0004243136755646246 -0.9869604401089358
2.6900000000000004 0.000403890551056171 -0.9869604401089358
2.7 0.0003841451021785913 -0.9869604401089358
2.71 0.0003661486937745332 -0.9869604401089358
2.7199999999999998 0.00035031247637738294 -0.9869604401089358
2.7300000000000004 0.0003367823178844927 -0.9869604401089358
2.74 0.0003249422140017452 -0.9869604401089358
2.75 0.00031410780670756966 -0.9869604401089358
2.76 0.0003044540472008405 -0.9869604401089358
2.7700000000000005 0.0002958754583297084 -0.9869604401089358
2.7800000000000002 0.0002877975491148992 -0.9869604401089358
2.79 0.00028038357587029447 -0.9869604401089358
2.8 0.0002730838931745296 -0.9869604401089358
2.8100000000000005 0.0002654588099572537 -0.9869604401089358
2.8200000000000003 0.00025733081131168385 -0.9869604401089358
2.83 0.00024864204478866164 -0.9869604401089358
2.84 0.0002392830449864629 -0.9869604401089358
2.8500000000000005 0.00022962882263156907 -0.9869604401089358
2.8600000000000003 0.00021924173309760024 -0.9869604401089358
2.87 0.00020835330964427573 -0.9869604401089358
2.88 0.00019747644880155514 -0.9869604401089358
2.8900000000000006 0.00018670423130266213 -0.9869604401089358
2.9000000000000004 0.00017628211531554958 -0.9869604401089358
2.91 0.00016645290596918141 -0.9869604401089358
2.92 0.00015719965727723078 -0.9869604401089358
2.9300000000000006 0.00014876328903019913 -0.9869604401089358
2.9400000000000004 0.00014128566737615654 -0.9869604401089358
2.95 0.00013466211095012758 -0.9869604401089358
2.96 0.00012888881702333274 -0.9869604401089358
2.9699999999999998 0.00012397505651546496 -0.9869604401089358
2.9800000000000004 0.00011979460187020795 -0.9869604401089358
2.99 0.0001163398220959073 -0.9869604401089358
3.0 0.00011350641655055445 -0.9869604401089358
3.01 0.00011095885408444258 -0.9869604401089358
3.0199999999999996 0.00010869086632191403 -0.9869604401089358
3.0299999999999994 0.00010667902399265515 -0.9869604401089358
3.040000000000001 0.00010490136836759994 -0.9869604401089358
3.0500000000000007 0.00010327131762080247 -0.9869604401089358
3.0600000000000005 0.00010165552908307793 -0.9869604401089358
3.0700000000000003 9.975634225717436e-05 -0.9869604401089358
3.08 9.766786771769193e-05 -0.9869604401089358
3.09 9.55308488611506e-05 -0.9869604401089358
3.0999999999999996 9.359170919309189e-05 -0.9869604401089358
3.1099999999999994 9.197981017615924e-05 -0.9869604401089358
3.120000000000001 9.056468263540317e-05 -0.9869604401089358
3.130000000000001 8.899698304094327e-05 -0.9869604401089358
3.1400000000000006 8.718650693122442e-05 -0.9869604401089358
3.1500000000000004 8.5151041677611e-05 -0.9869604401089358
3.16 8.305746493627711e-05 -0.9869604401089358
3.17 8.098748213590095e-05 -0.9869604401089358
3.1799999999999997 7.894250427220122e-05 -0.9869604401089358
3.1899999999999995 7.681449308432347e-05 -0.9869604401089358
3.1999999999999993 7.46789657384783e-05 -0.9869604401089358
3.210000000000001 7.263688223189476e-05 -0.9869604401089358
3.2200000000000006 7.082728074223333e-05 -0.9869604401089358
3.2300000000000004 6.920751898180736e-05 -0.9869604401089358
3.24 6.774752652512057e-05 -0.9869604401089358
3.25 6.636483142170777e-05 -0.9869604401089358
3.26 6.518147918772255e-05 -0.9869604401089358
3.2699999999999996 6.457463509463336e-05 -0.9869604401089358
3.2799999999999994 6.463606057982925e-05 -0.9869604401089358
3.290000000000001 6.540772004226899e-05 -0.9869604401089358
3.3000000000000007 6.67274577345746e-05 -0.9869604401089358
3.3100000000000005 6.8209263733646e-05 -0.9869604401089358
3.3200000000000003 6.979284270353136e-05 -0.9869604401089358
3.33 7.142997393705942e-05 -0.9869604401089358
3.34 7.294863446195442e-05 -0.9869604401089358
3.3499999999999996 7.434283453075657e-05 -0.9869604401089358
3.3599999999999994 7.538723223115277e-05 -0.9869604401089358
3.370000000000001 7.579591262101821e-05 -0.9869604401089358
3.380000000000001 7.560107905656869e-05 -0.9869604401089358
3.3900000000000006 7.473370658848144e-05 -0.9869604401089358
3.4000000000000004 7.301206996065574e-05 -0.9869604401089358
3.41 7.075041359035386e-05 -0.9869604401089358
3.42 6.776677265630183e-05 -0.9869604401089358
3.4299999999999997 6.429601645839428e-05 -0.9869604401089358
3.4399999999999995 6.068916461888995e-05 -0.9869604401089358
3.4499999999999993 5.698708294455297e-05 -0.9869604401089358
3.460000000000001 5.347498813940707e-05 -0.9869604401089358
3.4700000000000006 5.044253541857593e-05 -0.9869604401089358
3.4800000000000004 4.7884998659033565e-05 -0.9869604401089358
3.49 4.6122994903000455e-05 -0.9869604401089358
3.5 4.52187497009048e-05 -0.9869604401089358
3.51 4.502134009279119e-05 -0.9869604401089358
3.5199999999999996 4.556227740507328e-05 -0.9869604401089358
3.5299999999999994 4.669509176506197e-05 -0.9869604401089358
3.540000000000001 4.820499163141896e-05 -0.9869604401089358
3.5500000000000007 5.0080005231978555e-05 -0.9869604401089358
3.5600000000000005 5.197719574040668e-05 -0.9869604401089358
3.5700000000000003 5.353822906602072e-05 -0.9869604401089358
3.58 5.470302225197089e-05 -0.9869604401089358
3.59 5.5161198542547084e-05 -0.9869604401089358
3.5999999999999996 5.496370665776405e-05 -0.9869604401089358
3.6099999999999994 5.410690644126956e-05 -0.9869604401089358
3.620000000000001 5.2401417398284205e-05 -0.9869604401089358
3.630000000000001 4.984675834954396e-05 -0.9869604401089358
3.6400000000000006 4.65777182696257e-05 -0.9869604401089358
3.6500000000000004 4.2791501189774264e-05 -0.9869604401089358
3.66 3.8889892477382565e-05 -0.9869604401089358
3.67 3.516982582009117e-05 -0.9869604401089358
3.6799999999999997 3.16275349099335e-05 -0.9869604401089358
3.6899999999999995 2.8400647298043625e-05 -0.9869604401089358
3.700000000000001 2.5509894198102922e-05 -0.9869604401089358
3.710000000000001 2.3147626003328297e-05 -0.9869604401089358
3.7200000000000006 2.1491416992798142e-05 -0.9869604401089358
3.7300000000000004 2.063127785992502e-05 -0.9869604401089358
3.74 2.0397705388328753e-05 -0.9869604401089358
3.75 2.0685192220943016e-05 -0.9869604401089358
3.76 2.129681432112337e-05 -0.9869604401089358
3.7699999999999996 2.2141544081306e-05 -0.9869604401089358
3.7799999999999994 2.3130165617730546e-05 -0.9869604401089358
3.790000000000001 2.409848142247473e-05 -0.9869604401089358
3.8000000000000007 2.4816392157288326e-05 -0.9869604401089358
3.8100000000000005 2.5169039910315323e-05 -0.9869604401089358
3.8200000000000003 2.5128318868215595e-05 -0.9869604401089358
3.83 2.4718201202839115e-05 -0.9869604401089358
3.84 2.409804277106828e-05 -0.9869604401089358
3.8499999999999996 2.3170858781275717e-05 -0.9869604401089358
3.8599999999999994 2.1941185127904345e-05 -0.9869604401089358
3.870000000000001 2.036320482902198e-05 -0.9869604401089358
3.880000000000001 1.854627740928341e-05 -0.9869604401089358
3.8900000000000006 1.6602923582766243e-05 -0.9869604401089358
3.9000000000000004 1.479727037328566e-05 -0.9869604401089358
3.91 1.3111969667508467e-05 -0.9869604401089358
3.92 1.1645418780831606e-05 -0.9869604401089358
3.9299999999999997 1.034195584854549e-05 -0.9869604401089358
3.9399999999999995 9.204658793606231e-06 -0.9869604401089358
3.950000000000001 8.260370080174053e-06 -0.9869604401089358
3.960000000000001 7.5495448752663645e-06 -0.9869604401089358
3.9700000000000006 7.044265748451438e-06 -0.9869604401089358
3.9800000000000004 6.76501313940473e-06 -0.9869604401089358
3.99 6.657714068867168e-06 -0.9869604401089358
4.0 6.7067406188226005e-06 -0.9869604401089358
4.01 6.894343846548202e-06 -0.9869604401089358
4.02 7.159254084739395e-06 -0.9869604401089358
4.029999999999999 7.501865722022606e-06 -0.9869604401089358
4.040000000000001 7.887531457022095e-06 -0.9869604401089358
4.050000000000001 8.32033886870745e-06 -0.9869604401089358
4.0600000000000005 8.839703251805095e-06 -0.9869604401089358
4.07 9.388918331115145e-06 -0.9869604401089358
4.08 9.964126974454613e-06 -0.9869604401089358
4.09 1.0509249278928265e-05 -0.9869604401089358
4.1 1.0981723480823822e-05 -0.9869604401089358
4.109999999999999 1.1387369782222627e-05 -0.9869604401089358
4.120000000000001 1.173863420511846e-05 -0.9869604401089358
4.130000000000001 1.1964743550135267e-05 -0.9869604401089358
4.140000000000001 1.2079708389491586e-05 -0.9869604401089358
4.15 1.1995793290094663e-05 -0.9869604401089358
4.16 1.1712888405842277e-05 -0.9869604401089358
4.17 1.1286204208861292e-05 -0.9869604401089358
4.18 1.0709373229796565e-05 -0.9869604401089358
4.1899999999999995 1.0004794471304399e-05 -0.9869604401089358
4.200000000000001 9.166753956117945e-06 -0.9869604401089358
4.210000000000001 8.166888638525535e-06 -0.9869604401089358
4.220000000000001 7.103144999451139e-06 -0.9869604401089358
4.23 6.0983318080022665e-06 -0.9869604401089358
4.24 5.246809521440639e-06 -0.9869604401089358
4.25 4.672392433238709e-06 -0.9869604401089358
4.26 4.363723978888712e-06 -0.9869604401089358
4.27 4.355598285007238e-06 -0.9869604401089358
4.279999999999999 4.690666416730437e-06 -0.9869604401089358
4.290000000000001 5.442352475025551e-06 -0.9869604401089358
4.300000000000001 6.580101981790956e-06 -0.9869604401089358
4.3100000000000005 8.081020128346937e-06 -0.9869604401089358
4.32 9.744600620021903e-06 -0.9869604401089358
4.33 1.1440684435956066e-05 -0.9869604401089358
4.34 1.3081274835108321e-05 -0.9869604401089358
4.35 1.4648527844074887e-05 -0.9869604401089358
4.359999999999999 1.6041530896423043e-05 -0.9869604401089358
4.370000000000001 1.7212323620126384e-05 -0.9869604401089358
4.380000000000001 1.7908956669370914e-05 -0.9869604401089358
4.390000000000001 1.7997914681180373e-05 -0.9869604401089358
4.4 1.743213520434922e-05 -0.9869604401089358
4.41 1.6279499033598893e-05 -0.9869604401089358
4.42 1.4665911441725395e-05 -0.9869604401089358
4.43 1.2785673349027225e-05 -0.9869604401089358
4.4399999999999995 1.0715782704403404e-05 -0.9869604401089358
4.450000000000001 8.580421189486306e-06 -0.9869604401089358
4.460000000000001 6.546163644973899e-06 -0.9869604401089358
4.470000000000001 4.757401753474996e-06 -0.9869604401089358
4.48 3.3864980847923908e-06 -0.9869604401089358
4.49 2.564100505659841e-06 -0.9869604401089358
4.5 2.2990790220737665e-06 -0.9869604401089358
4.51 2.619249349631308e-06 -0.9869604401089358
4.52 3.4745610844927208e-06 -0.9869604401089358
4.529999999999999 4.8216201876000985e-06 -0.9869604401089358
4.540000000000001 6.585540023718911e-06 -0.9869604401089358
4.550000000000001 8.573875540385126e-06 -0.9869604401089358
4.5600000000000005 1.064996208535426e-05 -0.9869604401089358
4.57 1.2567604010212955e-05 -0.9869604401089358
4.58 1.4139661314531925e-05 -0.9869604401089358
4.59 1.5308634036908672e-05 -0.9869604401089358
4.6 1.5940825050596066e-05 -0.9869604401089358
4.609999999999999 1.6035756924271303e-05 -0.9869604401089358
4.620000000000001 1.5631196437530762e-05 -0.9869604401089358
4.630000000000001 1.4674618980863364e-05 -0.9869604401089358
4.640000000000001 1.3245309786786499e-05 -0.9869604401089358
4.65 1.1473798005985937e-05 -0.9869604401089358
4.66 9.404359940614105e-06 -0.9869604401089358
4.67 7.314049232217927e-06 -0.9869604401089358
4.68 5.332728569432515e-06 -0.9869604401089358
4.6899999999999995 3.5945309267275283e-06 -0.9869604401089358
4.700000000000001 2.2149445583302575e-06 -0.9869604401089358
4.710000000000001 1.2163831553428566e-06 -0.9869604401089358
4.720000000000001 5.994890452024265e-07 -0.9869604401089358
4.73 3.94628535258277e-07 -0.9869604401089358
4.74 5.755673330614388e-07 -0.9869604401089358
4.75 1.1032366366997686e-06 -0.9869604401089358
4.76 1.9047945387612163e-06 -0.9869604401089358
4.77 2.8676606369225294e-06 -0.9869604401089358
4.779999999999999 3.895141034888118e-06 -0.9869604401089358
4.790000000000001 4.896748409729386e-06 -0.9869604401089358
4.800000000000001 5.849932737108259e-06 -0.9869604401089358
4.8100000000000005 6.676759252434196e-06 -0.9869604401089358
4.82 7.327524796693754e-06 -0.9869604401089358
4.83 7.757090944521323e-06 -0.9869604401089358
4.84 7.86958758612813e-06 -0.9869604401089358
4.85 7.732419075701992e-06 -0.9869604401089358
4.859999999999999 7.353663845890321e-06 -0.9869604401089358
4.870000000000001 6.8326052578152e-06 -0.9869604401089358
4.880000000000001 6.2224995720686315e-06 -0.9869604401089358
4.890000000000001 5.5662059168206276e-06 -0.9869604401089358
4.9 4.839604164021876e-06 -0.9869604401089358
4.91 4.101815892838702e-06 -0.9869604401089358
4.92 3.3208971842932638e-06 -0.9869604401089358
4.93 2.591837215940395e-06 -0.9869604401089358
4.9399999999999995 1.9268679896490055e-06 -0.9869604401089358
4.950000000000001 1.364847097455131e-06 -0.9869604401089358
4.960000000000001 8.984967600773196e-07 -0.9869604401089358
4.970000000000001 5.287147907625482e-07 -0.9869604401089358
4.98 2.4291157797139173e-07 -0.9869604401089358
4.99 6.353285287118221e-08 -0.9869604401089358
