-5.0 1.829322390504019e-06 -0.9869604401089358
-4.99 7.293208191051774e-06 -0.9869604401089358
-4.98 1.6355510868506175e-05 -0.9869604401089358
-4.97 2.8949674606928313e-05 -0.9869604401089358
-4.96 4.461511810639414e-05 -0.9869604401089358
-4.95 6.303666156789583e-05 -0.9869604401089358
-4.94 8.368847437337122e-05 -0.9869604401089358
-4.93 0.00010587574707198217 -0.9869604401089358
-4.92 0.00012918825123815368 -0.9869604401089358
-4.91 0.00015359784538156366 -0.9869604401089358
-4.9 0.00017829588671348478 -0.9869604401089358
-4.89 0.00020281061975687727 -0.9869604401089358
-4.88 0.00022663006309069618 -0.9869604401089358
-4.87 0.000248576787136912 -0.9869604401089358
-4.86 0.0002684722344800405 -0.9869604401089358
-4.85 0.00028638471732554915 -0.9869604401089358
-4.84 0.00030210564413171953 -0.9869604401089358
-4.83 0.0003150653004186799 -0.9869604401089358
-4.82 0.00032487907064157953 -0.9869604401089358
-4.81 0.00033086339462837005 -0.9869604401089358
-4.8 0.00033302524446435775 -0.9869604401089358
-4.79 0.0003315748988593082 -0.9869604401089358
-4.78 0.00032707039189787434 -0.9869604401089358
-4.77 0.0003189800567726958 -0.9869604401089358
-4.76 0.0003075047448094855 -0.9869604401089358
-4.75 0.00029306389492014643 -0.9869604401089358
-4.74 0.0002759769911993269 -0.9869604401089358
-4.73 0.000256795189345971 -0.9869604401089358
-4.72 0.00023605531215452883 -0.9869604401089358
-4.71 0.0002138791142023744 -0.9869604401089358
-4.7 0.00019112989182133085 -0.9869604401089358
-4.69 0.0001689658202310013 -0.9869604401089358
-4.68 0.00014804954044399514 -0.9869604401089358
-4.67 0.00012879655545203512 -0.9869604401089358
-4.66 0.00011109409942188353 -0.9869604401089358
-4.65 9.502727469089062e-05 -0.9869604401089358
-4.64 8.102076697541415e-05 -0.9869604401089358
-4.63 6.933744948766369e-05 -0.9869604401089358
-4.62 6.025258844847898e-05 -0.9869604401089358
-4.61 5.348558536279639e-05 -0.9869604401089358
-4.6 4.889443126688173e-05 -0.9869604401089358
-4.59 4.635881566937436e-05 -0.9869604401089358
-4.58 4.5893512910463026e-05 -0.9869604401089358
-4.57 4.7230164270012645e-05 -0.9869604401089358
-4.56 5.0187994980704557e-05 -0.9869604401089358
-4.55 5.45941183033476e-05 -0.9869604401089358
-4.54 6.056409292057534e-05 -0.9869604401089358
-4.53 6.808374007973768e-05 -0.9869604401089358
-4.52 7.702074348153581e-05 -0.9869604401089358
-4.51 8.7231764951409e-05 -0.9869604401089358
-4.5 9.849826684127463e-05 -0.9869604401089358
-4.49 0.00011068166278062339 -0.9869604401089358
-4.48 0.00012369657528562045 -0.9869604401089358
-4.47 0.00013705051892359127 -0.9869604401089358
-4.46 0.00015043704781321076 -0.9869604401089358
-4.45 0.0001637116584881947 -0.9869604401089358
-4.4399999999999995 0.0001767789777059333 -0.9869604401089358
-4.43 0.00018937150319856702 -0.9869604401089358
-4.42 0.0002011196147004257 -0.9869604401089358
-4.41 0.00021131293844975452 -0.9869604401089358
-4.4 0.00021991094330463818 -0.9869604401089358
-4.39 0.0002265962470514866 -0.9869604401089358
-4.38 0.0002316160080775124 -0.9869604401089358
-4.37 0.00023458204923437672 -0.9869604401089358
-4.36 0.00023558114504272998 -0.9869604401089358
-4.35 0.00023460865811344807 -0.9869604401089358
-4.34 0.00023220281665977245 -0.9869604401089358
-4.33 0.0002286857562409458 -0.9869604401089358
-4.32 0.00022437951350950743 -0.9869604401089358
-4.31 0.00021935654238195275 -0.9869604401089358
-4.3 0.00021384156528515897 -0.9869604401089358
-4.29 0.00020801141325716877 -0.9869604401089358
-4.28 0.000202277522998674 -0.9869604401089358
-4.27 0.00019678213957233405 -0.9869604401089358
-4.26 0.00019174902413791753 -0.9869604401089358
-4.25 0.00018713879431997657 -0.9869604401089358
-4.24 0.00018283298835106837 -0.9869604401089358
-4.23 0.00017848823794509863 -0.9869604401089358
-4.22 0.00017393597049095104 -0.9869604401089358
-4.21 0.0001688804035116115 -0.9869604401089358
-4.2 0.00016366745692219606 -0.9869604401089358
-4.1899999999999995 0.00015816883750812197 -0.9869604401089358
-4.18 0.00015256109756735624 -0.9869604401089358
-4.17 0.00014662695115216692 -0.9869604401089358
-4.16 0.00014035096836723758 -0.9869604401089358
-4.15 0.00013371733241314713 -0.9869604401089358
-4.14 0.00012715271811333936 -0.9869604401089358
-4.13 0.00012078321641013044 -0.9869604401089358
-4.12 0.00011502022330310475 -0.9869604401089358
-4.11 0.00011001437461008227 -0.9869604401089358
-4.1 0.00010573213175407333 -0.9869604401089358
-4.09 0.00010218996197764929 -0.9869604401089358
-4.08 9.9422921387473e-05 -0.9869604401089358
-4.07 9.753085453348143e-05 -0.9869604401089358
-4.06 9.696563020781259e-05 -0.9869604401089358
-4.05 9.778402636152896e-05 -0.9869604401089358
-4.04 9.983234813709469e-05 -0.9869604401089358
-4.03 0.00010292112646453542 -0.9869604401089358
-4.02 0.00010697108540146685 -0.9869604401089358
-4.01 0.0001122064720416461 -0.9869604401089358
-4.0 0.00011876340991943608 -0.9869604401089358
-3.99 0.00012658334859782218 -0.9869604401089358
-3.98 0.0001352983774188053 -0.9869604401089358
-3.9699999999999998 0.00014483377107362127 -0.9869604401089358
-3.96 0.00015520772156266713 -0.9869604401089358
-3.95 0.0001667054517848997 -0.9869604401089358
-3.94 0.00017916980727896388 -0.9869604401089358
-3.9299999999999997 0.00019266658889954816 -0.9869604401089358
-3.92 0.0002071963369205397 -0.9869604401089358
-3.91 0.0002232777360830761 -0.9869604401089358
-3.9 0.00024093021169723346 -0.9869604401089358
-3.8899999999999997 0.0002602333185243349 -0.9869604401089358
-3.88 0.00028030722656407136 -0.9869604401089358
-3.87 0.00030105195549659763 -0.9869604401089358
-3.86 0.00032212940930205193 -0.9869604401089358
-3.8499999999999996 0.0003438619477176565 -0.9869604401089358
-3.84 0.0003660749631205305 -0.9869604401089358
-3.83 0.0003881632640573518 -0.9869604401089358
-3.8200000000000003 0.00040933539711173204 -0.9869604401089358
-3.81 0.0004291205682518611 -0.9869604401089358
-3.8 0.00044682515792130996 -0.9869604401089358
-3.79 0.00046235325791603004 -0.9869604401089358
-3.7800000000000002 0.0004755540620304154 -0.9869604401089358
-3.77 0.0004861788989740077 -0.9869604401089358
-3.76 0.0004944065652075312 -0.9869604401089358
-3.75 0.0004998240715026937 -0.9869604401089358
-3.74 0.0005024597079849613 -0.9869604401089358
-3.73 0.0005021650181105641 -0.9869604401089358
-3.7199999999999998 0.0004991116852072468 -0.9869604401089358
-3.71 0.0004939542349880438 -0.9869604401089358
-3.7 0.0004868018379195834 -0.9869604401089358
-3.69 0.0004778659151468212 -0.9869604401089358
-3.6799999999999997 0.00046775739912131327 -0.9869604401089358
-3.67 0.00045708090083823713 -0.9869604401089358
-3.66 0.0004467068493364988 -0.9869604401089358
-3.65 0.0004373750642406696 -0.9869604401089358
-3.6399999999999997 0.0004293959100595575 -0.9869604401089358
-3.63 0.0004228590921129118 -0.9869604401089358
-3.62 0.0004183312697053479 -0.9869604401089358
-3.61 0.0004162552395654672 -0.9869604401089358
-3.5999999999999996 0.000417478094515431 -0.9869604401089358
-3.59 0.0004223583203357663 -0.9869604401089358
-3.58 0.00043159876682542314 -0.9869604401089358
-3.5700000000000003 0.0004453398848675771 -0.9869604401089358
-3.56 0.0004636116050462411 -0.9869604401089358
-3.55 0.00048645174779331224 -0.9869604401089358
-3.54 0.0005140740215243182 -0.9869604401089358
-3.5300000000000002 0.0005461884458526524 -0.9869604401089358
-3.52 0.0005833412633485883 -0.9869604401089358
-3.51 0.0006251527065010694 -0.9869604401089358
-3.5 0.0006716080448198881 -0.9869604401089358
-3.49 0.0007225981484729734 -0.9869604401089358
-3.48 0.0007777508893635357 -0.9869604401089358
-3.4699999999999998 0.0008361963995798222 -0.9869604401089358
-3.46 0.0008969289536591076 -0.9869604401089358
-3.45 0.00095902360695669 -0.9869604401089358
-3.44 0.001021955969407631 -0.9869604401089358
-3.4299999999999997 0.0010850861311403517 -0.9869604401089358
-3.42 0.0011471183835026631 -0.9869604401089358
-3.41 0.001207764349674505 -0.9869604401089358
-3.4 0.001265348085476423 -0.9869604401089358
-3.3899999999999997 0.0013202156348026274 -0.9869604401089358
-3.38 0.0013719697131108633 -0.9869604401089358
-3.37 0.0014190507727979303 -0.9869604401089358
-3.36 0.0014606216244148445 -0.9869604401089358
-3.3499999999999996 0.0014973528495197661 -0.9869604401089358
-3.34 0.001528879499113223 -0.9869604401089358
-3.33 0.0015563647436111737 -0.9869604401089358
-3.3200000000000003 0.0015786552069909905 -0.9869604401089358
-3.31 0.0015947830667593856 -0.9869604401089358
-3.3 0.0016043255879674859 -0.9869604401089358
-3.29 0.0016092395607082586 -0.9869604401089358
-3.2800000000000002 0.001610664259647678 -0.9869604401089358
-3.27 0.0016100630676123624 -0.9869604401089358
-3.26 0.001606869331178197 -0.9869604401089358
-3.25 0.0016024354479985525 -0.9869604401089358
-3.24 0.0015971817262502284 -0.9869604401089358
-3.23 0.001592594798761712 -0.9869604401089358
-3.2199999999999998 0.0015904601919364562 -0.9869604401089358
-3.21 0.0015917932266092433 -0.9869604401089358
-3.2 0.0015975716956912736 -0.9869604401089358
-3.19 0.0016090619456470942 -0.9869604401089358
-3.1799999999999997 0.0016261939943837652 -0.9869604401089358
-3.17 0.001648558668958122 -0.9869604401089358
-3.16 0.001676768111601016 -0.9869604401089358
-3.15 0.0017117413660111588 -0.9869604401089358
-3.1399999999999997 0.0017539481208514107 -0.9869604401089358
-3.13 0.0018031955997002142 -0.9869604401089358
-3.12 0.0018581409592108619 -0.9869604401089358
-3.11 0.0019187375644352579 -0.9869604401089358
-3.0999999999999996 0.0019842981514269498 -0.9869604401089358
-3.09 0.002055048527274356 -0.9869604401089358
-3.08 0.0021311661845425213 -0.9869604401089358
-3.0700000000000003 0.002209947494759235 -0.9869604401089358
-3.06 0.0022907693738829673 -0.9869604401089358
-3.05 0.002373798925688182 -0.9869604401089358
-3.04 0.0024579447964163765 -0.9869604401089358
-3.0300000000000002 0.0025437111070922115 -0.9869604401089358
-3.02 0.002631424797517931 -0.9869604401089358
-3.01 0.002719741927075355 -0.9869604401089358
-3.0 0.0028078595046746747 -0.9869604401089358
-2.9899999999999998 0.002894931562460695 -0.9869604401089358
-2.98 0.0029804396217569047 -0.9869604401089358
-2.9699999999999998 0.0030623958454873363 -0.9869604401089358
-2.96 0.003140843859307112 -0.9869604401089358
-2.95 0.0032147178909325844 -0.9869604401089358
-2.94 0.0032833630167526514 -0.9869604401089358
-2.93 0.003346031191819823 -0.9869604401089358
-2.92 0.003404184059533316 -0.9869604401089358
-2.91 0.0034547009043335605 -0.9869604401089358
-2.9 0.00349782014662609 -0.9869604401089358
-2.89 0.0035331521764420627 -0.9869604401089358
-2.88 0.003562736340683667 -0.9869604401089358
-2.87 0.0035880406170372345 -0.9869604401089358
-2.86 0.003611561400116234 -0.9869604401089358
-2.85 0.0036327684471699024 -0.9869604401089358
-2.84 0.00365236158272528 -0.9869604401089358
-2.83 0.003672022852589179 -0.9869604401089358
-2.82 0.0036929070979169003 -0.9869604401089358
-2.81 0.0037169592390624163 -0.9869604401089358
-2.8 0.0037449960984871885 -0.9869604401089358
-2.79 0.0037772121156387367 -0.9869604401089358
-2.78 0.003814638937001065 -0.9869604401089358
-2.77 0.003856116756215412 -0.9869604401089358
-2.76 0.0039007568563978914 -0.9869604401089358
-2.75 0.0039483792126214666 -0.9869604401089358
-2.7399999999999998 0.0040000297702500395 -0.9869604401089358
-2.73 0.004056845531578081 -0.9869604401089358
-2.7199999999999998 0.004117275350772885 -0.9869604401089358
-2.71 0.004180627215638586 -0.9869604401089358
-2.6999999999999997 0.004246132987978791 -0.9869604401089358
-2.69 0.004313355536120299 -0.9869604401089358
-2.68 0.004386234977208422 -0.9869604401089358
-2.67 0.004464118659541925 -0.9869604401089358
-2.66 0.00454569876674208 -0.9869604401089358
-2.65 0.0046320363341482915 -0.9869604401089358
-2.64 0.0047230183265271055 -0.9869604401089358
-2.63 0.004818487658776312 -0.9869604401089358
-2.62 0.00491937566708793 -0.9869604401089358
-2.61 0.005023863401279195 -0.9869604401089358
-2.6 0.005131741487401757 -0.9869604401089358
-2.59 0.005243231183857826 -0.9869604401089358
-2.58 0.0053567165571622565 -0.9869604401089358
-2.57 0.00547173336954056 -0.9869604401089358
-2.56 0.005585882975727592 -0.9869604401089358
-2.55 0.005698869773972376 -0.9869604401089358
-2.54 0.005810626789106228 -0.9869604401089358
-2.53 0.005921697363240494 -0.9869604401089358
-2.52 0.006028919482367045 -0.9869604401089358
-2.51 0.006133501972456909 -0.9869604401089358
-2.5 0.006234236855933635 -0.9869604401089358
-2.4899999999999998 0.00633243149945181 -0.9869604401089358
-2.48 0.006429898147022236 -0.9869604401089358
-2.4699999999999998 0.006529246819145156 -0.9869604401089358
-2.46 0.006631867537051737 -0.9869604401089358
-2.4499999999999997 0.006737335590700266 -0.9869604401089358
-2.44 0.006845505729680232 -0.9869604401089358
-2.43 0.006957830262301644 -0.9869604401089358
-2.42 0.007073175211549832 -0.9869604401089358
-2.41 0.007193408946777142 -0.9869604401089358
-2.4 0.007321723811802685 -0.9869604401089358
-2.39 0.007453502562089217 -0.9869604401089358
-2.38 0.007590105921486324 -0.9869604401089358
-2.37 0.007731710604536347 -0.9869604401089358
-2.36 0.007875952896948962 -0.9869604401089358
-2.35 0.008023136914546125 -0.9869604401089358
-2.34 0.008175338598596876 -0.9869604401089358
-2.33 0.008331385437939577 -0.9869604401089358
-2.32 0.008491761200477807 -0.9869604401089358
-2.31 0.008656087928464224 -0.9869604401089358
-2.3 0.00882284429174778 -0.9869604401089358
-2.29 0.00899402455614814 -0.9869604401089358
-2.28 0.00917085676173033 -0.9869604401089358
-2.27 0.009353994749742944 -0.9869604401089358
-2.26 0.009541879958105794 -0.9869604401089358
-2.25 0.009733439103449038 -0.9869604401089358
-2.2399999999999998 0.009930420282579497 -0.9869604401089358
-2.23 0.010136700340571571 -0.9869604401089358
-2.2199999999999998 0.010352690153583073 -0.9869604401089358
-2.21 0.010576749377221776 -0.9869604401089358
-2.1999999999999997 0.010807183514884695 -0.9869604401089358
-2.19 0.011043566960432228 -0.9869604401089358
-2.18 0.011289969889877774 -0.9869604401089358
-2.17 0.011548140846233668 -0.9869604401089358
-2.16 0.011818089870323286 -0.9869604401089358
-2.15 0.012101288976583637 -0.9869604401089358
-2.14 0.012396337357583083 -0.9869604401089358
-2.13 0.012701926968094518 -0.9869604401089358
-2.12 0.013020152345937371 -0.9869604401089358
-2.11 0.013352393575880318 -0.9869604401089358
-2.1 0.01369990470858143 -0.9869604401089358
-2.09 0.014067921002409375 -0.9869604401089358
-2.08 0.01445549882178053 -0.9869604401089358
-2.07 0.014861061178678883 -0.9869604401089358
-2.06 0.015283809399834316 -0.9869604401089358
-2.05 0.015728235824099126 -0.9869604401089358
-2.04 0.016194233113968726 -0.9869604401089358
-2.03 0.01668237914860627 -0.9869604401089358
-2.02 0.01718958927272315 -0.9869604401089358
-2.01 0.01771580032646118 -0.9869604401089358
-2.0 0.018256498775780002 -0.9869604401089358
-1.9899999999999998 0.01881624611361539 -0.9869604401089358
-1.98 0.019395062733174942 -0.9869604401089358
-1.9699999999999998 0.01999179873743697 -0.9869604401089358
-1.96 0.020601487805722705 -0.9869604401089358
-1.9499999999999997 0.021220220633182508 -0.9869604401089358
-1.94 0.021844568562014024 -0.9869604401089358
-1.9299999999999997 0.022475515290112543 -0.9869604401089358
-1.92 0.023115007992635567 -0.9869604401089358
-1.9100000000000001 0.023766233111430973 -0.9869604401089358
-1.9 0.02442685208753195 -0.9869604401089358
-1.8900000000000001 0.02509273617924398 -0.9869604401089358
-1.88 0.025762038348523513 -0.9869604401089358
-1.87 0.026434800005756078 -0.9869604401089358
-1.8599999999999999 0.027106574591895347 -0.9869604401089358
-1.85 0.027783174709152432 -0.9869604401089358
-1.8399999999999999 0.028469261990458638 -0.9869604401089358
-1.83 0.029171108945370824 -0.9869604401089358
-1.8199999999999998 0.029887239486443836 -0.9869604401089358
-1.81 0.0306211326690064 -0.9869604401089358
-1.7999999999999998 0.031370941973537896 -0.9869604401089358
-1.79 0.032140740372836006 -0.9869604401089358
-1.7799999999999998 0.0329383884760717 -0.9869604401089358
-1.77 0.03376364807584152 -0.9869604401089358
-1.7599999999999998 0.03461757315859954 -0.9869604401089358
-1.75 0.035504390067111175 -0.9869604401089358
-1.7399999999999998 0.03642820678515933 -0.9869604401089358
-1.73 0.0373895068707895 -0.9869604401089358
-1.7199999999999998 0.038396007722085776 -0.9869604401089358
-1.71 0.03944505374184283 -0.9869604401089358
-1.6999999999999997 0.04053937128921085 -0.9869604401089358
-1.69 0.04168343320552776 -0.9869604401089358
-1.6799999999999997 0.04287286441412741 -0.9869604401089358
-1.67 0.04410253544011118 -0.9869604401089358
-1.6600000000000001 0.045377826820986365 -0.9869604401089358
-1.65 0.04670252496244721 -0.9869604401089358
-1.6400000000000001 0.04807420569659587 -0.9869604401089358
-1.63 0.049489840062918795 -0.9869604401089358
-1.62 0.050941561720106054 -0.9869604401089358
-1.6099999999999999 0.05242000207276026 -0.9869604401089358
-1.6 0.05392495030943261 -0.9869604401089358
-1.5899999999999999 0.05545682557527781 -0.9869604401089358
-1.58 0.0570187727546038 -0.9869604401089358
-1.5699999999999998 0.05860903112182244 -0.9869604401089358
-1.56 0.060221294017561995 -0.9869604401089358
-1.5499999999999998 0.06184862017667935 -0.9869604401089358
-1.54 0.06349046335131747 -0.9869604401089358
-1.5299999999999998 0.06514043865157952 -0.9869604401089358
-1.52 0.06680000670293981 -0.9869604401089358
-1.5099999999999998 0.06847204503852855 -0.9869604401089358
-1.5 0.0701496010079742 -0.9869604401089358
-1.4899999999999998 0.07182612911025414 -0.9869604401089358
-1.48 0.07350997620591881 -0.9869604401089358
-1.4699999999999998 0.07519286176037422 -0.9869604401089358
-1.46 0.0768809751366915 -0.9869604401089358
-1.4499999999999997 0.07858277420570288 -0.9869604401089358
-1.44 0.08029949076524885 -0.9869604401089358
-1.4299999999999997 0.08202637542210876 -0.9869604401089358
-1.42 0.0837666564715005 -0.9869604401089358
-1.4100000000000001 0.08551652037275317 -0.9869604401089358
-1.4 0.08729710513146192 -0.9869604401089358
-1.3900000000000001 0.0891110678008187 -0.9869604401089358
-1.38 0.09096302768212307 -0.9869604401089358
-1.37 0.0928524778673501 -0.9869604401089358
-1.3599999999999999 0.09478262808001818 -0.9869604401089358
-1.35 0.09676160797327026 -0.9869604401089358
-1.3399999999999999 0.0988000548955411 -0.9869604401089358
-1.33 0.1008908459862983 -0.9869604401089358
-1.3199999999999998 0.10304389770881185 -0.9869604401089358
-1.31 0.10525270409386026 -0.9869604401089358
-1.2999999999999998 0.1075120525061833 -0.9869604401089358
-1.29 0.10982312280922896 -0.9869604401089358
-1.2799999999999998 0.11218399906424172 -0.9869604401089358
-1.27 0.11459295085726694 -0.9869604401089358
-1.2599999999999998 0.11704827435614155 -0.9869604401089358
-1.25 0.11954412680800906 -0.9869604401089358
-1.2399999999999998 0.12206896655606907 -0.9869604401089358
-1.23 0.12461784662741271 -0.9869604401089358
-1.2199999999999998 0.12719306427011115 -0.9869604401089358
-1.21 0.12980220052181088 -0.9869604401089358
-1.1999999999999997 0.1324405905041133 -0.9869604401089358
-1.19 0.13510802839270392 -0.9869604401089358
-1.1799999999999997 0.13779170513108668 -0.9869604401089358
-1.17 0.1404983589865722 -0.9869604401089358
-1.1600000000000001 0.14322136100789784 -0.9869604401089358
-1.15 0.14596509806421107 -0.9869604401089358
-1.1400000000000001 0.148732391831463 -0.9869604401089358
-1.13 0.15150482877768415 -0.9869604401089358
-1.12 0.15427602152304581 -0.9869604401089358
-1.1099999999999999 0.1570498171640908 -0.9869604401089358
-1.1 0.15982602526880924 -0.9869604401089358
-1.0899999999999999 0.1625989262740657 -0.9869604401089358
-1.08 0.16537435933125152 -0.9869604401089358
-1.0699999999999998 0.1681384153690609 -0.9869604401089358
-1.06 0.17089075441674206 -0.9869604401089358
-1.0499999999999998 0.173622438320627 0.0
-1.04 0.1766842351517876 0.0
-1.0299999999999998 0.18009561503150714 0.0
-1.02 0.18388820621764337 0.0
-1.0099999999999998 0.18808038737117794 0.0
-1.0 0.19268395561990995 -0.9869604401089358
-0.9900000000000002 0.19732290030762367 -0.9869604401089358
-0.9799999999999995 0.2020059675918621 -0.9869604401089358
-0.9699999999999998 0.20673734202522737 -0.9869604401089358
-0.96 0.2115233833562748 -0.9869604401089358
-0.9500000000000002 0.21636203770000872 -0.9869604401089358
-0.9399999999999995 0.2212480283390913 -0.9869604401089358
-0.9299999999999997 0.22617275465937525 -0.9869604401089358
-0.9199999999999999 0.23112966115557612 -0.9869604401089358
-0.9100000000000001 0.2361181269571704 -0.9869604401089358
-0.9000000000000004 0.2411359811372074 -0.9869604401089358
-0.8899999999999997 0.2461766195624097 -0.9869604401089358
-0.8799999999999999 0.25122986354971477 -0.9869604401089358
-0.8700000000000001 0.25629411891807996 -0.9869604401089358
-0.8600000000000003 0.2613627169353226 -0.9869604401089358
-0.8499999999999996 0.2664293173883905 -0.9869604401089358
-0.8399999999999999 0.2715082081623448 -0.9869604401089358
-0.8300000000000001 0.2766121659354036 -0.9869604401089358
-0.8200000000000003 0.28173606058479256 -0.9869604401089358
-0.8099999999999996 0.2868835705117514 -0.9869604401089358
-0.7999999999999998 0.29204619130748105 -0.9869604401089358
-0.79 0.2972129992508069 -0.9869604401089358
-0.7800000000000002 0.30240240560904635 -0.9869604401089358
-0.7699999999999996 0.30762061397556834 -0.9869604401089358
-0.7599999999999998 0.31285784563665753 -0.9869604401089358
-0.75 0.31810663823090024 -0.9869604401089358
-0.7400000000000002 0.323355868943936 -0.9869604401089358
-0.7299999999999995 0.3285957516341168 -0.9869604401089358
-0.7199999999999998 0.33381089637154615 -0.9869604401089358
-0.71 0.3389838991949983 -0.9869604401089358
-0.7000000000000002 0.3441172515025258 -0.9869604401089358
-0.6899999999999995 0.3492171249434073 -0.9869604401089358
-0.6799999999999997 0.35426862969811224 -0.9869604401089358
-0.6699999999999999 0.35925807508011864 -0.9869604401089358
-0.6600000000000001 0.36418629332011143 -0.9869604401089358
-0.6499999999999995 0.36905241035723735 -0.9869604401089358
-0.6399999999999997 0.3738619024422285 -0.9869604401089358
-0.6299999999999999 0.37862117903185954 -0.9869604401089358
-0.6200000000000001 0.3833263885407758 -0.9869604401089358
-0.6100000000000003 0.38796781162379795 -0.9869604401089358
-0.5999999999999996 0.3925478545527034 -0.9869604401089358
-0.5899999999999999 0.3970571746914912 -0.9869604401089358
-0.5800000000000001 0.4014970457575924 -0.9869604401089358
-0.5700000000000003 0.4058740540578886 -0.9869604401089358
-0.5599999999999996 0.4101901805161918 -0.9869604401089358
-0.5499999999999998 0.41443378826052296 -0.9869604401089358
-0.54 0.4186010286806246 -0.9869604401089358
-0.5300000000000002 0.4226743565354694 -0.9869604401089358
-0.5199999999999996 0.42665449276233663 -0.9869604401089358
-0.5099999999999998 0.43054037869247014 -0.9869604401089358
-0.5 0.43434886439112935 -0.9869604401089358
-0.4900000000000002 0.4380869985203682 -0.9869604401089358
-0.47999999999999954 0.4417541880944564 -0.9869604401089358
-0.46999999999999975 0.44534119177826414 -0.9869604401089358
-0.45999999999999996 0.44886983781607515 -0.9869604401089358
-0.4500000000000002 0.452341381477759 -0.9869604401089358
-0.4399999999999995 0.455785039999937 -0.9869604401089358
-0.4299999999999997 0.4592057406412074 -0.9869604401089358
-0.41999999999999993 0.462613969714611 -0.9869604401089358
-0.41000000000000014 0.4660026986049216 -0.9869604401089358
-0.39999999999999947 0.469368034843549 -0.9869604401089358
-0.3899999999999997 0.47271315482107235 -0.9869604401089358
-0.3799999999999999 0.47604829056107645 -0.9869604401089358
-0.3700000000000001 0.4793542664793057 -0.9869604401089358
-0.3600000000000003 0.4826407127058208 -0.9869604401089358
-0.34999999999999964 0.48590043498430147 -0.9869604401089358
-0.33999999999999986 0.48909594182273936 -0.9869604401089358
-0.33000000000000007 0.49221233281699145 -0.9869604401089358
-0.3200000000000003 0.4952579840575193 -0.9869604401089358
-0.3099999999999996 0.4982383377393178 -0.9869604401089358
-0.2999999999999998 0.5011536591312977 -0.9869604401089358
-0.29000000000000004 0.5039849666788463 -0.9869604401089358
-0.28000000000000025 0.5067212675248072 -0.9869604401089358
-0.2699999999999996 0.5093501021161663 -0.9869604401089358
-0.2599999999999998 0.5118637841856395 -0.9869604401089358
-0.25 0.5142576002911989 -0.9869604401089358
-0.2400000000000002 0.5165375786695914 -0.9869604401089358
-0.22999999999999954 0.5187000822184591 -0.9869604401089358
-0.21999999999999975 0.5207398590154525 -0.9869604401089358
-0.20999999999999996 0.5226535296287671 -0.9869604401089358
-0.20000000000000018 0.5244411355790706 -0.9869604401089358
-0.1899999999999995 0.5260707094002827 -0.9869604401089358
-0.17999999999999972 0.527577046856572 -0.9869604401089358
-0.16999999999999993 0.5289662700167111 -0.9869604401089358
-0.16000000000000014 0.530215959672598 -0.9869604401089358
-0.14999999999999947 0.531322294710965 -0.9869604401089358
-0.13999999999999968 0.5322965061234314 -0.9869604401089358
-0.1299999999999999 0.5331390082698757 -0.9869604401089358
-0.1200000000000001 0.5338835080201676 -0.9869604401089358
-0.11000000000000032 0.5345159040988868 -0.9869604401089358
-0.09999999999999964 0.5350574763886555 -0.9869604401089358
-0.08999999999999986 0.5355228678800268 -0.9869604401089358
-0.08000000000000007 0.5359075235954681 -0.9869604401089358
-0.07000000000000028 0.536217023088413 -0.9869604401089358
-0.05999999999999961 0.5364750973691638 -0.9869604401089358
-0.04999999999999982 0.5366798932383479 -0.9869604401089358
-0.040000000000000036 0.5368610945254537 -0.9869604401089358
-0.03000000000000025 0.5370291372808886 -0.9869604401089358
-0.019999999999999574 0.5371742402197476 -0.9869604401089358
-0.009999999999999787 0.5372706778238688 -0.9869604401089358
0.0 0.5373375232490146 -0.9869604401089358
0.009999999999999787 0.537378125878677 -0.9869604401089358
0.020000000000000462 0.5373845448299915 -0.9869604401089358
0.03000000000000025 0.5373586743508655 -0.9869604401089358
0.040000000000000036 0.5373056573007995 -0.9869604401089358
0.04999999999999982 0.5372149596757785 -0.9869604401089358
0.0600000000000005 0.5370900910788252 -0.9869604401089358
0.07000000000000028 0.5368849600835337 -0.9869604401089358
0.08000000000000007 0.5366036903173947 -0.9869604401089358
0.08999999999999986 0.5362480407571851 -0.9869604401089358
0.10000000000000053 0.5357955264502167 -0.9869604401089358
0.11000000000000032 0.535241019511849 -0.9869604401089358
0.1200000000000001 0.5345800777215935 -0.9869604401089358
0.1299999999999999 0.5337718099608239 -0.9869604401089358
0.13999999999999968 0.5328404544758782 -0.9869604401089358
0.15000000000000036 0.531783074592092 -0.9869604401089358
0.16000000000000014 0.5305900209837787 -0.9869604401089358
0.16999999999999993 0.5292524109520915 -0.9869604401089358
0.17999999999999972 0.5277780513607262 -0.9869604401089358
0.1900000000000004 0.5261621449761767 -0.9869604401089358
0.20000000000000018 0.5244067454864877 -0.9869604401089358
0.20999999999999996 0.5225028180521138 -0.9869604401089358
0.21999999999999975 0.5204780408550547 -0.9869604401089358
0.23000000000000043 0.5183484506763162 -0.9869604401089358
0.2400000000000002 0.5161179748212316 -0.9869604401089358
0.25 0.513765375459163 -0.9869604401089358
0.2599999999999998 0.5112990903145543 -0.9869604401089358
0.27000000000000046 0.5087294201969502 -0.9869604401089358
0.28000000000000025 0.5060609849333932 -0.9869604401089358
0.29000000000000004 0.5033219981828388 -0.9869604401089358
0.2999999999999998 0.5005228985095461 -0.9869604401089358
0.3100000000000005 0.497644157680631 -0.9869604401089358
0.3200000000000003 0.49470170568665317 -0.9869604401089358
0.33000000000000007 0.491694613727732 -0.9869604401089358
0.33999999999999986 0.48861880766547344 -0.9869604401089358
0.35000000000000053 0.4854896200524076 -0.9869604401089358
0.3600000000000003 0.4823227348840222 -0.9869604401089358
0.3700000000000001 0.4791342170673445 -0.9869604401089358
0.3799999999999999 0.47592407386638486 -0.9869604401089358
0.3899999999999997 0.4726713530134282 -0.9869604401089358
0.40000000000000036 0.4693972177816814 -0.9869604401089358
0.41000000000000014 0.46611048287438117 -0.9869604401089358
0.41999999999999993 0.46281358703250947 -0.9869604401089358
0.4299999999999997 0.4594962268736587 -0.9869604401089358
0.4400000000000004 0.4561552286045982 -0.9869604401089358
0.4500000000000002 0.4527626440136886 -0.9869604401089358
0.45999999999999996 0.4493133302303885 -0.9869604401089358
0.46999999999999975 0.44579486094480375 -0.9869604401089358
0.4800000000000004 0.4422179940120112 -0.9869604401089358
0.4900000000000002 0.4385638163810105 -0.9869604401089358
0.5 0.4348325352281198 -0.9869604401089358
0.5099999999999998 0.43101212361883107 -0.9869604401089358
0.5200000000000005 0.4270911225061279 -0.9869604401089358
0.5300000000000002 0.4230602875123211 -0.9869604401089358
0.54 0.4189361204216093 -0.9869604401089358
0.5499999999999998 0.4147261692945951 -0.9869604401089358
0.5600000000000005 0.4104412393044646 -0.9869604401089358
0.5700000000000003 0.4060786269411161 -0.9869604401089358
0.5800000000000001 0.40163980364964746 -0.9869604401089358
0.5899999999999999 0.3971235901905362 -0.9869604401089358
0.6000000000000005 0.39253990221147483 -0.9869604401089358
0.6100000000000003 0.38789969873898217 -0.9869604401089358
0.6200000000000001 0.3832112312900549 -0.9869604401089358
0.6299999999999999 0.3784744111613697 -0.9869604401089358
0.6399999999999997 0.3736844172559459 -0.9869604401089358
0.6500000000000004 0.3688356163569541 -0.9869604401089358
0.6600000000000001 0.36393464630454625 -0.9869604401089358
0.6699999999999999 0.35897905506336736 -0.9869604401089358
0.6799999999999997 0.35397383206468824 -0.9869604401089358
0.6900000000000004 0.3489267576670895 -0.9869604401089358
0.7000000000000002 0.3438352030148352 -0.9869604401089358
0.71 0.3387033662650662 -0.9869604401089358
0.7199999999999998 0.33353276318502495 -0.9869604401089358
0.7300000000000004 0.3283175474190294 -0.9869604401089358
0.7400000000000002 0.3230846739657801 -0.9869604401089358
0.75 0.31786382786418876 -0.9869604401089358
0.7599999999999998 0.3126507376277072 -0.9869604401089358
0.7700000000000005 0.30744744058370627 -0.9869604401089358
0.7800000000000002 0.302261162489807 -0.9869604401089358
0.79 0.29708973438195757 -0.9869604401089358
0.7999999999999998 0.2919375203920826 -0.9869604401089358
0.8100000000000005 0.28680260059966967 -0.9869604401089358
0.8200000000000003 0.28168760580713936 -0.9869604401089358
0.8300000000000001 0.27659966956336657 -0.9869604401089358
0.8399999999999999 0.2715299043048974 -0.9869604401089358
0.8500000000000005 0.26646817713611126 -0.9869604401089358
0.8600000000000003 0.2614115241708689 -0.9869604401089358
0.8700000000000001 0.25635961783160927 -0.9869604401089358
0.8799999999999999 0.2513184804320699 -0.9869604401089358
0.8899999999999997 0.24629771487154295 -0.9869604401089358
0.9000000000000004 0.24129030948610117 -0.9869604401089358
0.9100000000000001 0.23628939468879415 -0.9869604401089358
0.9199999999999999 0.23130517425425387 -0.9869604401089358
0.9299999999999997 0.22634957619741805 -0.9869604401089358
0.9400000000000004 0.22143023741491952 -0.9869604401089358
0.9500000000000002 0.21655937944299583 -0.9869604401089358
0.96 0.21174025889287612 -0.9869604401089358
0.9699999999999998 0.20696160585905304 -0.9869604401089358
0.9800000000000004 0.2022233711148959 -0.9869604401089358
0.9900000000000002 0.19752412497853614 -0.9869604401089358
1.0 0.19287024255813529 -0.9869604401089358
1.0099999999999998 0.18825926232046813 0.0
1.0200000000000005 0.1840656165976504 0.0
1.0300000000000002 0.18026548400896353 0.0
1.04 0.17683016119937456 0.0
1.0499999999999998 0.1737335850214945 0.0
1.0600000000000005 0.1709653972759161 -0.9869604401089358
1.0700000000000003 0.1681815869128631 -0.9869604401089358
1.08 0.16539622470447093 -0.9869604401089358
1.0899999999999999 0.16259937990931786 -0.9869604401089358
1.1000000000000005 0.1597917822898985 -0.9869604401089358
1.1100000000000003 0.15697352280035579 -0.9869604401089358
1.12 0.154154920432043 -0.9869604401089358
1.13 0.15134496852099316 -0.9869604401089358
1.1400000000000006 0.1485481156543815 -0.9869604401089358
1.1500000000000004 0.1457637351944105 -0.9869604401089358
1.1600000000000001 0.14299605476741473 -0.9869604401089358
1.17 0.14024966000401629 -0.9869604401089358
1.1799999999999997 0.13751999655889238 -0.9869604401089358
1.1900000000000004 0.1348217522593469 -0.9869604401089358
1.2000000000000002 0.13215998707831075 -0.9869604401089358
1.21 0.12953604249896167 -0.9869604401089358
1.2199999999999998 0.12694109688022745 -0.9869604401089358
1.2300000000000004 0.12438179032143838 -0.9869604401089358
1.2400000000000002 0.1218474312429883 -0.9869604401089358
1.25 0.11934427877922492 -0.9869604401089358
1.2599999999999998 0.11688670576309292 -0.9869604401089358
1.2700000000000005 0.11447553784837393 -0.9869604401089358
1.2800000000000002 0.11211131733721381 -0.9869604401089358
1.29 0.10979356340882546 -0.9869604401089358
1.2999999999999998 0.10752125296494701 -0.9869604401089358
1.3100000000000005 0.10530402577504994 -0.9869604401089358
1.3200000000000003 0.10314691349267584 -0.9869604401089358
1.33 0.10104391950019907 -0.9869604401089358
1.3399999999999999 0.09899881341236909 -0.9869604401089358
1.3500000000000005 0.09699364302177725 -0.9869604401089358
1.3600000000000003 0.09503548500668732 -0.9869604401089358
1.37 0.09312352032519305 -0.9869604401089358
1.38 0.0912515056191206 -0.9869604401089358
1.3900000000000006 0.08941382960376804 -0.9869604401089358
1.4000000000000004 0.08760696330416845 -0.9869604401089358
1.4100000000000001 0.08581793615614063 -0.9869604401089358
1.42 0.08404806260224085 -0.9869604401089358
1.4299999999999997 0.08228526125389973 -0.9869604401089358
1.4400000000000004 0.08053384151920165 -0.9869604401089358
1.4500000000000002 0.07879367689827234 -0.9869604401089358
1.46 0.07706243407376244 -0.9869604401089358
1.4699999999999998 0.07532943033437695 -0.9869604401089358
1.4800000000000004 0.07359348251920853 -0.9869604401089358
1.4900000000000002 0.07185550794287171 -0.9869604401089358
1.5 0.07012693663574937 -0.9869604401089358
1.5099999999999998 0.06840905215460501 -0.9869604401089358
1.5200000000000005 0.06669966323195299 -0.9869604401089358
1.5300000000000002 0.06499771212834352 -0.9869604401089358
1.54 0.06330763167056716 -0.9869604401089358
1.5499999999999998 0.06162956814940291 -0.9869604401089358
1.5600000000000005 0.05997451603265934 -0.9869604401089358
1.5700000000000003 0.058352228007083555 -0.9869604401089358
1.58 0.056759079272701116 -0.9869604401089358
1.5899999999999999 0.05519302560620512 -0.9869604401089358
1.6000000000000005 0.053660319968554866 -0.9869604401089358
1.6100000000000003 0.0521550094932393 -0.9869604401089358
1.62 0.050683391917658936 -0.9869604401089358
1.63 0.04925493515875034 -0.9869604401089358
1.6400000000000006 0.04787100204402021 -0.9869604401089358
1.6500000000000004 0.046533167280308596 -0.9869604401089358
1.6600000000000001 0.04524480584810121 -0.9869604401089358
1.67 0.04400283884475286 -0.9869604401089358
1.6799999999999997 0.04280686913422801 -0.9869604401089358
1.6900000000000004 0.041658929444772196 -0.9869604401089358
1.7000000000000002 0.04055819358025172 -0.9869604401089358
1.71 0.03950420682478743 -0.9869604401089358
1.7199999999999998 0.0384915008100411 -0.9869604401089358
1.7300000000000004 0.03751153675793731 -0.9869604401089358
1.7400000000000002 0.036569009245379605 -0.9869604401089358
1.75 0.03566374290168942 -0.9869604401089358
1.7599999999999998 0.0347943860912788 -0.9869604401089358
1.7700000000000005 0.03395512811564348 -0.9869604401089358
1.7800000000000002 0.0331418285078202 -0.9869604401089358
1.79 0.032348076438660105 -0.9869604401089358
1.7999999999999998 0.031571979286605954 -0.9869604401089358
1.8100000000000005 0.030811700864597422 -0.9869604401089358
1.8200000000000003 0.030063756340509534 -0.9869604401089358
1.83 0.029330397070382083 -0.9869604401089358
1.8399999999999999 0.028611369661304994 -0.9869604401089358
1.8500000000000005 0.027903880715599017 -0.9869604401089358
1.8600000000000003 0.027198908848255755 -0.9869604401089358
1.87 0.026496500666875776 -0.9869604401089358
1.88 0.025792568525833073 -0.9869604401089358
1.8900000000000006 0.025094555525436865 -0.9869604401089358
1.9000000000000004 0.024407381739452623 -0.9869604401089358
1.9100000000000001 0.023729625269892377 -0.9869604401089358
1.92 0.02306080248880575 -0.9869604401089358
1.9299999999999997 0.022403705607613362 -0.9869604401089358
1.9400000000000004 0.021754756467544337 -0.9869604401089358
1.9500000000000002 0.021115150863691482 -0.9869604401089358
1.96 0.02048892989961153 -0.9869604401089358
1.9699999999999998 0.019878400886173483 -0.9869604401089358
1.9800000000000004 0.019283318831778522 -0.9869604401089358
1.9900000000000002 0.018706179099279553 -0.9869604401089358
2.0 0.018147101379547635 -0.9869604401089358
2.01 0.017608504211942093 -0.9869604401089358
2.0200000000000005 0.017090189707439852 -0.9869604401089358
2.0300000000000002 0.016597451738122694 -0.9869604401089358
2.04 0.01612668750230848 -0.9869604401089358
2.05 0.01567584602191724 -0.9869604401089358
2.0600000000000005 0.015243131046094162 -0.9869604401089358
2.0700000000000003 0.01482905483622322 -0.9869604401089358
2.08 0.014432734715432724 -0.9869604401089358
2.09 0.014058368297584039 -0.9869604401089358
2.1000000000000005 0.013704518545226092 -0.9869604401089358
2.1100000000000003 0.013368038253006143 -0.9869604401089358
2.12 0.013043020201617541 -0.9869604401089358
2.13 0.012727261954489715 -0.9869604401089358
2.1400000000000006 0.012423223982641847 -0.9869604401089358
2.1500000000000004 0.0121326862747151 -0.9869604401089358
2.16 0.011854657447254332 -0.9869604401089358
2.17 0.01158804945673509 -0.9869604401089358
2.1799999999999997 0.01133021874326271 -0.9869604401089358
2.1900000000000004 0.011079879091460756 -0.9869604401089358
2.2 0.010838825584603739 -0.9869604401089358
2.21 0.010606087653879707 -0.9869604401089358
2.2199999999999998 0.010380399711440894 -0.9869604401089358
2.2300000000000004 0.010162784654895514 -0.9869604401089358
2.24 0.009952762115783118 -0.9869604401089358
2.25 0.00974952496778719 -0.9869604401089358
2.26 0.009552949697618541 -0.9869604401089358
2.2700000000000005 0.009362112603254156 -0.9869604401089358
2.2800000000000002 0.009178072261196851 -0.9869604401089358
2.29 0.009001858175004193 -0.9869604401089358
2.3 0.008829381338440837 -0.9869604401089358
2.3100000000000005 0.008660833059624144 -0.9869604401089358
2.3200000000000003 0.008496666279733816 -0.9869604401089358
2.33 0.008337440501192133 -0.9869604401089358
2.34 0.008184929231262236 -0.9869604401089358
2.3500000000000005 0.008036581725374055 -0.9869604401089358
2.3600000000000003 0.007889953585653793 -0.9869604401089358
2.37 0.007745609102851328 -0.9869604401089358
2.38 0.007604450004456584 -0.9869604401089358
2.3900000000000006 0.007468311514072195 -0.9869604401089358
2.4000000000000004 0.007339109598269011 -0.9869604401089358
2.41 0.007213222933210949 -0.9869604401089358
2.42 0.007091849583113487 -0.9869604401089358
2.4299999999999997 0.006974971908592901 -0.9869604401089358
2.4400000000000004 0.006860617577657781 -0.9869604401089358
2.45 0.006750142519255317 -0.9869604401089358
2.46 0.006644041522871388 -0.9869604401089358
2.4699999999999998 0.006539950907342586 -0.9869604401089358
2.4800000000000004 0.006436116302007302 -0.9869604401089358
2.49 0.006332915290483717 -0.9869604401089358
2.5 0.006227776413193835 -0.9869604401089358
2.51 0.006120317474558569 -0.9869604401089358
2.5200000000000005 0.006010387385166707 -0.9869604401089358
2.5300000000000002 0.0058989316026710386 -0.9869604401089358
2.54 0.005783464736700904 -0.9869604401089358
2.55 0.0056668565622571545 -0.9869604401089358
2.5600000000000005 0.005549603799405586 -0.9869604401089358
2.5700000000000003 0.005431600036130255 -0.9869604401089358
2.58 0.0053136798928352285 -0.9869604401089358
2.59 0.005199338817986555 -0.9869604401089358
2.6000000000000005 0.005088144672571226 -0.9869604401089358
2.6100000000000003 0.0049801492933659935 -0.9869604401089358
2.62 0.004876832540852102 -0.9869604401089358
2.63 0.004776970547367162 -0.9869604401089358
2.6400000000000006 0.004682424338885215 -0.9869604401089358
2.6500000000000004 0.004595106736103852 -0.9869604401089358
2.66 0.00451441331628895 -0.9869604401089358
2.67 0.0044390612956746 -0.9869604401089358
2.6799999999999997 0.00436928332096102 -0.9869604401089358
2.6900000000000004 0.004303641335007394 -0.9869604401089358
2.7 0.004241882266705697 -0.9869604401089358
2.71 0.004183158628327415 -0.9869604401089358
2.7199999999999998 0.004127244754071351 -0.9869604401089358
2.7300000000000004 0.004074696034306188 -0.9869604401089358
2.74 0.004026764233815702 -0.9869604401089358
2.75 0.003982333443418388 -0.9869604401089358
2.76 0.003939261442354571 -0.9869604401089358
2.7700000000000005 0.003898392128641818 -0.9869604401089358
2.7800000000000002 0.003860884497019558 -0.9869604401089358
2.79 0.0038276709340552923 -0.9869604401089358
2.8 0.0038001226625315083 -0.9869604401089358
2.8100000000000005 0.0037753905317552136 -0.9869604401089358
2.8200000000000003 0.0037513815162541894 -0.9869604401089358
2.83 0.003728255337579211 -0.9869604401089358
2.84 0.0037058021219063464 -0.9869604401089358
2.8500000000000005 0.0036830830723552947 -0.9869604401089358
2.8600000000000003 0.0036589843750452463 -0.9869604401089358
2.87 0.003631842332509622 -0.9869604401089358
2.88 0.0036006729916289544 -0.9869604401089358
2.8900000000000006 0.0035629671909900547 -0.9869604401089358
2.9000000000000004 0.0035191925487031376 -0.9869604401089358
2.91 0.0034675052491433605 -0.9869604401089358
2.92 0.003408619032299853 -0.9869604401089358
2.9300000000000006 0.0033426217873818976 -0.9869604401089358
2.9400000000000004 0.0032713740086472336 -0.9869604401089358
2.95 0.0031937270660242208 -0.9869604401089358
2.96 0.0031113641431925595 -0.9869604401089358
2.9699999999999998 0.0030252723591580157 -0.9869604401089358
2.9800000000000004 0.002936267965797732 -0.9869604401089358
2.99 0.0028450391286507053 -0.9869604401089358
3.0 0.002753248477677904 -0.9869604401089358
3.01 0.0026616362239184907 -0.9869604401089358
3.0199999999999996 0.0025712268675930337 -0.9869604401089358
3.0299999999999994 0.0024826260922492533 -0.9869604401089358
3.040000000000001 0.002396371841145948 -0.9869604401089358
3.0500000000000007 0.002312657315784768 -0.9869604401089358
3.0600000000000005 0.002231697753554132 -0.9869604401089358
3.0700000000000003 0.0021548678775390032 -0.9869604401089358
3.08 0.002082383265586981 -0.9869604401089358
3.09 0.0020137504196929743 -0.9869604401089358
3.0999999999999996 0.0019506212363397503 -0.9869604401089358
3.1099999999999994 0.0018927137939777955 -0.9869604401089358
3.120000000000001 0.001839943422099926 -0.9869604401089358
3.130000000000001 0.0017940998809008802 -0.9869604401089358
3.1400000000000006 0.001755148431675417 -0.9869604401089358
3.1500000000000004 0.0017230133997184025 -0.9869604401089358
3.16 0.0016972060300849184 -0.9869604401089358
3.17 0.001676457115290903 -0.9869604401089358
3.1799999999999997 0.0016600097873340513 -0.9869604401089358
3.1899999999999995 0.0016491665991341497 -0.9869604401089358
3.1999999999999993 0.0016444559474597152 -0.9869604401089358
3.210000000000001 0.0016450042673686392 -0.9869604401089358
3.2200000000000006 0.0016488691919067885 -0.9869604401089358
3.2300000000000004 0.0016538667498748477 -0.9869604401089358
3.24 0.001658802708483204 -0.9869604401089358
3.25 0.001663600650407291 -0.9869604401089358
3.26 0.0016671555318606684 -0.9869604401089358
3.2699999999999996 0.0016687002359306005 -0.9869604401089358
3.2799999999999994 0.0016660193640915294 -0.9869604401089358
3.290000000000001 0.0016590425153811038 -0.9869604401089358
3.3000000000000007 0.0016465663117777188 -0.9869604401089358
3.3100000000000005 0.0016284509478737084 -0.9869604401089358
3.3200000000000003 0.0016043348224132868 -0.9869604401089358
3.33 0.0015745348590013952 -0.9869604401089358
3.34 0.0015389563960743217 -0.9869604401089358
3.3499999999999996 0.0014989497750284302 -0.9869604401089358
3.3599999999999994 0.0014533470994225882 -0.9869604401089358
3.370000000000001 0.0014022853476398007 -0.9869604401089358
3.380000000000001 0.0013471460496627093 -0.9869604401089358
3.3900000000000006 0.0012884360678056266 -0.9869604401089358
3.4000000000000004 0.0012266972123085695 -0.9869604401089358
3.41 0.0011636490910786356 -0.9869604401089358
3.42 0.001098520625912254 -0.9869604401089358
3.4299999999999997 0.0010327965079634893 -0.9869604401089358
3.4399999999999995 0.0009681821219952184 -0.9869604401089358
3.4499999999999993 0.0009054005206134269 -0.9869604401089358
3.460000000000001 0.0008443899159312295 -0.9869604401089358
3.4700000000000006 0.0007862459461132053 -0.9869604401089358
3.4800000000000004 0.0007314298262834549 -0.9869604401089358
3.49 0.0006805815000044058 -0.9869604401089358
3.5 0.0006347535122796937 -0.9869604401089358
3.51 0.000594112305864023 -0.9869604401089358
3.5199999999999996 0.0005584402955324115 -0.9869604401089358
3.5299999999999994 0.000527448614799058 -0.9869604401089358
3.540000000000001 0.0005018098050489617 -0.9869604401089358
3.5500000000000007 0.000480701312538918 -0.9869604401089358
3.5600000000000005 0.00046393387203500603 -0.9869604401089358
3.5700000000000003 0.00045189892182009666 -0.9869604401089358
3.58 0.0004442372240484617 -0.9869604401089358
3.59 0.0004402836076814463 -0.9869604401089358
3.5999999999999996 0.0004404941950174316 -0.9869604401089358
3.6099999999999994 0.00044371745791290176 -0.9869604401089358
3.620000000000001 0.0004490576280277803 -0.9869604401089358
3.630000000000001 0.000456406695538741 -0.9869604401089358
3.6400000000000006 0.0004651761919518848 -0.9869604401089358
3.6500000000000004 0.00047440039965023645 -0.9869604401089358
3.66 0.00048427011585175394 -0.9869604401089358
3.67 0.0004941034838112511 -0.9869604401089358
3.6799999999999997 0.0005029750671873267 -0.9869604401089358
3.6899999999999995 0.0005105364245685707 -0.9869604401089358
3.700000000000001 0.0005166451716224903 -0.9869604401089358
3.710000000000001 0.000520820300412104 -0.9869604401089358
3.7200000000000006 0.0005224126039254899 -0.9869604401089358
3.7300000000000004 0.0005211449233644352 -0.9869604401089358
3.74 0.0005163815534580613 -0.9869604401089358
3.75 0.0005082132077307854 -0.9869604401089358
3.76 0.0004979536012065921 -0.9869604401089358
3.7699999999999996 0.0004859170689656472 -0.9869604401089358
3.7799999999999994 0.0004716861480102496 -0.9869604401089358
3.790000000000001 0.0004549589191039629 -0.9869604401089358
3.8000000000000007 0.0004357383200674288 -0.9869604401089358
3.8100000000000005 0.0004143147956755546 -0.9869604401089358
3.8200000000000003 0.0003919576727080926 -0.9869604401089358
3.83 0.0003694348381596797 -0.9869604401089358
3.84 0.00034671400922361723 -0.9869604401089358
3.8499999999999996 0.00032431442313545286 -0.9869604401089358
3.8599999999999994 0.00030245163505264965 -0.9869604401089358
3.870000000000001 0.0002815140242323275 -0.9869604401089358
3.880000000000001 0.00026155741275604326 -0.9869604401089358
3.8900000000000006 0.00024278123244904433 -0.9869604401089358
3.9000000000000004 0.00022506630521032278 -0.9869604401089358
3.91 0.0002089216648047876 -0.9869604401089358
3.92 0.00019415045353757306 -0.9869604401089358
3.9299999999999997 0.0001808825951230607 -0.9869604401089358
3.9399999999999995 0.00016864801115792168 -0.9869604401089358
3.950000000000001 0.00015731802027404778 -0.9869604401089358
3.960000000000001 0.00014693405943351688 -0.9869604401089358
3.9700000000000006 0.00013768754042603498 -0.9869604401089358
3.9800000000000004 0.00012940883587679442 -0.9869604401089358
3.99 0.00012222348493701963 -0.9869604401089358
4.0 0.00011605545268851916 -0.9869604401089358
4.01 0.00011093506924674412 -0.9869604401089358
4.02 0.00010684102740178629 -0.9869604401089358
4.029999999999999 0.00010377267099018309 -0.9869604401089358
4.040000000000001 0.00010164854001879817 -0.9869604401089358
4.050000000000001 0.00010062273796210104 -0.9869604401089358
4.0600000000000005 0.00010084333617263177 -0.9869604401089358
4.07 0.00010220160974240623 -0.9869604401089358
4.08 0.0001043881887986163 -0.9869604401089358
4.09 0.00010722368538767604 -0.9869604401089358
4.1 0.00011097807682512831 -0.9869604401089358
4.109999999999999 0.00011562009676749787 -0.9869604401089358
4.120000000000001 0.00012124830473581246 -0.9869604401089358
4.130000000000001 0.00012763493894527142 -0.9869604401089358
4.140000000000001 0.00013414060192314418 -0.9869604401089358
4.15 0.00014039710137407575 -0.9869604401089358
4.16 0.00014679938663396944 -0.9869604401089358
4.17 0.00015300088395448945 -0.9869604401089358
4.18 0.00015911903792763019 -0.9869604401089358
4.1899999999999995 0.00016514920218410573 -0.9869604401089358
4.200000000000001 0.00017084296668063868 -0.9869604401089358
4.210000000000001 0.00017580877105204874 -0.9869604401089358
4.220000000000001 0.00018071505567140558 -0.9869604401089358
4.23 0.00018536608351673765 -0.9869604401089358
4.24 0.0001899712839070318 -0.9869604401089358
4.25 0.00019485826108284627 -0.9869604401089358
4.26 0.00020000241427953685 -0.9869604401089358
4.27 0.0002051219289404325 -0.9869604401089358
4.279999999999999 0.00021031706007354492 -0.9869604401089358
4.290000000000001 0.00021561832243936917 -0.9869604401089358
4.300000000000001 0.0002207705770976509 -0.9869604401089358
4.3100000000000005 0.0002254483325942646 -0.9869604401089358
4.32 0.00022987084410167231 -0.9869604401089358
4.33 0.00023326036517165973 -0.9869604401089358
4.34 0.00023533610035155237 -0.9869604401089358
4.35 0.00023618521825597157 -0.9869604401089358
4.359999999999999 0.0002352765155221479 -0.9869604401089358
4.370000000000001 0.00023222878098893166 -0.9869604401089358
4.380000000000001 0.00022777200315544802 -0.9869604401089358
4.390000000000001 0.00022136406566627465 -0.9869604401089358
4.4 0.00021313464911962933 -0.9869604401089358
4.41 0.00020305142904331608 -0.9869604401089358
4.42 0.00019129958876356514 -0.9869604401089358
4.43 0.00017808305594622237 -0.9869604401089358
4.4399999999999995 0.00016434054041435274 -0.9869604401089358
4.450000000000001 0.00015047350930940312 -0.9869604401089358
4.460000000000001 0.00013650531255847127 -0.9869604401089358
4.470000000000001 0.00012260566269626635 -0.9869604401089358
4.48 0.0001091433510614908 -0.9869604401089358
4.49 9.63962552288118e-05 -0.9869604401089358
4.5 8.473235957824918e-05 -0.9869604401089358
4.51 7.440961519604231e-05 -0.9869604401089358
4.52 6.539120071017364e-05 -0.9869604401089358
4.529999999999999 5.782213041304577e-05 -0.9869604401089358
4.540000000000001 5.206515731704672e-05 -0.9869604401089358
4.550000000000001 4.810750723150965e-05 -0.9869604401089358
4.5600000000000005 4.58471162997836e-05 -0.9869604401089358
4.57 4.518872030701902e-05 -0.9869604401089358
4.58 4.6231058290837704e-05 -0.9869604401089358
4.59 4.9163020433090966e-05 -0.9869604401089358
4.6 5.423497509279375e-05 -0.9869604401089358
4.609999999999999 6.149476428864059e-05 -0.9869604401089358
4.620000000000001 7.106516892243024e-05 -0.9869604401089358
4.630000000000001 8.284721230264324e-05 -0.9869604401089358
4.640000000000001 9.703793099229397e-05 -0.9869604401089358
4.65 0.00011330300563136068 -0.9869604401089358
4.66 0.00013128638043054648 -0.9869604401089358
4.67 0.00015084303559705713 -0.9869604401089358
4.68 0.0001717133648271524 -0.9869604401089358
4.6899999999999995 0.00019370227428760605 -0.9869604401089358
4.700000000000001 0.00021626817228454707 -0.9869604401089358
4.710000000000001 0.00023860276259970163 -0.9869604401089358
4.720000000000001 0.00026001900538809606 -0.9869604401089358
4.73 0.00027995497193729536 -0.9869604401089358
4.74 0.00029788158407218846 -0.9869604401089358
4.75 0.00031323199741687015 -0.9869604401089358
4.76 0.00032534932409652827 -0.9869604401089358
4.77 0.0003339463066173607 -0.9869604401089358
4.779999999999999 0.0003392119994733872 -0.9869604401089358
4.790000000000001 0.0003407848329136949 -0.9869604401089358
4.800000000000001 0.00033869700602518035 -0.9869604401089358
4.8100000000000005 0.0003324875909676427 -0.9869604401089358
4.82 0.00032226548989890434 -0.9869604401089358
4.83 0.0003086466402835723 -0.9869604401089358
4.84 0.0002924626701770383 -0.9869604401089358
4.85 0.00027385827489439537 -0.9869604401089358
4.859999999999999 0.0002531384277257523 -0.9869604401089358
4.870000000000001 0.00023026851464354384 -0.9869604401089358
4.880000000000001 0.00020573474510756314 -0.9869604401089358
4.890000000000001 0.00018038092893030887 -0.9869604401089358
4.9 0.0001548987938916851 -0.9869604401089358
4.91 0.00012995552258292887 -0.9869604401089358
4.92 0.00010594316668076016 -0.9869604401089358
4.93 8.340229743666148e-05 -0.9869604401089358
4.9399999999999995 6.271380815086072e-05 -0.9869604401089358
4.950000000000001 4.4408851197892626e-05 -0.9869604401089358
4.960000000000001 2.8802447038527577e-05 -0.9869604401089358
4.970000000000001 1.6340757551910406e-05 -0.9869604401089358
4.98 7.278783362669937e-06 -0.9869604401089358
4.99 1.8203371474707122e-06 -0.9869604401089358
