-5.0 2.7617398337578194e-07 -0.9869604401089358
-4.99 1.0953870030360123e-06 -0.9869604401089358
-4.98 2.4185703320088354e-06 -0.9869604401089358
-4.97 4.212926798675544e-06 -0.9869604401089358
-4.96 6.49740081706401e-06 -0.9869604401089358
-4.95 9.157884935029696e-06 -0.9869604401089358
-4.94 1.2110125783378932e-05 -0.9869604401089358
-4.93 1.5305767619781476e-05 -0.9869604401089358
-4.92 1.869164327095535e-05 -0.9869604401089358
-4.91 2.2296022706044755e-05 -0.9869604401089358
-4.9 2.637057596256181e-05 -0.9869604401089358
-4.89 3.066039546158191e-05 -0.9869604401089358
-4.88 3.5243168645532145e-05 -0.9869604401089358
-4.87 4.000826775573694e-05 -0.9869604401089358
-4.86 4.489836166000854e-05 -0.9869604401089358
-4.85 5.0001340586346125e-05 -0.9869604401089358
-4.84 5.5474619016854524e-05 -0.9869604401089358
-4.83 6.1031667927078676e-05 -0.9869604401089358
-4.82 6.668944435958295e-05 -0.9869604401089358
-4.81 7.2196827002623e-05 -0.9869604401089358
-4.8 7.749186153006222e-05 -0.9869604401089358
-4.79 8.235034264544607e-05 -0.9869604401089358
-4.78 8.670802253494027e-05 -0.9869604401089358
-4.77 9.008302489327539e-05 -0.9869604401089358
-4.76 9.229455790343552e-05 -0.9869604401089358
-4.75 9.32996710303171e-05 -0.9869604401089358
-4.74 9.3221266350183e-05 -0.9869604401089358
-4.73 9.204665036019679e-05 -0.9869604401089358
-4.72 8.992778838331262e-05 -0.9869604401089358
-4.71 8.652834436163728e-05 -0.9869604401089358
-4.7 8.185697602735346e-05 -0.9869604401089358
-4.69 7.619288231649327e-05 -0.9869604401089358
-4.68 6.986336919413626e-05 -0.9869604401089358
-4.67 6.320089406942314e-05 -0.9869604401089358
-4.66 5.6455156102704975e-05 -0.9869604401089358
-4.65 4.953881171389421e-05 -0.9869604401089358
-4.64 4.2567864897286264e-05 -0.9869604401089358
-4.63 3.579306631493345e-05 -0.9869604401089358
-4.62 2.9470152482682582e-05 -0.9869604401089358
-4.61 2.3927367213551572e-05 -0.9869604401089358
-4.6 1.9269798863789933e-05 -0.9869604401089358
-4.59 1.5778350225798304e-05 -0.9869604401089358
-4.58 1.3551711548508524e-05 -0.9869604401089358
-4.57 1.2919134355860162e-05 -0.9869604401089358
-4.56 1.4019681838921633e-05 -0.9869604401089358
-4.55 1.6917650268149278e-05 -0.9869604401089358
-4.54 2.1689281581578636e-05 -0.9869604401089358
-4.53 2.8474964639366827e-05 -0.9869604401089358
-4.52 3.7271480157945186e-05 -0.9869604401089358
-4.51 4.8076852157722647e-05 -0.9869604401089358
-4.5 6.072153790299352e-05 -0.9869604401089358
-4.49 7.472326617976342e-05 -0.9869604401089358
-4.48 8.999463258337627e-05 -0.9869604401089358
-4.47 0.00010613762360862771 -0.9869604401089358
-4.46 0.00012275706572665958 -0.9869604401089358
-4.45 0.0001393573932266682 -0.9869604401089358
-4.4399999999999995 0.00015536699348128865 -0.9869604401089358
-4.43 0.00017006039059951848 -0.9869604401089358
-4.42 0.0001833786417831682 -0.9869604401089358
-4.41 0.00019486963714543853 -0.9869604401089358
-4.4 0.00020422004113818012 -0.9869604401089358
-4.39 0.00021121410171852606 -0.9869604401089358
-4.38 0.00021564825202254948 -0.9869604401089358
-4.37 0.00021740807273391068 -0.9869604401089358
-4.36 0.00021694625726521193 -0.9869604401089358
-4.35 0.00021418363428093415 -0.9869604401089358
-4.34 0.00020902521576642198 -0.9869604401089358
-4.33 0.00020150843371623202 -0.9869604401089358
-4.32 0.00019164590229759973 -0.9869604401089358
-4.31 0.00017972451045335344 -0.9869604401089358
-4.3 0.00016665029379451507 -0.9869604401089358
-4.29 0.00015283566341389943 -0.9869604401089358
-4.28 0.00013888123264919574 -0.9869604401089358
-4.27 0.00012535368034841287 -0.9869604401089358
-4.26 0.00011239807143096518 -0.9869604401089358
-4.25 0.0001004340802827197 -0.9869604401089358
-4.24 8.982853637185602e-05 -0.9869604401089358
-4.23 8.09104760387956e-05 -0.9869604401089358
-4.22 7.418042054926444e-05 -0.9869604401089358
-4.21 7.016820868756091e-05 -0.9869604401089358
-4.2 6.899960752581101e-05 -0.9869604401089358
-4.1899999999999995 7.064374631587422e-05 -0.9869604401089358
-4.18 7.512628546629211e-05 -0.9869604401089358
-4.17 8.216989779349838e-05 -0.9869604401089358
-4.16 9.18331057011306e-05 -0.9869604401089358
-4.15 0.00010406661580418487 -0.9869604401089358
-4.14 0.00011840467463513744 -0.9869604401089358
-4.13 0.0001340943588252496 -0.9869604401089358
-4.12 0.00015097676581867436 -0.9869604401089358
-4.11 0.00016826736100482382 -0.9869604401089358
-4.1 0.00018599121376909763 -0.9869604401089358
-4.09 0.00020386646248749955 -0.9869604401089358
-4.08 0.00022119724006760953 -0.9869604401089358
-4.07 0.0002374402872440436 -0.9869604401089358
-4.06 0.00025228503822739856 -0.9869604401089358
-4.05 0.00026536131664457214 -0.9869604401089358
-4.04 0.000276312393420061 -0.9869604401089358
-4.03 0.0002848943848049223 -0.9869604401089358
-4.02 0.00029049583825737084 -0.9869604401089358
-4.01 0.0002929034125516808 -0.9869604401089358
-4.0 0.0002925510205720268 -0.9869604401089358
-3.99 0.00028973038906548017 -0.9869604401089358
-3.98 0.0002845718664778798 -0.9869604401089358
-3.9699999999999998 0.00027722138166214836 -0.9869604401089358
-3.96 0.00026776123500640836 -0.9869604401089358
-3.95 0.0002563163405005252 -0.9869604401089358
-3.94 0.0002440802478622105 -0.9869604401089358
-3.9299999999999997 0.00023141408437170804 -0.9869604401089358
-3.92 0.00021882341002984072 -0.9869604401089358
-3.91 0.00020642547393102611 -0.9869604401089358
-3.9 0.00019441848637312298 -0.9869604401089358
-3.8899999999999997 0.00018299899701208023 -0.9869604401089358
-3.88 0.00017271746460040377 -0.9869604401089358
-3.87 0.00016387235019670092 -0.9869604401089358
-3.86 0.0001564088354334571 -0.9869604401089358
-3.8499999999999996 0.00015047440569909365 -0.9869604401089358
-3.84 0.00014619401986923794 -0.9869604401089358
-3.83 0.00014355901028201715 -0.9869604401089358
-3.8200000000000003 0.0001426804888997631 -0.9869604401089358
-3.81 0.00014364789926190073 -0.9869604401089358
-3.8 0.00014618024203724776 -0.9869604401089358
-3.79 0.00015055118685824284 -0.9869604401089358
-3.7800000000000002 0.00015688109854406426 -0.9869604401089358
-3.77 0.00016486057395995377 -0.9869604401089358
-3.76 0.0001742329679921277 -0.9869604401089358
-3.75 0.00018454553432175713 -0.9869604401089358
-3.74 0.00019537249222378276 -0.9869604401089358
-3.73 0.0002066552770321547 -0.9869604401089358
-3.7199999999999998 0.0002185590364958453 -0.9869604401089358
-3.71 0.0002306361378692586 -0.9869604401089358
-3.7 0.0002422753972510022 -0.9869604401089358
-3.69 0.00025310107167396943 -0.9869604401089358
-3.6799999999999997 0.00026231202153210385 -0.9869604401089358
-3.67 0.0002698826892024665 -0.9869604401089358
-3.66 0.00027620519358057 -0.9869604401089358
-3.65 0.00028133981826151586 -0.9869604401089358
-3.6399999999999997 0.0002853272102330246 -0.9869604401089358
-3.63 0.0002886377457937453 -0.9869604401089358
-3.62 0.00029072464872603835 -0.9869604401089358
-3.61 0.0002918930912415082 -0.9869604401089358
-3.5999999999999996 0.00029236534808331304 -0.9869604401089358
-3.59 0.00029244968714951087 -0.9869604401089358
-3.58 0.0002922802269321628 -0.9869604401089358
-3.5700000000000003 0.00029229396523365234 -0.9869604401089358
-3.56 0.0002921426483718194 -0.9869604401089358
-3.55 0.00029183208278936017 -0.9869604401089358
-3.54 0.00029140562436826304 -0.9869604401089358
-3.5300000000000002 0.0002912478983633182 -0.9869604401089358
-3.52 0.00029096200970092574 -0.9869604401089358
-3.51 0.0002909765136972515 -0.9869604401089358
-3.5 0.0002908009596001227 -0.9869604401089358
-3.49 0.0002904621584988022 -0.9869604401089358
-3.48 0.0002904415347312883 -0.9869604401089358
-3.4699999999999998 0.0002912420690703408 -0.9869604401089358
-3.46 0.000292703991425781 -0.9869604401089358
-3.45 0.00029508248718352877 -0.9869604401089358
-3.44 0.0002978916046674116 -0.9869604401089358
-3.4299999999999997 0.00030118236585397737 -0.9869604401089358
-3.42 0.00030534869293082745 -0.9869604401089358
-3.41 0.00031089546351707834 -0.9869604401089358
-3.4 0.0003176116835733984 -0.9869604401089358
-3.3899999999999997 0.000325501228310629 -0.9869604401089358
-3.38 0.0003343212861181495 -0.9869604401089358
-3.37 0.0003437429727710589 -0.9869604401089358
-3.36 0.00035392968295084996 -0.9869604401089358
-3.3499999999999996 0.0003648650476827147 -0.9869604401089358
-3.34 0.00037628008244407505 -0.9869604401089358
-3.33 0.0003883518459477475 -0.9869604401089358
-3.3200000000000003 0.00040162467232246544 -0.9869604401089358
-3.31 0.00041594279349339185 -0.9869604401089358
-3.3 0.00043179686350968555 -0.9869604401089358
-3.29 0.00044880666930888967 -0.9869604401089358
-3.2800000000000002 0.0004670836921241955 -0.9869604401089358
-3.27 0.00048716824523991167 -0.9869604401089358
-3.26 0.0005100964743965379 -0.9869604401089358
-3.25 0.000535884693623789 -0.9869604401089358
-3.24 0.0005645651044079312 -0.9869604401089358
-3.23 0.0005949637963580599 -0.9869604401089358
-3.2199999999999998 0.0006268321412769147 -0.9869604401089358
-3.21 0.000659734176393941 -0.9869604401089358
-3.2 0.0006943674936583379 -0.9869604401089358
-3.19 0.000730046128445665 -0.9869604401089358
-3.1799999999999997 0.0007666425158734456 -0.9869604401089358
-3.17 0.0008031258837045249 -0.9869604401089358
-3.16 0.0008390549871229848 -0.9869604401089358
-3.15 0.0008741529723207698 -0.9869604401089358
-3.1399999999999997 0.0009082153630742773 -0.9869604401089358
-3.13 0.0009402582028319518 -0.9869604401089358
-3.12 0.000970632211675921 -0.9869604401089358
-3.11 0.0009987128574223767 -0.9869604401089358
-3.0999999999999996 0.001025523109954942 -0.9869604401089358
-3.09 0.001051697070593075 -0.9869604401089358
-3.08 0.0010767486770462517 -0.9869604401089358
-3.0700000000000003 0.0011002499507360788 -0.9869604401089358
-3.06 0.0011224942294678197 -0.9869604401089358
-3.05 0.001142913038638377 -0.9869604401089358
-3.04 0.001162690560381978 -0.9869604401089358
-3.0300000000000002 0.001182576115003203 -0.9869604401089358
-3.02 0.0012024373831579598 -0.9869604401089358
-3.01 0.0012229787755642658 -0.9869604401089358
-3.0 0.0012446794135567328 -0.9869604401089358
-2.9899999999999998 0.0012678600766789958 -0.9869604401089358
-2.98 0.0012931896122219612 -0.9869604401089358
-2.9699999999999998 0.0013223026894370786 -0.9869604401089358
-2.96 0.0013552462660177947 -0.9869604401089358
-2.95 0.0013929378750131604 -0.9869604401089358
-2.94 0.0014362149498782556 -0.9869604401089358
-2.93 0.0014847753473483166 -0.9869604401089358
-2.92 0.001538358207002896 -0.9869604401089358
-2.91 0.001598775413592619 -0.9869604401089358
-2.9 0.001664967216133026 -0.9869604401089358
-2.89 0.0017375895004970666 -0.9869604401089358
-2.88 0.0018166226587934234 -0.9869604401089358
-2.87 0.001900166946293627 -0.9869604401089358
-2.86 0.0019872086657302056 -0.9869604401089358
-2.85 0.002077462094449613 -0.9869604401089358
-2.84 0.0021690515672692394 -0.9869604401089358
-2.83 0.002261980453694763 -0.9869604401089358
-2.82 0.0023559487186397437 -0.9869604401089358
-2.81 0.0024497532291930346 -0.9869604401089358
-2.8 0.0025424269503994297 -0.9869604401089358
-2.79 0.002633700960450111 -0.9869604401089358
-2.78 0.00272163223533966 -0.9869604401089358
-2.77 0.0028050304326849326 -0.9869604401089358
-2.76 0.0028841691705321663 -0.9869604401089358
-2.75 0.0029600489312636828 -0.9869604401089358
-2.7399999999999998 0.0030317224226000406 -0.9869604401089358
-2.73 0.0030986557890234413 -0.9869604401089358
-2.7199999999999998 0.0031591502186140014 -0.9869604401089358
-2.71 0.0032142229126824 -0.9869604401089358
-2.6999999999999997 0.003266693746785197 -0.9869604401089358
-2.69 0.0033182833644031895 -0.9869604401089358
-2.68 0.003368993255156315 -0.9869604401089358
-2.67 0.003419122129983389 -0.9869604401089358
-2.66 0.003468008216022491 -0.9869604401089358
-2.65 0.00351589568083596 -0.9869604401089358
-2.64 0.003564798762138271 -0.9869604401089358
-2.63 0.003617160472059811 -0.9869604401089358
-2.62 0.0036746204858600054 -0.9869604401089358
-2.61 0.0037373715972034757 -0.9869604401089358
-2.6 0.0038057481104704347 -0.9869604401089358
-2.59 0.0038806171381882606 -0.9869604401089358
-2.58 0.003961932414290253 -0.9869604401089358
-2.57 0.004049228644746192 -0.9869604401089358
-2.56 0.004142478812353917 -0.9869604401089358
-2.55 0.004242577286419209 -0.9869604401089358
-2.54 0.00435114274581774 -0.9869604401089358
-2.53 0.004468663529131584 -0.9869604401089358
-2.52 0.004593705983260758 -0.9869604401089358
-2.51 0.004724391049192982 -0.9869604401089358
-2.5 0.00485933302641123 -0.9869604401089358
-2.4899999999999998 0.004999549149982521 -0.9869604401089358
-2.48 0.005145801511934189 -0.9869604401089358
-2.4699999999999998 0.005296645814108476 -0.9869604401089358
-2.46 0.005449196438762409 -0.9869604401089358
-2.4499999999999997 0.005600532162149805 -0.9869604401089358
-2.44 0.005749291095743808 -0.9869604401089358
-2.43 0.005896166924723037 -0.9869604401089358
-2.42 0.006038985789123369 -0.9869604401089358
-2.41 0.006176616554608328 -0.9869604401089358
-2.4 0.006311550891920067 -0.9869604401089358
-2.39 0.006441832636044677 -0.9869604401089358
-2.38 0.006567309151183954 -0.9869604401089358
-2.37 0.006689103612894457 -0.9869604401089358
-2.36 0.0068064940440212395 -0.9869604401089358
-2.35 0.006918340933163958 -0.9869604401089358
-2.34 0.0070279596636922915 -0.9869604401089358
-2.33 0.007134694725768252 -0.9869604401089358
-2.32 0.0072405069658543885 -0.9869604401089358
-2.31 0.007347299418950275 -0.9869604401089358
-2.3 0.00745571341659008 -0.9869604401089358
-2.29 0.007563873121083195 -0.9869604401089358
-2.28 0.007674006212178076 -0.9869604401089358
-2.27 0.00778514140720162 -0.9869604401089358
-2.26 0.007898274574663857 -0.9869604401089358
-2.25 0.008017613349890118 -0.9869604401089358
-2.2399999999999998 0.008143787191109695 -0.9869604401089358
-2.23 0.008275696439980966 -0.9869604401089358
-2.2199999999999998 0.008416576148525649 -0.9869604401089358
-2.21 0.008566263140858982 -0.9869604401089358
-2.1999999999999997 0.008723978507606209 -0.9869604401089358
-2.19 0.00889273944754166 -0.9869604401089358
-2.18 0.00907444950519672 -0.9869604401089358
-2.17 0.009269630996576215 -0.9869604401089358
-2.16 0.009478103833537248 -0.9869604401089358
-2.15 0.009698913938880158 -0.9869604401089358
-2.14 0.009930700365590319 -0.9869604401089358
-2.13 0.010171855411997645 -0.9869604401089358
-2.12 0.010420491483787209 -0.9869604401089358
-2.11 0.010675096364875908 -0.9869604401089358
-2.1 0.01093598575843906 -0.9869604401089358
-2.09 0.011202128405998015 -0.9869604401089358
-2.08 0.011474252095835063 -0.9869604401089358
-2.07 0.011750335040850289 -0.9869604401089358
-2.06 0.012026206008171354 -0.9869604401089358
-2.05 0.012303054867325662 -0.9869604401089358
-2.04 0.0125830398305957 -0.9869604401089358
-2.03 0.012868774514766673 -0.9869604401089358
-2.02 0.013160283633610577 -0.9869604401089358
-2.01 0.013453968436325783 -0.9869604401089358
-2.0 0.013749343938315419 -0.9869604401089358
-1.9899999999999998 0.01405152051788832 -0.9869604401089358
-1.98 0.014361938150295057 -0.9869604401089358
-1.9699999999999998 0.014681716101016101 -0.9869604401089358
-1.96 0.015011637045947088 -0.9869604401089358
-1.9499999999999997 0.015348020380282757 -0.9869604401089358
-1.94 0.015694315363415583 -0.9869604401089358
-1.9299999999999997 0.016051143592031553 -0.9869604401089358
-1.92 0.016418767287049867 -0.9869604401089358
-1.9100000000000001 0.016796824255498253 -0.9869604401089358
-1.9 0.017185122030219574 -0.9869604401089358
-1.8900000000000001 0.017587255563252528 -0.9869604401089358
-1.88 0.018007749814901386 -0.9869604401089358
-1.87 0.01844329500267606 -0.9869604401089358
-1.8599999999999999 0.01889719224668017 -0.9869604401089358
-1.85 0.01937015991710759 -0.9869604401089358
-1.8399999999999999 0.019864982853614176 -0.9869604401089358
-1.83 0.020381045261956426 -0.9869604401089358
-1.8199999999999998 0.020920688896490694 -0.9869604401089358
-1.81 0.021480192221819898 -0.9869604401089358
-1.7999999999999998 0.022057170658430252 -0.9869604401089358
-1.79 0.0226521056838097 -0.9869604401089358
-1.7799999999999998 0.023269891840762794 -0.9869604401089358
-1.77 0.023907672965003363 -0.9869604401089358
-1.7599999999999998 0.024567030460310137 -0.9869604401089358
-1.75 0.025249575012485644 -0.9869604401089358
-1.7399999999999998 0.025948569006894285 -0.9869604401089358
-1.73 0.02666326678043446 -0.9869604401089358
-1.7199999999999998 0.027397266563149437 -0.9869604401089358
-1.71 0.028152728220916454 -0.9869604401089358
-1.6999999999999997 0.02893329336039057 -0.9869604401089358
-1.69 0.02974472394669182 -0.9869604401089358
-1.6799999999999997 0.03058456150678539 -0.9869604401089358
-1.67 0.03145579893028351 -0.9869604401089358
-1.6600000000000001 0.03235908040192374 -0.9869604401089358
-1.65 0.0332970669688946 -0.9869604401089358
-1.6400000000000001 0.03426830529793612 -0.9869604401089358
-1.63 0.035275406741842145 -0.9869604401089358
-1.62 0.03631483395618153 -0.9869604401089358
-1.6099999999999999 0.03738813918123048 -0.9869604401089358
-1.6 0.038492476318145744 -0.9869604401089358
-1.5899999999999999 0.03963051125363759 -0.9869604401089358
-1.58 0.040794316535178406 -0.9869604401089358
-1.5699999999999998 0.041989856642596184 -0.9869604401089358
-1.56 0.04321548804222059 -0.9869604401089358
-1.5499999999999998 0.04447125514009902 -0.9869604401089358
-1.54 0.045756123600925035 -0.9869604401089358
-1.5299999999999998 0.04707094912794088 -0.9869604401089358
-1.52 0.04841053087294436 -0.9869604401089358
-1.5099999999999998 0.04977564030854302 -0.9869604401089358
-1.5 0.05116811371240061 -0.9869604401089358
-1.4899999999999998 0.052592027163297556 -0.9869604401089358
-1.48 0.05404482394898567 -0.9869604401089358
-1.4699999999999998 0.05552714104606054 -0.9869604401089358
-1.46 0.057039456622124896 -0.9869604401089358
-1.4499999999999997 0.058579034576480414 -0.9869604401089358
-1.44 0.06014653809112601 -0.9869604401089358
-1.4299999999999997 0.06174755272012643 -0.9869604401089358
-1.42 0.06337779718235621 -0.9869604401089358
-1.4100000000000001 0.06503641242557605 -0.9869604401089358
-1.4 0.06673111933530806 -0.9869604401089358
-1.3900000000000001 0.06847181851958482 -0.9869604401089358
-1.38 0.07026195285604842 -0.9869604401089358
-1.37 0.07210998090425877 -0.9869604401089358
-1.3599999999999999 0.07400582240472088 -0.9869604401089358
-1.35 0.07595600042093568 -0.9869604401089358
-1.3399999999999999 0.07795750924189294 -0.9869604401089358
-1.33 0.08001715769014056 -0.9869604401089358
-1.3199999999999998 0.08213865369276922 -0.9869604401089358
-1.31 0.08431942256337827 -0.9869604401089358
-1.2999999999999998 0.08655102297776043 -0.9869604401089358
-1.29 0.08884429005359586 -0.9869604401089358
-1.2799999999999998 0.09119353978912617 -0.9869604401089358
-1.27 0.09358801454388498 -0.9869604401089358
-1.2599999999999998 0.09603061058178151 -0.9869604401089358
-1.25 0.09851563240760709 -0.9869604401089358
-1.2399999999999998 0.10104180442755516 -0.9869604401089358
-1.23 0.1036123105055474 -0.9869604401089358
-1.2199999999999998 0.10622348958957764 -0.9869604401089358
-1.21 0.1088590493766221 -0.9869604401089358
-1.1999999999999997 0.11151399594446346 -0.9869604401089358
-1.19 0.11419540918170777 -0.9869604401089358
-1.1799999999999997 0.11690606652551389 -0.9869604401089358
-1.17 0.11964504730113673 -0.9869604401089358
-1.1600000000000001 0.12240680557413923 -0.9869604401089358
-1.15 0.12518970284560083 -0.9869604401089358
-1.1400000000000001 0.12798193168522173 -0.9869604401089358
-1.13 0.13078350880042358 -0.9869604401089358
-1.12 0.13360586262685215 -0.9869604401089358
-1.1099999999999999 0.13645086613260016 -0.9869604401089358
-1.1 0.13931750461863085 -0.9869604401089358
-1.0899999999999999 0.14222544918119637 -0.9869604401089358
-1.08 0.14516974084994122 -0.9869604401089358
-1.0699999999999998 0.14814766417947942 -0.9869604401089358
-1.06 0.15116684318222082 -0.9869604401089358
-1.0499999999999998 0.1542256276928277 0.0
-1.04 0.15763121857562956 0.0
-1.0299999999999998 0.16141094627371586 0.0
-1.02 0.16557098341201398 0.0
-1.0099999999999998 0.1701276441766515 0.0
-1.0 0.17509171849463206 -0.9869604401089358
-0.9900000000000002 0.1801293432487353 -0.9869604401089358
-0.9799999999999995 0.18524095900822388 -0.9869604401089358
-0.9699999999999998 0.19042276166418004 -0.9869604401089358
-0.96 0.19567808540837073 -0.9869604401089358
-0.9500000000000002 0.2010084188175503 -0.9869604401089358
-0.9399999999999995 0.2064017797703853 -0.9869604401089358
-0.9299999999999997 0.21184073942845336 -0.9869604401089358
-0.9199999999999999 0.21733120094538202 -0.9869604401089358
-0.9100000000000001 0.22287063726777406 -0.9869604401089358
-0.9000000000000004 0.22846357033993345 -0.9869604401089358
-0.8899999999999997 0.2340980087566737 -0.9869604401089358
-0.8799999999999999 0.23976586331272542 -0.9869604401089358
-0.8700000000000001 0.24546087922493226 -0.9869604401089358
-0.8600000000000003 0.25117197971743555 -0.9869604401089358
-0.8499999999999996 0.2568932469581218 -0.9869604401089358
-0.8399999999999999 0.2626273594860204 -0.9869604401089358
-0.8300000000000001 0.26836620268048694 -0.9869604401089358
-0.8200000000000003 0.2741058549986484 -0.9869604401089358
-0.8099999999999996 0.27985560251703356 -0.9869604401089358
-0.7999999999999998 0.285603237978951 -0.9869604401089358
-0.79 0.2913505416615807 -0.9869604401089358
-0.7800000000000002 0.29710338921906854 -0.9869604401089358
-0.7699999999999996 0.30285977361024524 -0.9869604401089358
-0.7599999999999998 0.3086296606876912 -0.9869604401089358
-0.75 0.31441670854510956 -0.9869604401089358
-0.7400000000000002 0.32022014005215105 -0.9869604401089358
-0.7299999999999995 0.3260209670228672 -0.9869604401089358
-0.7199999999999998 0.331806395569834 -0.9869604401089358
-0.71 0.33758852863977323 -0.9869604401089358
-0.7000000000000002 0.343361943948084 -0.9869604401089358
-0.6899999999999995 0.3491182522235486 -0.9869604401089358
-0.6799999999999997 0.3548653200352057 -0.9869604401089358
-0.6699999999999999 0.3605847377444139 -0.9869604401089358
-0.6600000000000001 0.36624949271170293 -0.9869604401089358
-0.6499999999999995 0.3718840305759532 -0.9869604401089358
-0.6399999999999997 0.3774822694606548 -0.9869604401089358
-0.6299999999999999 0.38304515446216764 -0.9869604401089358
-0.6200000000000001 0.3885805672781099 -0.9869604401089358
-0.6100000000000003 0.39409631195828143 -0.9869604401089358
-0.5999999999999996 0.39958125358305785 -0.9869604401089358
-0.5899999999999999 0.4050264185573958 -0.9869604401089358
-0.5800000000000001 0.41042970025848585 -0.9869604401089358
-0.5700000000000003 0.41580332658716584 -0.9869604401089358
-0.5599999999999996 0.4211262425063421 -0.9869604401089358
-0.5499999999999998 0.42640693085401726 -0.9869604401089358
-0.54 0.43166121773552957 -0.9869604401089358
-0.5300000000000002 0.4368812997875712 -0.9869604401089358
-0.5199999999999996 0.44204182745337545 -0.9869604401089358
-0.5099999999999998 0.44714480600312484 -0.9869604401089358
-0.5 0.4521733071901003 -0.9869604401089358
-0.4900000000000002 0.45715071184758865 -0.9869604401089358
-0.47999999999999954 0.4621021134605456 -0.9869604401089358
-0.46999999999999975 0.46700625559129155 -0.9869604401089358
-0.45999999999999996 0.47185022054131814 -0.9869604401089358
-0.4500000000000002 0.47663244347225103 -0.9869604401089358
-0.4399999999999995 0.4813566842486331 -0.9869604401089358
-0.4299999999999997 0.48603419334474407 -0.9869604401089358
-0.41999999999999993 0.4906483257800659 -0.9869604401089358
-0.41000000000000014 0.4951825165646058 -0.9869604401089358
-0.39999999999999947 0.4996468846906806 -0.9869604401089358
-0.3899999999999997 0.5040342222945483 -0.9869604401089358
-0.3799999999999999 0.5083296106798769 -0.9869604401089358
-0.3700000000000001 0.5125128651621375 -0.9869604401089358
-0.3600000000000003 0.5165409517513537 -0.9869604401089358
-0.34999999999999964 0.5204394889050314 -0.9869604401089358
-0.33999999999999986 0.5242251084353801 -0.9869604401089358
-0.33000000000000007 0.5279014671640256 -0.9869604401089358
-0.3200000000000003 0.5314503436121456 -0.9869604401089358
-0.3099999999999996 0.5348733746429015 -0.9869604401089358
-0.2999999999999998 0.5381615707516031 -0.9869604401089358
-0.29000000000000004 0.5413363658504069 -0.9869604401089358
-0.28000000000000025 0.5443914894574555 -0.9869604401089358
-0.2699999999999996 0.5473398480805451 -0.9869604401089358
-0.2599999999999998 0.5501813971314726 -0.9869604401089358
-0.25 0.5529260195353843 -0.9869604401089358
-0.2400000000000002 0.5555726276881325 -0.9869604401089358
-0.22999999999999954 0.5581500551542131 -0.9869604401089358
-0.21999999999999975 0.5606249454641856 -0.9869604401089358
-0.20999999999999996 0.5630058954308015 -0.9869604401089358
-0.20000000000000018 0.5653077913428508 -0.9869604401089358
-0.1899999999999995 0.5675355924764031 -0.9869604401089358
-0.17999999999999972 0.569690852476881 -0.9869604401089358
-0.16999999999999993 0.5717807769432678 -0.9869604401089358
-0.16000000000000014 0.573787948137777 -0.9869604401089358
-0.14999999999999947 0.5757018385492187 -0.9869604401089358
-0.13999999999999968 0.5775214211066044 -0.9869604401089358
-0.1299999999999999 0.5792642702359073 -0.9869604401089358
-0.1200000000000001 0.5809374015655125 -0.9869604401089358
-0.11000000000000032 0.5825189343337547 -0.9869604401089358
-0.09999999999999964 0.5839968724174287 -0.9869604401089358
-0.08999999999999986 0.5853807940138478 -0.9869604401089358
-0.08000000000000007 0.5866457470413282 -0.9869604401089358
-0.07000000000000028 0.5877853142159984 -0.9869604401089358
-0.05999999999999961 0.5887782173163216 -0.9869604401089358
-0.04999999999999982 0.5896158097600713 -0.9869604401089358
-0.040000000000000036 0.5902867614321953 -0.9869604401089358
-0.03000000000000025 0.5908222622717593 -0.9869604401089358
-0.019999999999999574 0.5912049715108811 -0.9869604401089358
-0.009999999999999787 0.591426209220426 -0.9869604401089358
0.0 0.5914642810271203 -0.9869604401089358
0.009999999999999787 0.5913276993112038 -0.9869604401089358
0.020000000000000462 0.5910359742705362 -0.9869604401089358
0.03000000000000025 0.5905977805627748 -0.9869604401089358
0.040000000000000036 0.5899899971201239 -0.9869604401089358
0.04999999999999982 0.5892375391518924 -0.9869604401089358
0.0600000000000005 0.5883405314966921 -0.9869604401089358
0.07000000000000028 0.5873181124802707 -0.9869604401089358
0.08000000000000007 0.5861771192750411 -0.9869604401089358
0.08999999999999986 0.5849257738634089 -0.9869604401089358
0.10000000000000053 0.5835612166486397 -0.9869604401089358
0.11000000000000032 0.5821076096546307 -0.9869604401089358
0.1200000000000001 0.5805810675619103 -0.9869604401089358
0.1299999999999999 0.5789936996254393 -0.9869604401089358
0.13999999999999968 0.5773234774057333 -0.9869604401089358
0.15000000000000036 0.5755562534688946 -0.9869604401089358
0.16000000000000014 0.5737075438555832 -0.9869604401089358
0.16999999999999993 0.5717829236354844 -0.9869604401089358
0.17999999999999972 0.56977349220725 -0.9869604401089358
0.1900000000000004 0.5676953049301726 -0.9869604401089358
0.20000000000000018 0.5655412806402552 -0.9869604401089358
0.20999999999999996 0.563294510790947 -0.9869604401089358
0.21999999999999975 0.560952490983828 -0.9869604401089358
0.23000000000000043 0.5585249205104678 -0.9869604401089358
0.2400000000000002 0.5559801485320791 -0.9869604401089358
0.25 0.5533290987151114 -0.9869604401089358
0.2599999999999998 0.5505540470416186 -0.9869604401089358
0.27000000000000046 0.5476793635668461 -0.9869604401089358
0.28000000000000025 0.5446998371399089 -0.9869604401089358
0.29000000000000004 0.5416092658516717 -0.9869604401089358
0.2999999999999998 0.5383913450127048 -0.9869604401089358
0.3100000000000005 0.5350419078966877 -0.9869604401089358
0.3200000000000003 0.5315468860135631 -0.9869604401089358
0.33000000000000007 0.5279443622169977 -0.9869604401089358
0.33999999999999986 0.5242315809200898 -0.9869604401089358
0.35000000000000053 0.5203926151242251 -0.9869604401089358
0.3600000000000003 0.5164159932212854 -0.9869604401089358
0.3700000000000001 0.5123177584253139 -0.9869604401089358
0.3799999999999999 0.5081082695626602 -0.9869604401089358
0.3899999999999997 0.5038067680974304 -0.9869604401089358
0.40000000000000036 0.499405188728873 -0.9869604401089358
0.41000000000000014 0.4949178393315187 -0.9869604401089358
0.41999999999999993 0.4903767657869412 -0.9869604401089358
0.4299999999999997 0.4857896596380455 -0.9869604401089358
0.4400000000000004 0.48115515615323223 -0.9869604401089358
0.4500000000000002 0.476456297605971 -0.9869604401089358
0.45999999999999996 0.4716764209165343 -0.9869604401089358
0.46999999999999975 0.46684800503836904 -0.9869604401089358
0.4800000000000004 0.461993256986406 -0.9869604401089358
0.4900000000000002 0.4570925499333343 -0.9869604401089358
0.5 0.45214294824272167 -0.9869604401089358
0.5099999999999998 0.44713584886087454 -0.9869604401089358
0.5200000000000005 0.44205855621746765 -0.9869604401089358
0.5300000000000002 0.4369343563849638 -0.9869604401089358
0.54 0.43174919090407 -0.9869604401089358
0.5499999999999998 0.4265087474391152 -0.9869604401089358
0.5600000000000005 0.42121724681312317 -0.9869604401089358
0.5700000000000003 0.4158912328715106 -0.9869604401089358
0.5800000000000001 0.41053015556900313 -0.9869604401089358
0.5899999999999999 0.4051230885726758 -0.9869604401089358
0.6000000000000005 0.3996623758340152 -0.9869604401089358
0.6100000000000003 0.394175335067503 -0.9869604401089358
0.6200000000000001 0.38865333818041364 -0.9869604401089358
0.6299999999999999 0.3830996156380425 -0.9869604401089358
0.6399999999999997 0.3775333319934713 -0.9869604401089358
0.6500000000000004 0.37194117274286964 -0.9869604401089358
0.6600000000000001 0.3662943481065546 -0.9869604401089358
0.6699999999999999 0.3606116561304062 -0.9869604401089358
0.6799999999999997 0.35489452266174093 -0.9869604401089358
0.6900000000000004 0.349150712376246 -0.9869604401089358
0.7000000000000002 0.3433934037132232 -0.9869604401089358
0.71 0.33762840275929507 -0.9869604401089358
0.7199999999999998 0.33185005708562915 -0.9869604401089358
0.7300000000000004 0.3260578215438382 -0.9869604401089358
0.7400000000000002 0.3202620442796093 -0.9869604401089358
0.75 0.3144726234746448 -0.9869604401089358
0.7599999999999998 0.30868528320363614 -0.9869604401089358
0.7700000000000005 0.3029052290904926 -0.9869604401089358
0.7800000000000002 0.2971438846160777 -0.9869604401089358
0.79 0.291384601706124 -0.9869604401089358
0.7999999999999998 0.28562671857559285 -0.9869604401089358
0.8100000000000005 0.27986991001330197 -0.9869604401089358
0.8200000000000003 0.2741013323589645 -0.9869604401089358
0.8300000000000001 0.2683339651431589 -0.9869604401089358
0.8399999999999999 0.2625739855119247 -0.9869604401089358
0.8500000000000005 0.2568233355364862 -0.9869604401089358
0.8600000000000003 0.25108443260397145 -0.9869604401089358
0.8700000000000001 0.2453560967366954 -0.9869604401089358
0.8799999999999999 0.2396446928815329 -0.9869604401089358
0.8899999999999997 0.23395983367949807 -0.9869604401089358
0.9000000000000004 0.22831670357523673 -0.9869604401089358
0.9100000000000001 0.22272705948524635 -0.9869604401089358
0.9199999999999999 0.2171888639470039 -0.9869604401089358
0.9299999999999997 0.2116942230786205 -0.9869604401089358
0.9400000000000004 0.20626123750493178 -0.9869604401089358
0.9500000000000002 0.20088993308335668 -0.9869604401089358
0.96 0.19558917537387252 -0.9869604401089358
0.9699999999999998 0.190360938993035 -0.9869604401089358
0.9800000000000004 0.1852067957602336 -0.9869604401089358
0.9900000000000002 0.18013173926538473 -0.9869604401089358
1.0 0.17512900080973506 -0.9869604401089358
1.0099999999999998 0.17019454557246882 0.0
1.0200000000000005 0.16566669845091994 0.0
1.0300000000000002 0.1615339705387469 0.0
1.04 0.15777301210576805 0.0
1.0499999999999998 0.1543830938294549 0.0
1.0600000000000005 0.15134230029215817 -0.9869604401089358
1.0700000000000003 0.14833536873625358 -0.9869604401089358
1.08 0.1453620709410478 -0.9869604401089358
1.0899999999999999 0.1424186338778107 -0.9869604401089358
1.1000000000000005 0.1394971638070826 -0.9869604401089358
1.1100000000000003 0.13660507470815555 -0.9869604401089358
1.12 0.1337383028501034 -0.9869604401089358
1.13 0.1308895390499097 -0.9869604401089358
1.1400000000000006 0.1280491996684752 -0.9869604401089358
1.1500000000000004 0.12521678086931876 -0.9869604401089358
1.1600000000000001 0.12240131465389473 -0.9869604401089358
1.17 0.11960614623331767 -0.9869604401089358
1.1799999999999997 0.11683889799051339 -0.9869604401089358
1.1900000000000004 0.11410723894492096 -0.9869604401089358
1.2000000000000002 0.11139621106026462 -0.9869604401089358
1.21 0.10870721441521658 -0.9869604401089358
1.2199999999999998 0.10605538676534414 -0.9869604401089358
1.2300000000000004 0.10343846989857376 -0.9869604401089358
1.2400000000000002 0.10085947791873263 -0.9869604401089358
1.25 0.09833000479561665 -0.9869604401089358
1.2599999999999998 0.09585239563332534 -0.9869604401089358
1.2700000000000005 0.09342630050396192 -0.9869604401089358
1.2800000000000002 0.09105872737261114 -0.9869604401089358
1.29 0.08874355515650374 -0.9869604401089358
1.2999999999999998 0.08647490772978438 -0.9869604401089358
1.3100000000000005 0.0842620335495605 -0.9869604401089358
1.3200000000000003 0.08210930781398175 -0.9869604401089358
1.33 0.08002138018789566 -0.9869604401089358
1.3399999999999999 0.077989304507606 -0.9869604401089358
1.3500000000000005 0.07601012629561243 -0.9869604401089358
1.3600000000000003 0.0740805491138191 -0.9869604401089358
1.37 0.07220595250410063 -0.9869604401089358
1.38 0.07037904400560394 -0.9869604401089358
1.3900000000000006 0.06860561970418858 -0.9869604401089358
1.4000000000000004 0.06687084260603338 -0.9869604401089358
1.4100000000000001 0.06516876791004854 -0.9869604401089358
1.42 0.06350016792100174 -0.9869604401089358
1.4299999999999997 0.06186168625575342 -0.9869604401089358
1.4400000000000004 0.060249956204877636 -0.9869604401089358
1.4500000000000002 0.05866501560355283 -0.9869604401089358
1.46 0.05710659748187985 -0.9869604401089358
1.4699999999999998 0.05557860932301102 -0.9869604401089358
1.4800000000000004 0.0540799982332012 -0.9869604401089358
1.4900000000000002 0.05261139104547412 -0.9869604401089358
1.5 0.05117311109734344 -0.9869604401089358
1.5099999999999998 0.04976138853044899 -0.9869604401089358
1.5200000000000005 0.04837547402615603 -0.9869604401089358
1.5300000000000002 0.04702285992593407 -0.9869604401089358
1.54 0.04570028835850659 -0.9869604401089358
1.5499999999999998 0.044409854924080824 -0.9869604401089358
1.5600000000000005 0.04315267042949116 -0.9869604401089358
1.5700000000000003 0.041930033219114995 -0.9869604401089358
1.58 0.04073608831266706 -0.9869604401089358
1.5899999999999999 0.03957701771100591 -0.9869604401089358
1.6000000000000005 0.038447584037707205 -0.9869604401089358
1.6100000000000003 0.03734858124677616 -0.9869604401089358
1.62 0.03627793881318732 -0.9869604401089358
1.63 0.03524280227812567 -0.9869604401089358
1.6400000000000006 0.034241564592866355 -0.9869604401089358
1.6500000000000004 0.033278473093387204 -0.9869604401089358
1.6600000000000001 0.032350556485941345 -0.9869604401089358
1.67 0.03145377485866832 -0.9869604401089358
1.6799999999999997 0.03058540118203574 -0.9869604401089358
1.6900000000000004 0.029748252631295848 -0.9869604401089358
1.7000000000000002 0.028937802404761813 -0.9869604401089358
1.71 0.028155158985250978 -0.9869604401089358
1.7199999999999998 0.027397745430623816 -0.9869604401089358
1.7300000000000004 0.026659449458738143 -0.9869604401089358
1.7400000000000002 0.025939945888348727 -0.9869604401089358
1.75 0.02524062041483169 -0.9869604401089358
1.7599999999999998 0.024560126210956424 -0.9869604401089358
1.7700000000000005 0.023900097942092018 -0.9869604401089358
1.7800000000000002 0.023262986058580737 -0.9869604401089358
1.79 0.022647308547161966 -0.9869604401089358
1.7999999999999998 0.02205061450432909 -0.9869604401089358
1.8100000000000005 0.021472566735814852 -0.9869604401089358
1.8200000000000003 0.020917235685614762 -0.9869604401089358
1.83 0.020382302892869086 -0.9869604401089358
1.8399999999999999 0.01987076582156988 -0.9869604401089358
1.8500000000000005 0.019382882844276028 -0.9869604401089358
1.8600000000000003 0.018917879564038276 -0.9869604401089358
1.87 0.01847175770325894 -0.9869604401089358
1.88 0.018045937314437027 -0.9869604401089358
1.8900000000000006 0.01763397771347737 -0.9869604401089358
1.9000000000000004 0.017233060970667322 -0.9869604401089358
1.9100000000000001 0.016843230964117654 -0.9869604401089358
1.92 0.016466234556899002 -0.9869604401089358
1.9299999999999997 0.016101458149662518 -0.9869604401089358
1.9400000000000004 0.015744899750090285 -0.9869604401089358
1.9500000000000002 0.015394040114569272 -0.9869604401089358
1.96 0.01505081905907747 -0.9869604401089358
1.9699999999999998 0.014715400328278576 -0.9869604401089358
1.9800000000000004 0.014390452774401229 -0.9869604401089358
1.9900000000000002 0.014072677512116754 -0.9869604401089358
2.0 0.013757439240818393 -0.9869604401089358
2.01 0.013445712752155482 -0.9869604401089358
2.0200000000000005 0.013138237469347207 -0.9869604401089358
2.0300000000000002 0.012838157651850935 -0.9869604401089358
2.04 0.012544712217226056 -0.9869604401089358
2.05 0.012254143380249116 -0.9869604401089358
2.0600000000000005 0.01196732338188866 -0.9869604401089358
2.0700000000000003 0.011685784315276887 -0.9869604401089358
2.08 0.011407783186009211 -0.9869604401089358
2.09 0.01113510961993984 -0.9869604401089358
2.1000000000000005 0.010867703686436333 -0.9869604401089358
2.1100000000000003 0.010605993622335469 -0.9869604401089358
2.12 0.010354650839573425 -0.9869604401089358
2.13 0.010112505571463402 -0.9869604401089358
2.1400000000000006 0.009880135897908923 -0.9869604401089358
2.1500000000000004 0.009658879517539935 -0.9869604401089358
2.16 0.009448428798618565 -0.9869604401089358
2.17 0.009250804398992927 -0.9869604401089358
2.1799999999999997 0.009068997739200804 -0.9869604401089358
2.1900000000000004 0.008900698137339043 -0.9869604401089358
2.2 0.008743172710993589 -0.9869604401089358
2.21 0.008596695386599153 -0.9869604401089358
2.2199999999999998 0.008458388119717823 -0.9869604401089358
2.2300000000000004 0.008325304330838793 -0.9869604401089358
2.24 0.008200015662710256 -0.9869604401089358
2.25 0.008081657581934708 -0.9869604401089358
2.26 0.007967095575372564 -0.9869604401089358
2.2700000000000005 0.007855423191797519 -0.9869604401089358
2.2800000000000002 0.007744867598692565 -0.9869604401089358
2.29 0.007632752796044559 -0.9869604401089358
2.3 0.007521032588647266 -0.9869604401089358
2.3100000000000005 0.007407957865461562 -0.9869604401089358
2.3200000000000003 0.00729412580626361 -0.9869604401089358
2.33 0.007178655375437173 -0.9869604401089358
2.34 0.007061579682911998 -0.9869604401089358
2.3500000000000005 0.006940780174466731 -0.9869604401089358
2.3600000000000003 0.006816788598924409 -0.9869604401089358
2.37 0.006688639268245992 -0.9869604401089358
2.38 0.006556364729019736 -0.9869604401089358
2.3900000000000006 0.006419751972418026 -0.9869604401089358
2.4000000000000004 0.006280198220084359 -0.9869604401089358
2.41 0.006136994049689009 -0.9869604401089358
2.42 0.005990881659946993 -0.9869604401089358
2.4299999999999997 0.00584289917262655 -0.9869604401089358
2.4400000000000004 0.005692230973824938 -0.9869604401089358
2.45 0.005538488864125192 -0.9869604401089358
2.46 0.005383119015509303 -0.9869604401089358
2.4699999999999998 0.005231144655176006 -0.9869604401089358
2.4800000000000004 0.005084352001550677 -0.9869604401089358
2.49 0.004943097709895818 -0.9869604401089358
2.5 0.004807996569577101 -0.9869604401089358
2.51 0.004678703745989563 -0.9869604401089358
2.5200000000000005 0.004555898645459592 -0.9869604401089358
2.5300000000000002 0.004441214495587376 -0.9869604401089358
2.54 0.0043336452651080125 -0.9869604401089358
2.55 0.004233214102393932 -0.9869604401089358
2.5600000000000005 0.0041410804495403885 -0.9869604401089358
2.5700000000000003 0.004056681188366299 -0.9869604401089358
2.58 0.003980314793543543 -0.9869604401089358
2.59 0.003910251405860483 -0.9869604401089358
2.6000000000000005 0.003844023161191127 -0.9869604401089358
2.6100000000000003 0.0037818078240325404 -0.9869604401089358
2.62 0.0037243485371936283 -0.9869604401089358
2.63 0.0036718624801736857 -0.9869604401089358
2.6400000000000006 0.0036225483436386524 -0.9869604401089358
2.6500000000000004 0.0035736588262574457 -0.9869604401089358
2.66 0.003523587020540665 -0.9869604401089358
2.67 0.003471446420039388 -0.9869604401089358
2.6799999999999997 0.003417218766974532 -0.9869604401089358
2.6900000000000004 0.0033625928474392175 -0.9869604401089358
2.7 0.003306666786858036 -0.9869604401089358
2.71 0.003247393020337076 -0.9869604401089358
2.7199999999999998 0.003182854761366042 -0.9869604401089358
2.7300000000000004 0.0031125472081831272 -0.9869604401089358
2.74 0.003036952205580913 -0.9869604401089358
2.75 0.0029564973364964507 -0.9869604401089358
2.76 0.0028713890043733257 -0.9869604401089358
2.7700000000000005 0.002782639020972953 -0.9869604401089358
2.7800000000000002 0.0026912407401499293 -0.9869604401089358
2.79 0.002598476966893286 -0.9869604401089358
2.8 0.002503612177785223 -0.9869604401089358
2.8100000000000005 0.0024070780456340785 -0.9869604401089358
2.8200000000000003 0.002310619181337513 -0.9869604401089358
2.83 0.002215211015422356 -0.9869604401089358
2.84 0.002121797772191705 -0.9869604401089358
2.8500000000000005 0.0020319060648709194 -0.9869604401089358
2.8600000000000003 0.0019449146620749665 -0.9869604401089358
2.87 0.0018618328981892635 -0.9869604401089358
2.88 0.0017836544439816086 -0.9869604401089358
2.8900000000000006 0.001711369375652253 -0.9869604401089358
2.9000000000000004 0.0016455701007794328 -0.9869604401089358
2.91 0.001586798229613756 -0.9869604401089358
2.92 0.0015338079751758616 -0.9869604401089358
2.9300000000000006 0.0014865918722123757 -0.9869604401089358
2.9400000000000004 0.0014442050196547594 -0.9869604401089358
2.95 0.001406984073022396 -0.9869604401089358
2.96 0.001374330804891893 -0.9869604401089358
2.9699999999999998 0.0013460529043094207 -0.9869604401089358
2.9800000000000004 0.0013215510682663206 -0.9869604401089358
2.99 0.0012991961106128519 -0.9869604401089358
3.0 0.0012777444685688143 -0.9869604401089358
3.01 0.0012567688935849251 -0.9869604401089358
3.0199999999999996 0.0012352227454432583 -0.9869604401089358
3.0299999999999994 0.0012135147175256404 -0.9869604401089358
3.040000000000001 0.0011914773384070518 -0.9869604401089358
3.0500000000000007 0.0011682319708266014 -0.9869604401089358
3.0600000000000005 0.0011435020871715486 -0.9869604401089358
3.0700000000000003 0.0011171079381257529 -0.9869604401089358
3.08 0.0010894082487437498 -0.9869604401089358
3.09 0.0010604198900748215 -0.9869604401089358
3.0999999999999996 0.0010304291673876012 -0.9869604401089358
3.1099999999999994 0.0009988925604553411 -0.9869604401089358
3.120000000000001 0.0009658156398501956 -0.9869604401089358
3.130000000000001 0.0009316108541984947 -0.9869604401089358
3.1400000000000006 0.000896893193903501 -0.9869604401089358
3.1500000000000004 0.0008608348111696012 -0.9869604401089358
3.16 0.000824321744216747 -0.9869604401089358
3.17 0.0007871711635372044 -0.9869604401089358
3.1799999999999997 0.000750033254797585 -0.9869604401089358
3.1899999999999995 0.000714028660292979 -0.9869604401089358
3.1999999999999993 0.0006795685551200939 -0.9869604401089358
3.210000000000001 0.000645788321197748 -0.9869604401089358
3.2200000000000006 0.0006135450232297684 -0.9869604401089358
3.2300000000000004 0.0005822862988646365 -0.9869604401089358
3.24 0.0005531501662408035 -0.9869604401089358
3.25 0.0005266545902223021 -0.9869604401089358
3.26 0.0005030893121082862 -0.9869604401089358
3.2699999999999996 0.00048183068192521225 -0.9869604401089358
3.2799999999999994 0.0004628288164236572 -0.9869604401089358
3.290000000000001 0.00044565380693665927 -0.9869604401089358
3.3000000000000007 0.00043005670077461727 -0.9869604401089358
3.3100000000000005 0.0004154961683238945 -0.9869604401089358
3.3200000000000003 0.0004019061586595641 -0.9869604401089358
3.33 0.0003887693524510482 -0.9869604401089358
3.34 0.0003766446829280875 -0.9869604401089358
3.3499999999999996 0.00036568151506857874 -0.9869604401089358
3.3599999999999994 0.00035555845627030443 -0.9869604401089358
3.370000000000001 0.0003459006039552361 -0.9869604401089358
3.380000000000001 0.00033648479564469093 -0.9869604401089358
3.3900000000000006 0.00032742818133791267 -0.9869604401089358
3.4000000000000004 0.00031943141948087344 -0.9869604401089358
3.41 0.00031302803627149907 -0.9869604401089358
3.42 0.0003079864498267604 -0.9869604401089358
3.4299999999999997 0.00030409994403101016 -0.9869604401089358
3.4399999999999995 0.00030082776295180155 -0.9869604401089358
3.4499999999999993 0.0002984362398080979 -0.9869604401089358
3.460000000000001 0.0002968458688706417 -0.9869604401089358
3.4700000000000006 0.0002963194811959552 -0.9869604401089358
3.4800000000000004 0.000296579290707899 -0.9869604401089358
3.49 0.0002972385809070137 -0.9869604401089358
3.5 0.0002979400473651899 -0.9869604401089358
3.51 0.0002989049907246601 -0.9869604401089358
3.5199999999999996 0.00029960749380474787 -0.9869604401089358
3.5299999999999994 0.0003004183021088952 -0.9869604401089358
3.540000000000001 0.0003009563452665802 -0.9869604401089358
3.5500000000000007 0.0003011925188496221 -0.9869604401089358
3.5600000000000005 0.000300913308512531 -0.9869604401089358
3.5700000000000003 0.00030046592423938915 -0.9869604401089358
3.58 0.00029948869284815324 -0.9869604401089358
3.59 0.00029822031318564796 -0.9869604401089358
3.5999999999999996 0.0002965596127987701 -0.9869604401089358
3.6099999999999994 0.000294292699153905 -0.9869604401089358
3.620000000000001 0.000291000825427104 -0.9869604401089358
3.630000000000001 0.0002869213690155244 -0.9869604401089358
3.6400000000000006 0.0002815511393472804 -0.9869604401089358
3.6500000000000004 0.00027523724961171363 -0.9869604401089358
3.66 0.0002681150064867079 -0.9869604401089358
3.67 0.00025995726784881464 -0.9869604401089358
3.6799999999999997 0.0002504855800553447 -0.9869604401089358
3.6899999999999995 0.00023994505968749438 -0.9869604401089358
3.700000000000001 0.00022827301056253267 -0.9869604401089358
3.710000000000001 0.00021608357537102616 -0.9869604401089358
3.7200000000000006 0.00020419854252166252 -0.9869604401089358
3.7300000000000004 0.00019265834732257273 -0.9869604401089358
3.74 0.00018178067392867582 -0.9869604401089358
3.75 0.00017182527733140092 -0.9869604401089358
3.76 0.000162827352630159 -0.9869604401089358
3.7699999999999996 0.00015509321808526477 -0.9869604401089358
3.7799999999999994 0.0001491006213232944 -0.9869604401089358
3.790000000000001 0.00014480919113422832 -0.9869604401089358
3.8000000000000007 0.0001424996842711466 -0.9869604401089358
3.8100000000000005 0.00014246665328105227 -0.9869604401089358
3.8200000000000003 0.00014437769279033896 -0.9869604401089358
3.83 0.00014811798672844436 -0.9869604401089358
3.84 0.0001534492872527148 -0.9869604401089358
3.8499999999999996 0.00016010487373916625 -0.9869604401089358
3.8599999999999994 0.00016820449489925426 -0.9869604401089358
3.870000000000001 0.00017799808972090634 -0.9869604401089358
3.880000000000001 0.00018910548841623553 -0.9869604401089358
3.8900000000000006 0.00020095524079277664 -0.9869604401089358
3.9000000000000004 0.00021332717761314606 -0.9869604401089358
3.91 0.0002256388298277043 -0.9869604401089358
3.92 0.00023796629679034744 -0.9869604401089358
3.9299999999999997 0.00025030510034052954 -0.9869604401089358
3.9399999999999995 0.00026203831766471574 -0.9869604401089358
3.950000000000001 0.0002722880517516417 -0.9869604401089358
3.960000000000001 0.0002811024094479488 -0.9869604401089358
3.9700000000000006 0.00028770047292173086 -0.9869604401089358
3.9800000000000004 0.00029238127515196445 -0.9869604401089358
3.99 0.00029498231333971935 -0.9869604401089358
4.0 0.00029478666296217393 -0.9869604401089358
4.01 0.0002915871097883069 -0.9869604401089358
4.02 0.0002854135627665496 -0.9869604401089358
4.029999999999999 0.0002764838526165667 -0.9869604401089358
4.040000000000001 0.0002652451443924754 -0.9869604401089358
4.050000000000001 0.0002520215126660184 -0.9869604401089358
4.0600000000000005 0.0002368853949873156 -0.9869604401089358
4.07 0.00022025309603094682 -0.9869604401089358
4.08 0.00020276379412017547 -0.9869604401089358
4.09 0.00018500068009962326 -0.9869604401089358
4.1 0.00016732778461390447 -0.9869604401089358
4.109999999999999 0.00014991532581150782 -0.9869604401089358
4.120000000000001 0.00013311336812526218 -0.9869604401089358
4.130000000000001 0.00011717002828776379 -0.9869604401089358
4.140000000000001 0.00010311259890318717 -0.9869604401089358
4.15 9.128590874068637e-05 -0.9869604401089358
4.16 8.208848364398551e-05 -0.9869604401089358
4.17 7.557309014711838e-05 -0.9869604401089358
4.18 7.181465922473388e-05 -0.9869604401089358
4.1899999999999995 7.081979740440728e-05 -0.9869604401089358
4.200000000000001 7.269106616684662e-05 -0.9869604401089358
4.210000000000001 7.735591657945263e-05 -0.9869604401089358
4.220000000000001 8.443689952531063e-05 -0.9869604401089358
4.23 9.36709359785948e-05 -0.9869604401089358
4.24 0.00010485421258757054 -0.9869604401089358
4.25 0.0001173933346194611 -0.9869604401089358
4.26 0.00013088913599183072 -0.9869604401089358
4.27 0.00014498195478317743 -0.9869604401089358
4.279999999999999 0.00015894449463330234 -0.9869604401089358
4.290000000000001 0.0001726300942054824 -0.9869604401089358
4.300000000000001 0.00018576706885552026 -0.9869604401089358
4.3100000000000005 0.00019744644283685537 -0.9869604401089358
4.32 0.00020719474739952693 -0.9869604401089358
4.33 0.0002144671017241305 -0.9869604401089358
4.34 0.00021891650819048897 -0.9869604401089358
4.35 0.0002208376661302461 -0.9869604401089358
4.359999999999999 0.0002206459868489303 -0.9869604401089358
4.370000000000001 0.00021822197300285377 -0.9869604401089358
4.380000000000001 0.0002134951939924902 -0.9869604401089358
4.390000000000001 0.00020642692725825776 -0.9869604401089358
4.4 0.00019678339325852583 -0.9869604401089358
4.41 0.00018479984319729888 -0.9869604401089358
4.42 0.0001711605852313509 -0.9869604401089358
4.43 0.00015600156304977769 -0.9869604401089358
4.4399999999999995 0.00013999229684652522 -0.9869604401089358
4.450000000000001 0.00012358370498014704 -0.9869604401089358
4.460000000000001 0.00010712102873495184 -0.9869604401089358
4.470000000000001 9.09856323525529e-05 -0.9869604401089358
4.48 7.577134297487847e-05 -0.9869604401089358
4.49 6.160303955370719e-05 -0.9869604401089358
4.5 4.900371201469436e-05 -0.9869604401089358
4.51 3.814964618448966e-05 -0.9869604401089358
4.52 2.9233413747682904e-05 -0.9869604401089358
4.529999999999999 2.236167478665929e-05 -0.9869604401089358
4.540000000000001 1.755452765129135e-05 -0.9869604401089358
4.550000000000001 1.4795077999820754e-05 -0.9869604401089358
4.5600000000000005 1.3978164088322481e-05 -0.9869604401089358
4.57 1.4934173247423844e-05 -0.9869604401089358
4.58 1.7397388714171585e-05 -0.9869604401089358
4.59 2.1276753683490022e-05 -0.9869604401089358
4.6 2.6244525911852656e-05 -0.9869604401089358
4.609999999999999 3.217990368202149e-05 -0.9869604401089358
4.620000000000001 3.875708501955953e-05 -0.9869604401089358
4.630000000000001 4.562981485749284e-05 -0.9869604401089358
4.640000000000001 5.248357383703889e-05 -0.9869604401089358
4.65 5.927105199168073e-05 -0.9869604401089358
4.66 6.588282334392313e-05 -0.9869604401089358
4.67 7.218551655221908e-05 -0.9869604401089358
4.68 7.811026330350859e-05 -0.9869604401089358
4.6899999999999995 8.328904452100772e-05 -0.9869604401089358
4.700000000000001 8.7453528412107e-05 -0.9869604401089358
4.710000000000001 9.064285179742707e-05 -0.9869604401089358
4.720000000000001 9.278757382935094e-05 -0.9869604401089358
4.73 9.37488871295066e-05 -0.9869604401089358
4.74 9.378306278294823e-05 -0.9869604401089358
4.75 9.265934926722135e-05 -0.9869604401089358
4.76 9.050471868552759e-05 -0.9869604401089358
4.77 8.753149747875567e-05 -0.9869604401089358
4.779999999999999 8.379930163015758e-05 -0.9869604401089358
4.790000000000001 7.929023903767394e-05 -0.9869604401089358
4.800000000000001 7.431179053749443e-05 -0.9869604401089358
4.8100000000000005 6.877607314084384e-05 -0.9869604401089358
4.82 6.307912477063695e-05 -0.9869604401089358
4.83 5.738401832177738e-05 -0.9869604401089358
4.84 5.192027152801475e-05 -0.9869604401089358
4.85 4.658324217820773e-05 -0.9869604401089358
4.859999999999999 4.140800335933979e-05 -0.9869604401089358
4.870000000000001 3.63100990285826e-05 -0.9869604401089358
4.880000000000001 3.138138211428369e-05 -0.9869604401089358
4.890000000000001 2.6709187078918005e-05 -0.9869604401089358
4.9 2.2504898090613386e-05 -0.9869604401089358
4.91 1.858175027746604e-05 -0.9869604401089358
4.92 1.5039133506248257e-05 -0.9869604401089358
4.93 1.1762780011657647e-05 -0.9869604401089358
4.9399999999999995 8.77768144727319e-06 -0.9869604401089358
4.950000000000001 6.176677005922331e-06 -0.9869604401089358
4.960000000000001 4.014836870301547e-06 -0.9869604401089358
4.970000000000001 2.28729909207669e-06 -0.9869604401089358
4.98 1.0350989164246483e-06 -0.9869604401089358
4.99 2.6256477167867746e-07 -0.9869604401089358
