-5.0 7.783847126302986e-07 -0.9869604401089358
-4.99 3.0726132790456216e-06 -0.9869604401089358
-4.98 6.723728585357814e-06 -0.9869604401089358
-4.97 1.154722052527189e-05 -0.9869604401089358
-4.96 1.7343083391907423e-05 -0.9869604401089358
-4.95 2.378231292066763e-05 -0.9869604401089358
-4.94 3.067074329638863e-05 -0.9869604401089358
-4.93 3.7670185766208504e-05 -0.9869604401089358
-4.92 4.4447313372733514e-05 -0.9869604401089358
-4.91 5.078765502190694e-05 -0.9869604401089358
-4.9 5.644165643719824e-05 -0.9869604401089358
-4.89 6.11607533490071e-05 -0.9869604401089358
-4.88 6.502154515072415e-05 -0.9869604401089358
-4.87 6.764586634496718e-05 -0.9869604401089358
-4.86 6.903764367761765e-05 -0.9869604401089358
-4.85 6.911038246700936e-05 -0.9869604401089358
-4.84 6.79083003089372e-05 -0.9869604401089358
-4.83 6.544188683745936e-05 -0.9869604401089358
-4.82 6.192487558319097e-05 -0.9869604401089358
-4.81 5.733235933367964e-05 -0.9869604401089358
-4.8 5.201298834276857e-05 -0.9869604401089358
-4.79 4.609353994267383e-05 -0.9869604401089358
-4.78 3.9767642065698454e-05 -0.9869604401089358
-4.77 3.349624279515892e-05 -0.9869604401089358
-4.76 2.7621356406613747e-05 -0.9869604401089358
-4.75 2.2355334974278406e-05 -0.9869604401089358
-4.74 1.7836219362858353e-05 -0.9869604401089358
-4.73 1.411022834835454e-05 -0.9869604401089358
-4.72 1.1250227549305035e-05 -0.9869604401089358
-4.71 9.335587090877843e-06 -0.9869604401089358
-4.7 8.359855422082113e-06 -0.9869604401089358
-4.69 8.2539116227974e-06 -0.9869604401089358
-4.68 8.951840614173064e-06 -0.9869604401089358
-4.67 1.029216666907575e-05 -0.9869604401089358
-4.66 1.215579605741812e-05 -0.9869604401089358
-4.65 1.4474697139927145e-05 -0.9869604401089358
-4.64 1.7213349986275505e-05 -0.9869604401089358
-4.63 2.031049038851133e-05 -0.9869604401089358
-4.62 2.3711281745458182e-05 -0.9869604401089358
-4.61 2.7212789337061564e-05 -0.9869604401089358
-4.6 3.068861965013191e-05 -0.9869604401089358
-4.59 3.407915861818348e-05 -0.9869604401089358
-4.58 3.73024427042312e-05 -0.9869604401089358
-4.57 4.02080576070849e-05 -0.9869604401089358
-4.56 4.2710315604487724e-05 -0.9869604401089358
-4.55 4.4580964743363745e-05 -0.9869604401089358
-4.54 4.579591222484072e-05 -0.9869604401089358
-4.53 4.63823406271203e-05 -0.9869604401089358
-4.52 4.641040963996024e-05 -0.9869604401089358
-4.51 4.597089833213964e-05 -0.9869604401089358
-4.5 4.50325724378072e-05 -0.9869604401089358
-4.49 4.3746848085226365e-05 -0.9869604401089358
-4.48 4.2253403930922825e-05 -0.9869604401089358
-4.47 4.070516243600546e-05 -0.9869604401089358
-4.46 3.898877815885016e-05 -0.9869604401089358
-4.45 3.728557669867967e-05 -0.9869604401089358
-4.4399999999999995 3.541913915829875e-05 -0.9869604401089358
-4.43 3.340061164867733e-05 -0.9869604401089358
-4.42 3.1104565007799105e-05 -0.9869604401089358
-4.41 2.8631840531164612e-05 -0.9869604401089358
-4.4 2.617707371230149e-05 -0.9869604401089358
-4.39 2.3805985563646265e-05 -0.9869604401089358
-4.38 2.148462716688379e-05 -0.9869604401089358
-4.37 1.921775565769634e-05 -0.9869604401089358
-4.36 1.69990986281402e-05 -0.9869604401089358
-4.35 1.487412254405278e-05 -0.9869604401089358
-4.34 1.3049908712924632e-05 -0.9869604401089358
-4.33 1.1603828403568227e-05 -0.9869604401089358
-4.32 1.0638313893425492e-05 -0.9869604401089358
-4.31 1.021816117749572e-05 -0.9869604401089358
-4.3 1.0287297030848488e-05 -0.9869604401089358
-4.29 1.0910870434908618e-05 -0.9869604401089358
-4.28 1.2032452169216313e-05 -0.9869604401089358
-4.27 1.3527471711244844e-05 -0.9869604401089358
-4.26 1.5438922083186817e-05 -0.9869604401089358
-4.25 1.7808935176094905e-05 -0.9869604401089358
-4.24 2.0563564257331075e-05 -0.9869604401089358
-4.23 2.3836304999934488e-05 -0.9869604401089358
-4.22 2.745128870125326e-05 -0.9869604401089358
-4.21 3.142979381398197e-05 -0.9869604401089358
-4.2 3.57325721627081e-05 -0.9869604401089358
-4.1899999999999995 4.0190582651857114e-05 -0.9869604401089358
-4.18 4.468064810363842e-05 -0.9869604401089358
-4.17 4.9284161173433626e-05 -0.9869604401089358
-4.16 5.360783083305261e-05 -0.9869604401089358
-4.15 5.772453172510133e-05 -0.9869604401089358
-4.14 6.14400999247868e-05 -0.9869604401089358
-4.13 6.449574972789996e-05 -0.9869604401089358
-4.12 6.683115653077162e-05 -0.9869604401089358
-4.11 6.854811325332327e-05 -0.9869604401089358
-4.1 6.937787333182116e-05 -0.9869604401089358
-4.09 6.930337929777672e-05 -0.9869604401089358
-4.08 6.808537180711194e-05 -0.9869604401089358
-4.07 6.58462010688233e-05 -0.9869604401089358
-4.06 6.294321561539642e-05 -0.9869604401089358
-4.05 5.957469280357106e-05 -0.9869604401089358
-4.04 5.580562548284145e-05 -0.9869604401089358
-4.03 5.200839750294909e-05 -0.9869604401089358
-4.02 4.807595429238608e-05 -0.9869604401089358
-4.01 4.420054221300383e-05 -0.9869604401089358
-4.0 4.076301143337235e-05 -0.9869604401089358
-3.99 3.788601471994026e-05 -0.9869604401089358
-3.98 3.591968767509962e-05 -0.9869604401089358
-3.9699999999999998 3.5024451856624046e-05 -0.9869604401089358
-3.96 3.533968869528646e-05 -0.9869604401089358
-3.95 3.6948684218362326e-05 -0.9869604401089358
-3.94 4.001758069533744e-05 -0.9869604401089358
-3.9299999999999997 4.457820245825844e-05 -0.9869604401089358
-3.92 5.081273967733355e-05 -0.9869604401089358
-3.91 5.8547052917988026e-05 -0.9869604401089358
-3.9 6.751257813295923e-05 -0.9869604401089358
-3.8899999999999997 7.742329679932945e-05 -0.9869604401089358
-3.88 8.82569818222944e-05 -0.9869604401089358
-3.87 9.966078480638351e-05 -0.9869604401089358
-3.86 0.00011141032891362666 -0.9869604401089358
-3.8499999999999996 0.00012308396458063077 -0.9869604401089358
-3.84 0.00013398460271525924 -0.9869604401089358
-3.83 0.00014393190435626265 -0.9869604401089358
-3.8200000000000003 0.00015281209092819612 -0.9869604401089358
-3.81 0.00016077716856066417 -0.9869604401089358
-3.8 0.00016756059845648015 -0.9869604401089358
-3.79 0.00017269492193146545 -0.9869604401089358
-3.7800000000000002 0.0001757565265363919 -0.9869604401089358
-3.77 0.00017698165218032918 -0.9869604401089358
-3.76 0.00017637871692009237 -0.9869604401089358
-3.75 0.00017438673611790695 -0.9869604401089358
-3.74 0.0001713250568886034 -0.9869604401089358
-3.73 0.00016739950142314334 -0.9869604401089358
-3.7199999999999998 0.0001624779312986086 -0.9869604401089358
-3.71 0.00015716203777313921 -0.9869604401089358
-3.7 0.00015167909542110594 -0.9869604401089358
-3.69 0.00014667850099664488 -0.9869604401089358
-3.6799999999999997 0.0001428605188647134 -0.9869604401089358
-3.67 0.00014059552804368005 -0.9869604401089358
-3.66 0.00014012856038650128 -0.9869604401089358
-3.65 0.00014140505752478256 -0.9869604401089358
-3.6399999999999997 0.00014431622319050947 -0.9869604401089358
-3.63 0.0001491567360540374 -0.9869604401089358
-3.62 0.00015584165953151243 -0.9869604401089358
-3.61 0.00016411355035485164 -0.9869604401089358
-3.5999999999999996 0.0001738148001967631 -0.9869604401089358
-3.59 0.00018465951051955807 -0.9869604401089358
-3.58 0.0001963245900154655 -0.9869604401089358
-3.5700000000000003 0.00020882526279290665 -0.9869604401089358
-3.56 0.0002219475450307304 -0.9869604401089358
-3.55 0.00023513800358182732 -0.9869604401089358
-3.54 0.0002481030249334367 -0.9869604401089358
-3.5300000000000002 0.00026029093356477696 -0.9869604401089358
-3.52 0.00027198370434605793 -0.9869604401089358
-3.51 0.00028271646875841026 -0.9869604401089358
-3.5 0.0002921405453051353 -0.9869604401089358
-3.49 0.0002997600720446177 -0.9869604401089358
-3.48 0.00030556822801070004 -0.9869604401089358
-3.4699999999999998 0.00030912951342947634 -0.9869604401089358
-3.46 0.00031108656429737036 -0.9869604401089358
-3.45 0.00031144550754757996 -0.9869604401089358
-3.44 0.00031040375503792455 -0.9869604401089358
-3.4299999999999997 0.0003082034143989335 -0.9869604401089358
-3.42 0.00030544850374897937 -0.9869604401089358
-3.41 0.000302378728795468 -0.9869604401089358
-3.4 0.00029915242939656535 -0.9869604401089358
-3.3899999999999997 0.00029590212466717135 -0.9869604401089358
-3.38 0.000293029218094842 -0.9869604401089358
-3.37 0.0002909055122172007 -0.9869604401089358
-3.36 0.0002899116688146672 -0.9869604401089358
-3.3499999999999996 0.0002900324610964833 -0.9869604401089358
-3.34 0.0002912530971267417 -0.9869604401089358
-3.33 0.00029287556210827876 -0.9869604401089358
-3.3200000000000003 0.00029503030188160766 -0.9869604401089358
-3.31 0.00029778944326457144 -0.9869604401089358
-3.3 0.0003014126760365473 -0.9869604401089358
-3.29 0.00030585499669196186 -0.9869604401089358
-3.2800000000000002 0.00031132345645282596 -0.9869604401089358
-3.27 0.00031764277883800557 -0.9869604401089358
-3.26 0.00032442354953920565 -0.9869604401089358
-3.25 0.0003316163469588461 -0.9869604401089358
-3.24 0.00033921049189099777 -0.9869604401089358
-3.23 0.0003471364718674056 -0.9869604401089358
-3.2199999999999998 0.00035522801773662155 -0.9869604401089358
-3.21 0.0003634500870995999 -0.9869604401089358
-3.2 0.0003713696418196649 -0.9869604401089358
-3.19 0.00037898965377971834 -0.9869604401089358
-3.1799999999999997 0.00038625174988895464 -0.9869604401089358
-3.17 0.0003936208995158077 -0.9869604401089358
-3.16 0.00040103592340488863 -0.9869604401089358
-3.15 0.00040799103589996 -0.9869604401089358
-3.1399999999999997 0.0004142037906536871 -0.9869604401089358
-3.13 0.00042008686233645644 -0.9869604401089358
-3.12 0.00042568059584175886 -0.9869604401089358
-3.11 0.0004319824773416897 -0.9869604401089358
-3.0999999999999996 0.0004389090882430026 -0.9869604401089358
-3.09 0.0004459338121776424 -0.9869604401089358
-3.08 0.00045257569024314355 -0.9869604401089358
-3.0700000000000003 0.0004592579115740299 -0.9869604401089358
-3.06 0.00046555078599716504 -0.9869604401089358
-3.05 0.00047176559491251 -0.9869604401089358
-3.04 0.00047729819731638266 -0.9869604401089358
-3.0300000000000002 0.0004820836800520112 -0.9869604401089358
-3.02 0.000485909753942627 -0.9869604401089358
-3.01 0.0004893741004894386 -0.9869604401089358
-3.0 0.0004928874429978636 -0.9869604401089358
-2.9899999999999998 0.0004971326274550322 -0.9869604401089358
-2.98 0.0005014046386173196 -0.9869604401089358
-2.9699999999999998 0.0005056299499317723 -0.9869604401089358
-2.96 0.0005103604777178684 -0.9869604401089358
-2.95 0.000515919920690818 -0.9869604401089358
-2.94 0.00052291995797944 -0.9869604401089358
-2.93 0.0005322747762180717 -0.9869604401089358
-2.92 0.0005440347094444425 -0.9869604401089358
-2.91 0.0005582266440796168 -0.9869604401089358
-2.9 0.0005750221020874996 -0.9869604401089358
-2.89 0.0005936782723414752 -0.9869604401089358
-2.88 0.0006143919594972755 -0.9869604401089358
-2.87 0.0006377687609699314 -0.9869604401089358
-2.86 0.0006643435311161375 -0.9869604401089358
-2.85 0.0006938935857258188 -0.9869604401089358
-2.84 0.0007265451649001141 -0.9869604401089358
-2.83 0.0007617468344488778 -0.9869604401089358
-2.82 0.0007992581115725447 -0.9869604401089358
-2.81 0.0008383857585176416 -0.9869604401089358
-2.8 0.0008785914724188275 -0.9869604401089358
-2.79 0.0009195328450404808 -0.9869604401089358
-2.78 0.0009610530787038166 -0.9869604401089358
-2.77 0.0010019006320091213 -0.9869604401089358
-2.76 0.0010429716418334921 -0.9869604401089358
-2.75 0.0010834923631626815 -0.9869604401089358
-2.7399999999999998 0.0011225042550395377 -0.9869604401089358
-2.73 0.0011596726722740475 -0.9869604401089358
-2.7199999999999998 0.0011952247262339124 -0.9869604401089358
-2.71 0.0012284721361737576 -0.9869604401089358
-2.6999999999999997 0.00126126368609862 -0.9869604401089358
-2.69 0.0012936934855732707 -0.9869604401089358
-2.68 0.0013260806679743786 -0.9869604401089358
-2.67 0.0013585793547053803 -0.9869604401089358
-2.66 0.0013921268323599714 -0.9869604401089358
-2.65 0.0014274395094830323 -0.9869604401089358
-2.64 0.001465623563466637 -0.9869604401089358
-2.63 0.0015069137365941062 -0.9869604401089358
-2.62 0.0015520208302955878 -0.9869604401089358
-2.61 0.00160270322128221 -0.9869604401089358
-2.6 0.001660094682469184 -0.9869604401089358
-2.59 0.0017243069366790098 -0.9869604401089358
-2.58 0.0017945946795130843 -0.9869604401089358
-2.57 0.0018697438455806752 -0.9869604401089358
-2.56 0.001950806707405781 -0.9869604401089358
-2.55 0.0020383543968269546 -0.9869604401089358
-2.54 0.002132041316115546 -0.9869604401089358
-2.53 0.002231971274305266 -0.9869604401089358
-2.52 0.002336869251008044 -0.9869604401089358
-2.51 0.002444943240740641 -0.9869604401089358
-2.5 0.0025555551313006255 -0.9869604401089358
-2.4899999999999998 0.0026691536375141787 -0.9869604401089358
-2.48 0.0027854868741921304 -0.9869604401089358
-2.4699999999999998 0.002902923863919101 -0.9869604401089358
-2.46 0.0030200068828095173 -0.9869604401089358
-2.4499999999999997 0.0031369502196909216 -0.9869604401089358
-2.44 0.003251763407488931 -0.9869604401089358
-2.43 0.003366624895928607 -0.9869604401089358
-2.42 0.003480972752093556 -0.9869604401089358
-2.41 0.003593647046027189 -0.9869604401089358
-2.4 0.0037027362870557306 -0.9869604401089358
-2.39 0.003809692076449819 -0.9869604401089358
-2.38 0.003915380250364094 -0.9869604401089358
-2.37 0.004022507661295893 -0.9869604401089358
-2.36 0.004130991129439479 -0.9869604401089358
-2.35 0.004242131489789957 -0.9869604401089358
-2.34 0.004356566289359755 -0.9869604401089358
-2.33 0.004475882099394371 -0.9869604401089358
-2.32 0.004600287801884816 -0.9869604401089358
-2.31 0.004731029918129 -0.9869604401089358
-2.3 0.004868270773512224 -0.9869604401089358
-2.29 0.005012487320044504 -0.9869604401089358
-2.28 0.005163956837378072 -0.9869604401089358
-2.27 0.005322136376782187 -0.9869604401089358
-2.26 0.005487936362400332 -0.9869604401089358
-2.25 0.0056621639043086085 -0.9869604401089358
-2.2399999999999998 0.005844233723145621 -0.9869604401089358
-2.23 0.006033758844271345 -0.9869604401089358
-2.2199999999999998 0.006228554924337935 -0.9869604401089358
-2.21 0.006426719276471963 -0.9869604401089358
-2.1999999999999997 0.006628610259725032 -0.9869604401089358
-2.19 0.006836351229650274 -0.9869604401089358
-2.18 0.0070504959895149235 -0.9869604401089358
-2.17 0.007267812437977832 -0.9869604401089358
-2.16 0.007488556562270651 -0.9869604401089358
-2.15 0.00771072030480992 -0.9869604401089358
-2.14 0.00793109086987761 -0.9869604401089358
-2.13 0.008149098026302412 -0.9869604401089358
-2.12 0.008367368583929648 -0.9869604401089358
-2.11 0.008582576629570385 -0.9869604401089358
-2.1 0.008797927383692969 -0.9869604401089358
-2.09 0.009013987164026483 -0.9869604401089358
-2.08 0.0092304909299902 -0.9869604401089358
-2.07 0.009448515081761687 -0.9869604401089358
-2.06 0.009669228081232236 -0.9869604401089358
-2.05 0.00989179491187801 -0.9869604401089358
-2.04 0.01011747878100548 -0.9869604401089358
-2.03 0.01034696007327948 -0.9869604401089358
-2.02 0.010582016660146283 -0.9869604401089358
-2.01 0.010828072094932547 -0.9869604401089358
-2.0 0.011081825794612707 -0.9869604401089358
-1.9899999999999998 0.011343084417743655 -0.9869604401089358
-1.98 0.01161036705150257 -0.9869604401089358
-1.9699999999999998 0.011883757053057713 -0.9869604401089358
-1.96 0.012162664650934777 -0.9869604401089358
-1.9499999999999997 0.012449782482426579 -0.9869604401089358
-1.94 0.012743276151410661 -0.9869604401089358
-1.9299999999999997 0.013045299069538765 -0.9869604401089358
-1.92 0.013357987854870497 -0.9869604401089358
-1.9100000000000001 0.013681265223184452 -0.9869604401089358
-1.9 0.014012700175347085 -0.9869604401089358
-1.8900000000000001 0.01435134963309363 -0.9869604401089358
-1.88 0.01469472256738378 -0.9869604401089358
-1.87 0.015046051187775416 -0.9869604401089358
-1.8599999999999999 0.01540965955637412 -0.9869604401089358
-1.85 0.015781651444409413 -0.9869604401089358
-1.8399999999999999 0.01616012296466518 -0.9869604401089358
-1.83 0.01654545121440595 -0.9869604401089358
-1.8199999999999998 0.01693745257756931 -0.9869604401089358
-1.81 0.017338364325126972 -0.9869604401089358
-1.7999999999999998 0.01775199571716957 -0.9869604401089358
-1.79 0.018177978616948164 -0.9869604401089358
-1.7799999999999998 0.018614871855383297 -0.9869604401089358
-1.77 0.01906409859264654 -0.9869604401089358
-1.7599999999999998 0.01953049201054891 -0.9869604401089358
-1.75 0.02001299736043127 -0.9869604401089358
-1.7399999999999998 0.020511719398836954 -0.9869604401089358
-1.73 0.021026591331242916 -0.9869604401089358
-1.7199999999999998 0.021554301434565583 -0.9869604401089358
-1.71 0.022091791754584273 -0.9869604401089358
-1.6999999999999997 0.022644635863451747 -0.9869604401089358
-1.69 0.0232134090384198 -0.9869604401089358
-1.6799999999999997 0.023797733527540936 -0.9869604401089358
-1.67 0.024392504248414208 -0.9869604401089358
-1.6600000000000001 0.024997548508762023 -0.9869604401089358
-1.65 0.02561022564294072 -0.9869604401089358
-1.6400000000000001 0.026238398105032017 -0.9869604401089358
-1.63 0.026887197712200016 -0.9869604401089358
-1.62 0.027555972884503892 -0.9869604401089358
-1.6099999999999999 0.02824212411081109 -0.9869604401089358
-1.6 0.0289443532116797 -0.9869604401089358
-1.5899999999999999 0.029667591505708944 -0.9869604401089358
-1.58 0.0304181877731094 -0.9869604401089358
-1.5699999999999998 0.0311987700054934 -0.9869604401089358
-1.56 0.03200812537383262 -0.9869604401089358
-1.5499999999999998 0.032846736422832964 -0.9869604401089358
-1.54 0.03371974937988184 -0.9869604401089358
-1.5299999999999998 0.03463162032410862 -0.9869604401089358
-1.52 0.03558772166035155 -0.9869604401089358
-1.5099999999999998 0.036587653768623773 -0.9869604401089358
-1.5 0.03762865939523417 -0.9869604401089358
-1.4899999999999998 0.03870941444028574 -0.9869604401089358
-1.48 0.03983851279876388 -0.9869604401089358
-1.4699999999999998 0.04100905574747731 -0.9869604401089358
-1.46 0.042223164683148455 -0.9869604401089358
-1.4499999999999997 0.043477469386985955 -0.9869604401089358
-1.44 0.04476815293117657 -0.9869604401089358
-1.4299999999999997 0.04609536592283175 -0.9869604401089358
-1.42 0.04745918282066057 -0.9869604401089358
-1.4100000000000001 0.048851674817261555 -0.9869604401089358
-1.4 0.05027616712030578 -0.9869604401089358
-1.3900000000000001 0.05172272513646088 -0.9869604401089358
-1.38 0.05319510270262299 -0.9869604401089358
-1.37 0.05469435056639429 -0.9869604401089358
-1.3599999999999999 0.0562184590606691 -0.9869604401089358
-1.35 0.05776891146404951 -0.9869604401089358
-1.3399999999999999 0.059354584404844576 -0.9869604401089358
-1.33 0.06097205580446554 -0.9869604401089358
-1.3199999999999998 0.06262813034067723 -0.9869604401089358
-1.31 0.06432785494039045 -0.9869604401089358
-1.2999999999999998 0.06607600699993399 -0.9869604401089358
-1.29 0.06787020791178519 -0.9869604401089358
-1.2799999999999998 0.06972011091080513 -0.9869604401089358
-1.27 0.07163475106415727 -0.9869604401089358
-1.2599999999999998 0.07361734634422627 -0.9869604401089358
-1.25 0.07567918239918861 -0.9869604401089358
-1.2399999999999998 0.07782466340409733 -0.9869604401089358
-1.23 0.0800379713427547 -0.9869604401089358
-1.2199999999999998 0.08231810842825511 -0.9869604401089358
-1.21 0.08467050854423266 -0.9869604401089358
-1.1999999999999997 0.08709585919991936 -0.9869604401089358
-1.19 0.08959836084559397 -0.9869604401089358
-1.1799999999999997 0.09217752177444896 -0.9869604401089358
-1.17 0.09481872827552919 -0.9869604401089358
-1.1600000000000001 0.09752080763492073 -0.9869604401089358
-1.15 0.1002853617258191 -0.9869604401089358
-1.1400000000000001 0.1031091388556953 -0.9869604401089358
-1.13 0.1059815703207124 -0.9869604401089358
-1.12 0.10888790857317075 -0.9869604401089358
-1.1099999999999999 0.11182411863929224 -0.9869604401089358
-1.1 0.11479790775720594 -0.9869604401089358
-1.0899999999999999 0.11781967090350506 -0.9869604401089358
-1.08 0.1208897417986148 -0.9869604401089358
-1.0699999999999998 0.12399557852037218 -0.9869604401089358
-1.06 0.12712441733257668 -0.9869604401089358
-1.0499999999999998 0.1302783603233555 0.0
-1.04 0.13372743412582494 0.0
-1.0299999999999998 0.13750325830805832 0.0
-1.02 0.14162301490618673 0.0
-1.0099999999999998 0.14610418254382615 0.0
-1.0 0.15096435177759054 -0.9869604401089358
-0.9900000000000002 0.15592992962833577 -0.9869604401089358
-0.9799999999999995 0.16099786724646836 -0.9869604401089358
-0.9699999999999998 0.1661717066451353 -0.9869604401089358
-0.96 0.1714459522382944 -0.9869604401089358
-0.9500000000000002 0.1768140364232454 -0.9869604401089358
-0.9399999999999995 0.18227782161005454 -0.9869604401089358
-0.9299999999999997 0.18785088324633076 -0.9869604401089358
-0.9199999999999999 0.19353463025326845 -0.9869604401089358
-0.9100000000000001 0.19931488316229978 -0.9869604401089358
-0.9000000000000004 0.20519533076330318 -0.9869604401089358
-0.8899999999999997 0.21115355712637215 -0.9869604401089358
-0.8799999999999999 0.21717821476741958 -0.9869604401089358
-0.8700000000000001 0.2232763111670009 -0.9869604401089358
-0.8600000000000003 0.22945273903159166 -0.9869604401089358
-0.8499999999999996 0.23569298539071465 -0.9869604401089358
-0.8399999999999999 0.24199896911683336 -0.9869604401089358
-0.8300000000000001 0.24836339283603895 -0.9869604401089358
-0.8200000000000003 0.2547617453995251 -0.9869604401089358
-0.8099999999999996 0.26119335072456057 -0.9869604401089358
-0.7999999999999998 0.26766380460537714 -0.9869604401089358
-0.79 0.27415734565994787 -0.9869604401089358
-0.7800000000000002 0.2806613886774198 -0.9869604401089358
-0.7699999999999996 0.28720151710932607 -0.9869604401089358
-0.7599999999999998 0.2937543120323885 -0.9869604401089358
-0.75 0.3003335627828754 -0.9869604401089358
-0.7400000000000002 0.3069423754448988 -0.9869604401089358
-0.7299999999999995 0.3135650728121909 -0.9869604401089358
-0.7199999999999998 0.3201883460819538 -0.9869604401089358
-0.71 0.3268310214190524 -0.9869604401089358
-0.7000000000000002 0.33348908754799134 -0.9869604401089358
-0.6899999999999995 0.3401677992543838 -0.9869604401089358
-0.6799999999999997 0.3468662729066134 -0.9869604401089358
-0.6699999999999999 0.3535759294382365 -0.9869604401089358
-0.6600000000000001 0.3602948417962737 -0.9869604401089358
-0.6499999999999995 0.3670212954786069 -0.9869604401089358
-0.6399999999999997 0.3737679955029861 -0.9869604401089358
-0.6299999999999999 0.38050732499910506 -0.9869604401089358
-0.6200000000000001 0.38724844709633194 -0.9869604401089358
-0.6100000000000003 0.3939883523964389 -0.9869604401089358
-0.5999999999999996 0.4007327439795437 -0.9869604401089358
-0.5899999999999999 0.40748563083094025 -0.9869604401089358
-0.5800000000000001 0.4142417066041772 -0.9869604401089358
-0.5700000000000003 0.4209643077031496 -0.9869604401089358
-0.5599999999999996 0.42766983170198436 -0.9869604401089358
-0.5499999999999998 0.43434880244316754 -0.9869604401089358
-0.54 0.44100565883053344 -0.9869604401089358
-0.5300000000000002 0.4476425042257619 -0.9869604401089358
-0.5199999999999996 0.4542260499759749 -0.9869604401089358
-0.5099999999999998 0.46074651651967347 -0.9869604401089358
-0.5 0.4672020564681098 -0.9869604401089358
-0.4900000000000002 0.4735993105120862 -0.9869604401089358
-0.47999999999999954 0.47992637831160134 -0.9869604401089358
-0.46999999999999975 0.48616912497649567 -0.9869604401089358
-0.45999999999999996 0.49231388514405006 -0.9869604401089358
-0.4500000000000002 0.4983621689883141 -0.9869604401089358
-0.4399999999999995 0.5043182468658503 -0.9869604401089358
-0.4299999999999997 0.5101993653722096 -0.9869604401089358
-0.41999999999999993 0.5159852852661394 -0.9869604401089358
-0.41000000000000014 0.5216523610005684 -0.9869604401089358
-0.39999999999999947 0.527216915188054 -0.9869604401089358
-0.3899999999999997 0.5326718759524262 -0.9869604401089358
-0.3799999999999999 0.5380365854883462 -0.9869604401089358
-0.3700000000000001 0.5433102949315959 -0.9869604401089358
-0.3600000000000003 0.5484861105801926 -0.9869604401089358
-0.34999999999999964 0.55355085492964 -0.9869604401089358
-0.33999999999999986 0.5585199513598273 -0.9869604401089358
-0.33000000000000007 0.563394060624864 -0.9869604401089358
-0.3200000000000003 0.5681855803747375 -0.9869604401089358
-0.3099999999999996 0.5728720342276676 -0.9869604401089358
-0.2999999999999998 0.5774742735067313 -0.9869604401089358
-0.29000000000000004 0.5819821558885596 -0.9869604401089358
-0.28000000000000025 0.586399100022998 -0.9869604401089358
-0.2699999999999996 0.5907258630635003 -0.9869604401089358
-0.2599999999999998 0.5949530314687915 -0.9869604401089358
-0.25 0.5990551733754911 -0.9869604401089358
-0.2400000000000002 0.6030433439963112 -0.9869604401089358
-0.22999999999999954 0.606906591110156 -0.9869604401089358
-0.21999999999999975 0.6106268775880973 -0.9869604401089358
-0.20999999999999996 0.6141926200009807 -0.9869604401089358
-0.20000000000000018 0.6176006033424292 -0.9869604401089358
-0.1899999999999995 0.6208444969875017 -0.9869604401089358
-0.17999999999999972 0.6239217467712732 -0.9869604401089358
-0.16999999999999993 0.6268288201127735 -0.9869604401089358
-0.16000000000000014 0.6295488978896826 -0.9869604401089358
-0.14999999999999947 0.6320624613372294 -0.9869604401089358
-0.13999999999999968 0.6344007148842638 -0.9869604401089358
-0.1299999999999999 0.6365689331455812 -0.9869604401089358
-0.1200000000000001 0.638561632024348 -0.9869604401089358
-0.11000000000000032 0.6403713258645433 -0.9869604401089358
-0.09999999999999964 0.6419936961422325 -0.9869604401089358
-0.08999999999999986 0.6434198357817811 -0.9869604401089358
-0.08000000000000007 0.6446880492471345 -0.9869604401089358
-0.07000000000000028 0.6458070171750059 -0.9869604401089358
-0.05999999999999961 0.6467676584046433 -0.9869604401089358
-0.04999999999999982 0.6475532477057756 -0.9869604401089358
-0.040000000000000036 0.6481828795389825 -0.9869604401089358
-0.03000000000000025 0.648669404770455 -0.9869604401089358
-0.019999999999999574 0.6490372827877642 -0.9869604401089358
-0.009999999999999787 0.6492833932939581 -0.9869604401089358
0.0 0.6493975041872728 -0.9869604401089358
0.009999999999999787 0.6493467835229756 -0.9869604401089358
0.020000000000000462 0.6491603465740335 -0.9869604401089358
0.03000000000000025 0.6488507225616588 -0.9869604401089358
0.040000000000000036 0.6484132207421991 -0.9869604401089358
0.04999999999999982 0.6478215455786245 -0.9869604401089358
0.0600000000000005 0.647061965128222 -0.9869604401089358
0.07000000000000028 0.6461092557974878 -0.9869604401089358
0.08000000000000007 0.6449844760655339 -0.9869604401089358
0.08999999999999986 0.6436977410571736 -0.9869604401089358
0.10000000000000053 0.6422391536737301 -0.9869604401089358
0.11000000000000032 0.6405785370837059 -0.9869604401089358
0.1200000000000001 0.6387204295287467 -0.9869604401089358
0.1299999999999999 0.6366720334660825 -0.9869604401089358
0.13999999999999968 0.6344442575368567 -0.9869604401089358
0.15000000000000036 0.632040218120592 -0.9869604401089358
0.16000000000000014 0.6294623416425055 -0.9869604401089358
0.16999999999999993 0.6266841981910167 -0.9869604401089358
0.17999999999999972 0.6237249220479624 -0.9869604401089358
0.1900000000000004 0.6206112882682177 -0.9869604401089358
0.20000000000000018 0.6173418671112657 -0.9869604401089358
0.20999999999999996 0.6139192003081536 -0.9869604401089358
0.21999999999999975 0.6103529545796468 -0.9869604401089358
0.23000000000000043 0.6066374267178708 -0.9869604401089358
0.2400000000000002 0.6027916795447884 -0.9869604401089358
0.25 0.5988322356893822 -0.9869604401089358
0.2599999999999998 0.5947676186752487 -0.9869604401089358
0.27000000000000046 0.5905918657183171 -0.9869604401089358
0.28000000000000025 0.5863225470572182 -0.9869604401089358
0.29000000000000004 0.5819633125303614 -0.9869604401089358
0.2999999999999998 0.5775158326188913 -0.9869604401089358
0.3100000000000005 0.5729618284343942 -0.9869604401089358
0.3200000000000003 0.5683196158990621 -0.9869604401089358
0.33000000000000007 0.563565466126224 -0.9869604401089358
0.33999999999999986 0.5587183560673268 -0.9869604401089358
0.35000000000000053 0.5537757444267049 -0.9869604401089358
0.3600000000000003 0.5487261944677251 -0.9869604401089358
0.3700000000000001 0.5435553241023179 -0.9869604401089358
0.3799999999999999 0.5382775033384917 -0.9869604401089358
0.3899999999999997 0.5328905157197138 -0.9869604401089358
0.40000000000000036 0.5274042452956468 -0.9869604401089358
0.41000000000000014 0.5218028875970753 -0.9869604401089358
0.41999999999999993 0.5160895921603208 -0.9869604401089358
0.4299999999999997 0.5102661337175107 -0.9869604401089358
0.4400000000000004 0.5043427662305605 -0.9869604401089358
0.4500000000000002 0.4983469144400427 -0.9869604401089358
0.45999999999999996 0.49226201605188036 -0.9869604401089358
0.46999999999999975 0.4860744555218214 -0.9869604401089358
0.4800000000000004 0.47979582566606 -0.9869604401089358
0.4900000000000002 0.47343795350100776 -0.9869604401089358
0.5 0.4670156747472227 -0.9869604401089358
0.5099999999999998 0.4605525448543603 -0.9869604401089358
0.5200000000000005 0.4540306733318186 -0.9869604401089358
0.5300000000000002 0.4474528452004633 -0.9869604401089358
0.54 0.44083165386406775 -0.9869604401089358
0.5499999999999998 0.4341836206574567 -0.9869604401089358
0.5600000000000005 0.4275244305490505 -0.9869604401089358
0.5700000000000003 0.42083948090249146 -0.9869604401089358
0.5800000000000001 0.4141431090985367 -0.9869604401089358
0.5899999999999999 0.407425077957654 -0.9869604401089358
0.6000000000000005 0.4007093847810565 -0.9869604401089358
0.6100000000000003 0.39400333796316145 -0.9869604401089358
0.6200000000000001 0.3872996273472131 -0.9869604401089358
0.6299999999999999 0.38058198535234994 -0.9869604401089358
0.6399999999999997 0.37386580475154957 -0.9869604401089358
0.6500000000000004 0.3671379443588246 -0.9869604401089358
0.6600000000000001 0.360427396943697 -0.9869604401089358
0.6699999999999999 0.3537322857295975 -0.9869604401089358
0.6799999999999997 0.34703627899880796 -0.9869604401089358
0.6900000000000004 0.3403497996818494 -0.9869604401089358
0.7000000000000002 0.3336706517135404 -0.9869604401089358
0.71 0.3269976654448871 -0.9869604401089358
0.7199999999999998 0.3203343554753126 -0.9869604401089358
0.7300000000000004 0.31368507121734296 -0.9869604401089358
0.7400000000000002 0.3070363514554695 -0.9869604401089358
0.75 0.300408665532196 -0.9869604401089358
0.7599999999999998 0.2938068629365754 -0.9869604401089358
0.7700000000000005 0.28723014251134904 -0.9869604401089358
0.7800000000000002 0.2806587560968092 -0.9869604401089358
0.79 0.2741116356077032 -0.9869604401089358
0.7999999999999998 0.26757634679681935 -0.9869604401089358
0.8100000000000005 0.2610638455921053 -0.9869604401089358
0.8200000000000003 0.2546033886333256 -0.9869604401089358
0.8300000000000001 0.24818978450634244 -0.9869604401089358
0.8399999999999999 0.24182092064914454 -0.9869604401089358
0.8500000000000005 0.235516739848587 -0.9869604401089358
0.8600000000000003 0.22927893745102934 -0.9869604401089358
0.8700000000000001 0.22310139269531357 -0.9869604401089358
0.8799999999999999 0.21700546961646172 -0.9869604401089358
0.8899999999999997 0.210989197718927 -0.9869604401089358
0.9000000000000004 0.20505378651566114 -0.9869604401089358
0.9100000000000001 0.19921248757204493 -0.9869604401089358
0.9199999999999999 0.19348176385384339 -0.9869604401089358
0.9299999999999997 0.18785243597503004 -0.9869604401089358
0.9400000000000004 0.18232658933355542 -0.9869604401089358
0.9500000000000002 0.17690046959344793 -0.9869604401089358
0.96 0.17155830471242312 -0.9869604401089358
0.9699999999999998 0.16630513502636662 -0.9869604401089358
0.9800000000000004 0.16115191308094756 -0.9869604401089358
0.9900000000000002 0.15610736642009695 -0.9869604401089358
1.0 0.15116528665566603 -0.9869604401089358
1.0099999999999998 0.14632166551384118 0.0
1.0200000000000005 0.1418425814362808 0.0
1.0300000000000002 0.13770721834579724 0.0
1.04 0.1338980804396674 0.0
1.0499999999999998 0.13040549604466675 0.0
1.0600000000000005 0.1272065609101552 -0.9869604401089358
1.0700000000000003 0.12403551176192044 -0.9869604401089358
1.08 0.12089505086973125 -0.9869604401089358
1.0899999999999999 0.11779233787838535 -0.9869604401089358
1.1000000000000005 0.11473649447401062 -0.9869604401089358
1.1100000000000003 0.11172490114150008 -0.9869604401089358
1.12 0.10874674574935907 -0.9869604401089358
1.13 0.10580179805998181 -0.9869604401089358
1.1400000000000006 0.10290150451496455 -0.9869604401089358
1.1500000000000004 0.10006488653853955 -0.9869604401089358
1.1600000000000001 0.09730630680456384 -0.9869604401089358
1.17 0.09462405349944043 -0.9869604401089358
1.1799999999999997 0.09200999286343779 -0.9869604401089358
1.1900000000000004 0.08946198086988773 -0.9869604401089358
1.2000000000000002 0.08698869990166033 -0.9869604401089358
1.21 0.08459337120929868 -0.9869604401089358
1.2199999999999998 0.0822750134143298 -0.9869604401089358
1.2300000000000004 0.08003264933094756 -0.9869604401089358
1.2400000000000002 0.07786349840093777 -0.9869604401089358
1.25 0.07576326396332884 -0.9869604401089358
1.2599999999999998 0.07374105944405761 -0.9869604401089358
1.2700000000000005 0.07179041619163602 -0.9869604401089358
1.2800000000000002 0.06989381395651907 -0.9869604401089358
1.29 0.06804966932770162 -0.9869604401089358
1.2999999999999998 0.06625336169816634 -0.9869604401089358
1.3100000000000005 0.06449429797574377 -0.9869604401089358
1.3200000000000003 0.0627810678259 -0.9869604401089358
1.33 0.061107560397374354 -0.9869604401089358
1.3399999999999999 0.05946611683523011 -0.9869604401089358
1.3500000000000005 0.05785337145870182 -0.9869604401089358
1.3600000000000003 0.056269025209454676 -0.9869604401089358
1.37 0.05470770767346651 -0.9869604401089358
1.38 0.05317315196225104 -0.9869604401089358
1.3900000000000006 0.05166591179059423 -0.9869604401089358
1.4000000000000004 0.05019188204675727 -0.9869604401089358
1.4100000000000001 0.04874654179109638 -0.9869604401089358
1.42 0.047338302235559675 -0.9869604401089358
1.4299999999999997 0.04596772008332821 -0.9869604401089358
1.4400000000000004 0.04463805543781261 -0.9869604401089358
1.4500000000000002 0.04335078400748611 -0.9869604401089358
1.46 0.0421067972622676 -0.9869604401089358
1.4699999999999998 0.040905577476784576 -0.9869604401089358
1.4800000000000004 0.039753226810293765 -0.9869604401089358
1.4900000000000002 0.03864508240592942 -0.9869604401089358
1.5 0.03758539335704719 -0.9869604401089358
1.5099999999999998 0.036568388970629924 -0.9869604401089358
1.5200000000000005 0.03559055193156533 -0.9869604401089358
1.5300000000000002 0.034655829082558716 -0.9869604401089358
1.54 0.03376341547789939 -0.9869604401089358
1.5499999999999998 0.03290476599957953 -0.9869604401089358
1.5600000000000005 0.03207646700817011 -0.9869604401089358
1.5700000000000003 0.03127217478783826 -0.9869604401089358
1.58 0.030491467790592742 -0.9869604401089358
1.5899999999999999 0.0297382879116335 -0.9869604401089358
1.6000000000000005 0.029009818284955625 -0.9869604401089358
1.6100000000000003 0.028300874098386657 -0.9869604401089358
1.62 0.027607178423101418 -0.9869604401089358
1.63 0.02692841134578378 -0.9869604401089358
1.6400000000000006 0.026268321190415486 -0.9869604401089358
1.6500000000000004 0.025627236313196085 -0.9869604401089358
1.6600000000000001 0.025001993289378972 -0.9869604401089358
1.67 0.024385740899402937 -0.9869604401089358
1.6799999999999997 0.02378323660859862 -0.9869604401089358
1.6900000000000004 0.023194058829319852 -0.9869604401089358
1.7000000000000002 0.022623145484172255 -0.9869604401089358
1.71 0.02206985594811902 -0.9869604401089358
1.7199999999999998 0.021531852876076445 -0.9869604401089358
1.7300000000000004 0.021004252872096982 -0.9869604401089358
1.7400000000000002 0.020490180198811617 -0.9869604401089358
1.75 0.01999327163702945 -0.9869604401089358
1.7599999999999998 0.01951478166249137 -0.9869604401089358
1.7700000000000005 0.019053158089966948 -0.9869604401089358
1.7800000000000002 0.01860827155698548 -0.9869604401089358
1.79 0.018174851801927953 -0.9869604401089358
1.7999999999999998 0.017749345546469012 -0.9869604401089358
1.8100000000000005 0.01733489411043897 -0.9869604401089358
1.8200000000000003 0.016932469522454082 -0.9869604401089358
1.83 0.016538896303259505 -0.9869604401089358
1.8399999999999999 0.01615353720165107 -0.9869604401089358
1.8500000000000005 0.015775028948804996 -0.9869604401089358
1.8600000000000003 0.015402434624847266 -0.9869604401089358
1.87 0.01503714890379968 -0.9869604401089358
1.88 0.014682395832560523 -0.9869604401089358
1.8900000000000006 0.01433579352673504 -0.9869604401089358
1.9000000000000004 0.013995195887274603 -0.9869604401089358
1.9100000000000001 0.013664624502998157 -0.9869604401089358
1.92 0.013344928331679764 -0.9869604401089358
1.9299999999999997 0.01303777528450645 -0.9869604401089358
1.9400000000000004 0.01274114915114157 -0.9869604401089358
1.9500000000000002 0.0124519569181976 -0.9869604401089358
1.96 0.012167584898838457 -0.9869604401089358
1.9699999999999998 0.011890954739090815 -0.9869604401089358
1.9800000000000004 0.011620554083728698 -0.9869604401089358
1.9900000000000002 0.011358475167664701 -0.9869604401089358
2.0 0.011103742611658553 -0.9869604401089358
2.01 0.010856785824106083 -0.9869604401089358
2.0200000000000005 0.010616031043462083 -0.9869604401089358
2.0300000000000002 0.010382203951953897 -0.9869604401089358
2.04 0.010151208427140339 -0.9869604401089358
2.05 0.00992091410904978 -0.9869604401089358
2.0600000000000005 0.00969325012607992 -0.9869604401089358
2.0700000000000003 0.009468470209193959 -0.9869604401089358
2.08 0.00924730757965944 -0.9869604401089358
2.09 0.009027894309678356 -0.9869604401089358
2.1000000000000005 0.008808237884430126 -0.9869604401089358
2.1100000000000003 0.00858620433278179 -0.9869604401089358
2.12 0.008362531115311989 -0.9869604401089358
2.13 0.008134667258326943 -0.9869604401089358
2.1400000000000006 0.00790727087619039 -0.9869604401089358
2.1500000000000004 0.0076807152464608616 -0.9869604401089358
2.16 0.007454790547508516 -0.9869604401089358
2.17 0.007232802744678939 -0.9869604401089358
2.1799999999999997 0.00701593265080357 -0.9869604401089358
2.1900000000000004 0.00680184726115897 -0.9869604401089358
2.2 0.006594092268514462 -0.9869604401089358
2.21 0.0063928093442692 -0.9869604401089358
2.2199999999999998 0.006195817042444037 -0.9869604401089358
2.2300000000000004 0.006004998642973869 -0.9869604401089358
2.24 0.005821773546411554 -0.9869604401089358
2.25 0.005647475414574696 -0.9869604401089358
2.26 0.005482543958625997 -0.9869604401089358
2.2700000000000005 0.005325219487145305 -0.9869604401089358
2.2800000000000002 0.005174463730164312 -0.9869604401089358
2.29 0.00502963739085544 -0.9869604401089358
2.3 0.004890517789904138 -0.9869604401089358
2.3100000000000005 0.004758086233044256 -0.9869604401089358
2.3200000000000003 0.00463178158698492 -0.9869604401089358
2.33 0.0045108858661550765 -0.9869604401089358
2.34 0.004394286178038288 -0.9869604401089358
2.3500000000000005 0.004281213806406211 -0.9869604401089358
2.3600000000000003 0.004169216649775807 -0.9869604401089358
2.37 0.00405844855871046 -0.9869604401089358
2.38 0.003947119565476789 -0.9869604401089358
2.3900000000000006 0.0038355967962809124 -0.9869604401089358
2.4000000000000004 0.003722194052729753 -0.9869604401089358
2.41 0.0036057389980234536 -0.9869604401089358
2.42 0.003485468710798376 -0.9869604401089358
2.4299999999999997 0.0033640664659996215 -0.9869604401089358
2.4400000000000004 0.0032421111877821277 -0.9869604401089358
2.45 0.003120756669463434 -0.9869604401089358
2.46 0.0029980322812821806 -0.9869604401089358
2.4699999999999998 0.0028750537384610118 -0.9869604401089358
2.4800000000000004 0.002753071986046094 -0.9869604401089358
2.49 0.002633236268237768 -0.9869604401089358
2.5 0.002517642799330088 -0.9869604401089358
2.51 0.0024076288318437087 -0.9869604401089358
2.5200000000000005 0.002301805417875004 -0.9869604401089358
2.5300000000000002 0.0022009522201555144 -0.9869604401089358
2.54 0.0021063395893261626 -0.9869604401089358
2.55 0.002018076626657774 -0.9869604401089358
2.5600000000000005 0.0019363752136589804 -0.9869604401089358
2.5700000000000003 0.0018612828298673087 -0.9869604401089358
2.58 0.0017922623277049818 -0.9869604401089358
2.59 0.001728727347718924 -0.9869604401089358
2.6000000000000005 0.0016713406484205016 -0.9869604401089358
2.6100000000000003 0.001620437214938429 -0.9869604401089358
2.62 0.0015752930480103572 -0.9869604401089358
2.63 0.0015341372727315345 -0.9869604401089358
2.6400000000000006 0.00149498857068578 -0.9869604401089358
2.6500000000000004 0.0014574407366232023 -0.9869604401089358
2.66 0.0014216846038670446 -0.9869604401089358
2.67 0.001386868989134351 -0.9869604401089358
2.6799999999999997 0.0013526494437488723 -0.9869604401089358
2.6900000000000004 0.0013176323935816662 -0.9869604401089358
2.7 0.0012813863606550638 -0.9869604401089358
2.71 0.0012436547696458818 -0.9869604401089358
2.7199999999999998 0.0012042861043267922 -0.9869604401089358
2.7300000000000004 0.0011623430941516142 -0.9869604401089358
2.74 0.0011192848592985318 -0.9869604401089358
2.75 0.001075207593707022 -0.9869604401089358
2.76 0.0010309214152652627 -0.9869604401089358
2.7700000000000005 0.0009868160908043382 -0.9869604401089358
2.7800000000000002 0.0009434357634386952 -0.9869604401089358
2.79 0.00089974798231794 -0.9869604401089358
2.8 0.0008570934596158099 -0.9869604401089358
2.8100000000000005 0.0008161821734211818 -0.9869604401089358
2.8200000000000003 0.000777660825945286 -0.9869604401089358
2.83 0.0007422384562736413 -0.9869604401089358
2.84 0.0007101870851310956 -0.9869604401089358
2.8500000000000005 0.0006811433761347205 -0.9869604401089358
2.8600000000000003 0.000655128236553575 -0.9869604401089358
2.87 0.0006314984867969174 -0.9869604401089358
2.88 0.000610714744816694 -0.9869604401089358
2.8900000000000006 0.0005924818306766147 -0.9869604401089358
2.9000000000000004 0.0005763761955696842 -0.9869604401089358
2.91 0.0005625376333791369 -0.9869604401089358
2.92 0.0005512134480871411 -0.9869604401089358
2.9300000000000006 0.000541839461388813 -0.9869604401089358
2.9400000000000004 0.0005341232167758632 -0.9869604401089358
2.95 0.0005275334212566497 -0.9869604401089358
2.96 0.0005215334217088374 -0.9869604401089358
2.9699999999999998 0.0005159238125060238 -0.9869604401089358
2.9800000000000004 0.0005106082857462316 -0.9869604401089358
2.99 0.0005055789249264463 -0.9869604401089358
3.0 0.0005006972219152794 -0.9869604401089358
3.01 0.0004964485126664039 -0.9869604401089358
3.0199999999999996 0.0004919676515841103 -0.9869604401089358
3.0299999999999994 0.0004867574253560149 -0.9869604401089358
3.040000000000001 0.00048017164976531956 -0.9869604401089358
3.0500000000000007 0.0004730498629012245 -0.9869604401089358
3.0600000000000005 0.000465498376497611 -0.9869604401089358
3.0700000000000003 0.00045831824183276777 -0.9869604401089358
3.08 0.00045136285075341804 -0.9869604401089358
3.09 0.0004445853169808727 -0.9869604401089358
3.0999999999999996 0.0004374962097153975 -0.9869604401089358
3.1099999999999994 0.00043053804418704877 -0.9869604401089358
3.120000000000001 0.0004239168072564922 -0.9869604401089358
3.130000000000001 0.0004179647620654499 -0.9869604401089358
3.1400000000000006 0.00041179322053733414 -0.9869604401089358
3.1500000000000004 0.0004050931863612654 -0.9869604401089358
3.16 0.00039786714338001965 -0.9869604401089358
3.17 0.00039020360007144267 -0.9869604401089358
3.1799999999999997 0.00038248254416060456 -0.9869604401089358
3.1899999999999995 0.00037510161529866453 -0.9869604401089358
3.1999999999999993 0.0003672273271404338 -0.9869604401089358
3.210000000000001 0.000358937645413932 -0.9869604401089358
3.2200000000000006 0.00035042153295956554 -0.9869604401089358
3.2300000000000004 0.00034183574637285124 -0.9869604401089358
3.24 0.00033353512852652426 -0.9869604401089358
3.25 0.0003259264293351685 -0.9869604401089358
3.26 0.00031899013338492236 -0.9869604401089358
3.2699999999999996 0.00031292256844717587 -0.9869604401089358
3.2799999999999994 0.0003077713626751658 -0.9869604401089358
3.290000000000001 0.0003034166619275487 -0.9869604401089358
3.3000000000000007 0.0003002408160554766 -0.9869604401089358
3.3100000000000005 0.0002977693739337691 -0.9869604401089358
3.3200000000000003 0.00029605898128287476 -0.9869604401089358
3.33 0.00029515466090175937 -0.9869604401089358
3.34 0.00029500990122418094 -0.9869604401089358
3.3499999999999996 0.0002953522271495252 -0.9869604401089358
3.3599999999999994 0.0002969515390563578 -0.9869604401089358
3.370000000000001 0.0002993984466962856 -0.9869604401089358
3.380000000000001 0.0003024061785460606 -0.9869604401089358
3.3900000000000006 0.0003057845889046161 -0.9869604401089358
3.4000000000000004 0.00030891076184103223 -0.9869604401089358
3.41 0.0003116828813763515 -0.9869604401089358
3.42 0.0003142751576972565 -0.9869604401089358
3.4299999999999997 0.00031625601823316655 -0.9869604401089358
3.4399999999999995 0.0003175401748954656 -0.9869604401089358
3.4499999999999993 0.00031729221422605985 -0.9869604401089358
3.460000000000001 0.0003150729743825508 -0.9869604401089358
3.4700000000000006 0.00031093062486053664 -0.9869604401089358
3.4800000000000004 0.0003050164344302796 -0.9869604401089358
3.49 0.00029687242479520075 -0.9869604401089358
3.5 0.0002872154382725971 -0.9869604401089358
3.51 0.00027601817795663196 -0.9869604401089358
3.5199999999999996 0.00026363598914821886 -0.9869604401089358
3.5299999999999994 0.00025051338996776224 -0.9869604401089358
3.540000000000001 0.0002370662391042428 -0.9869604401089358
3.5500000000000007 0.0002232179106324013 -0.9869604401089358
3.5600000000000005 0.0002097331286709686 -0.9869604401089358
3.5700000000000003 0.00019699879748929337 -0.9869604401089358
3.58 0.00018543894436004539 -0.9869604401089358
3.59 0.00017529259471200026 -0.9869604401089358
3.5999999999999996 0.00016622236701570837 -0.9869604401089358
3.6099999999999994 0.00015850535611257514 -0.9869604401089358
3.620000000000001 0.00015240791162234211 -0.9869604401089358
3.630000000000001 0.00014799580294094016 -0.9869604401089358
3.6400000000000006 0.00014561015816296567 -0.9869604401089358
3.6500000000000004 0.00014521289021010345 -0.9869604401089358
3.66 0.00014640144333800468 -0.9869604401089358
3.67 0.0001490828715216261 -0.9869604401089358
3.6799999999999997 0.0001530987977768831 -0.9869604401089358
3.6899999999999995 0.00015813930796430197 -0.9869604401089358
3.700000000000001 0.00016367991819319424 -0.9869604401089358
3.710000000000001 0.00016926850344425407 -0.9869604401089358
3.7200000000000006 0.00017431620501302589 -0.9869604401089358
3.7300000000000004 0.00017872676321189232 -0.9869604401089358
3.74 0.0001819320713580148 -0.9869604401089358
3.75 0.00018385648878138959 -0.9869604401089358
3.76 0.00018419751045928848 -0.9869604401089358
3.7699999999999996 0.00018265574891805866 -0.9869604401089358
3.7799999999999994 0.00017892113000753766 -0.9869604401089358
3.790000000000001 0.00017325146678574067 -0.9869604401089358
3.8000000000000007 0.0001656878184018712 -0.9869604401089358
3.8100000000000005 0.000156719095516804 -0.9869604401089358
3.8200000000000003 0.0001467642126606835 -0.9869604401089358
3.83 0.00013612174120057092 -0.9869604401089358
3.84 0.0001245740407500201 -0.9869604401089358
3.8499999999999996 0.00011239459016304062 -0.9869604401089358
3.8599999999999994 0.00010005966774526641 -0.9869604401089358
3.870000000000001 8.820540167606344e-05 -0.9869604401089358
3.880000000000001 7.734318661538007e-05 -0.9869604401089358
3.8900000000000006 6.75952011132684e-05 -0.9869604401089358
3.9000000000000004 5.901974698425292e-05 -0.9869604401089358
3.91 5.165781918390625e-05 -0.9869604401089358
3.92 4.5672745693109975e-05 -0.9869604401089358
3.9299999999999997 4.12402263331104e-05 -0.9869604401089358
3.9399999999999995 3.857777173455695e-05 -0.9869604401089358
3.950000000000001 3.740154679432157e-05 -0.9869604401089358
3.960000000000001 3.7544658558947066e-05 -0.9869604401089358
3.9700000000000006 3.8824584274920505e-05 -0.9869604401089358
3.9800000000000004 4.110472797977299e-05 -0.9869604401089358
3.99 4.412169672353769e-05 -0.9869604401089358
4.0 4.781882636533098e-05 -0.9869604401089358
4.01 5.181900964094672e-05 -0.9869604401089358
4.02 5.596090132293071e-05 -0.9869604401089358
4.029999999999999 6.001925604417867e-05 -0.9869604401089358
4.040000000000001 6.366434144489164e-05 -0.9869604401089358
4.050000000000001 6.694550538548726e-05 -0.9869604401089358
4.0600000000000005 6.957181501992881e-05 -0.9869604401089358
4.07 7.134581883750998e-05 -0.9869604401089358
4.08 7.218991507960757e-05 -0.9869604401089358
4.09 7.195448498459152e-05 -0.9869604401089358
4.1 7.049258093078936e-05 -0.9869604401089358
4.109999999999999 6.824143562949729e-05 -0.9869604401089358
4.120000000000001 6.528697189261168e-05 -0.9869604401089358
4.130000000000001 6.180415987192347e-05 -0.9869604401089358
4.140000000000001 5.780543297144856e-05 -0.9869604401089358
4.15 5.33992223254269e-05 -0.9869604401089358
4.16 4.873416650868982e-05 -0.9869604401089358
4.17 4.412137479879842e-05 -0.9869604401089358
4.18 3.943944817466647e-05 -0.9869604401089358
4.1899999999999995 3.498709671886337e-05 -0.9869604401089358
4.200000000000001 3.080566018100543e-05 -0.9869604401089358
4.210000000000001 2.6923334165160095e-05 -0.9869604401089358
4.220000000000001 2.345859375605333e-05 -0.9869604401089358
4.23 2.046998020163456e-05 -0.9869604401089358
4.24 1.7797870315003614e-05 -0.9869604401089358
4.25 1.5575184480556447e-05 -0.9869604401089358
4.26 1.3712705812038498e-05 -0.9869604401089358
4.27 1.2258922740484592e-05 -0.9869604401089358
4.279999999999999 1.1238535781122166e-05 -0.9869604401089358
4.290000000000001 1.066936955353504e-05 -0.9869604401089358
4.300000000000001 1.0617712018179734e-05 -0.9869604401089358
4.3100000000000005 1.1125804045640604e-05 -0.9869604401089358
4.32 1.2101444836274148e-05 -0.9869604401089358
4.33 1.350173065236266e-05 -0.9869604401089358
4.34 1.5231653959707206e-05 -0.9869604401089358
4.35 1.7207943744822236e-05 -0.9869604401089358
4.359999999999999 1.93664384062521e-05 -0.9869604401089358
4.370000000000001 2.1575126301062947e-05 -0.9869604401089358
4.380000000000001 2.390163801229053e-05 -0.9869604401089358
4.390000000000001 2.630663773305373e-05 -0.9869604401089358
4.4 2.8758915749313014e-05 -0.9869604401089358
4.41 3.122122776761231e-05 -0.9869604401089358
4.42 3.3512970671959566e-05 -0.9869604401089358
4.43 3.550781060869302e-05 -0.9869604401089358
4.4399999999999995 3.7198154499748964e-05 -0.9869604401089358
4.450000000000001 3.881887318302417e-05 -0.9869604401089358
4.460000000000001 4.0433470618543976e-05 -0.9869604401089358
4.470000000000001 4.2152184152473183e-05 -0.9869604401089358
4.48 4.36779123430219e-05 -0.9869604401089358
4.49 4.498013698265939e-05 -0.9869604401089358
4.5 4.5918318620981226e-05 -0.9869604401089358
4.51 4.63568394883803e-05 -0.9869604401089358
4.52 4.6310768944849027e-05 -0.9869604401089358
4.529999999999999 4.586750379803754e-05 -0.9869604401089358
4.540000000000001 4.492179031394329e-05 -0.9869604401089358
4.550000000000001 4.330824740736438e-05 -0.9869604401089358
4.5600000000000005 4.096513755721514e-05 -0.9869604401089358
4.57 3.7903261675352135e-05 -0.9869604401089358
4.58 3.446084021759898e-05 -0.9869604401089358
4.59 3.083926223269135e-05 -0.9869604401089358
4.6 2.7216949970164684e-05 -0.9869604401089358
4.609999999999999 2.3654743853624832e-05 -0.9869604401089358
4.620000000000001 2.01825824864397e-05 -0.9869604401089358
4.630000000000001 1.6869424215978152e-05 -0.9869604401089358
4.640000000000001 1.3938298968660659e-05 -0.9869604401089358
4.65 1.1526742327571777e-05 -0.9869604401089358
4.66 9.709406283521069e-06 -0.9869604401089358
4.67 8.513407366111426e-06 -0.9869604401089358
4.68 8.006684283007081e-06 -0.9869604401089358
4.6899999999999995 8.230793020336184e-06 -0.9869604401089358
4.700000000000001 9.321636516310026e-06 -0.9869604401089358
4.710000000000001 1.1325550722558474e-05 -0.9869604401089358
4.720000000000001 1.4242654156510842e-05 -0.9869604401089358
4.73 1.801053497288655e-05 -0.9869604401089358
4.74 2.25606859224042e-05 -0.9869604401089358
4.75 2.7766339502671695e-05 -0.9869604401089358
4.76 3.357261729162254e-05 -0.9869604401089358
4.77 3.992104038858739e-05 -0.9869604401089358
4.779999999999999 4.648210686064179e-05 -0.9869604401089358
4.790000000000001 5.279976361321577e-05 -0.9869604401089358
4.800000000000001 5.848751976042659e-05 -0.9869604401089358
4.8100000000000005 6.322796330263147e-05 -0.9869604401089358
4.82 6.703293206789767e-05 -0.9869604401089358
4.83 6.967892706230871e-05 -0.9869604401089358
4.84 7.115964959711998e-05 -0.9869604401089358
4.85 7.12522563494848e-05 -0.9869604401089358
4.859999999999999 6.996869982485096e-05 -0.9869604401089358
4.870000000000001 6.714912536063492e-05 -0.9869604401089358
4.880000000000001 6.305736663043806e-05 -0.9869604401089358
4.890000000000001 5.7875927225526554e-05 -0.9869604401089358
4.9 5.189197058741209e-05 -0.9869604401089358
4.91 4.5263651308603245e-05 -0.9869604401089358
4.92 3.824614371786947e-05 -0.9869604401089358
4.93 3.101033874472424e-05 -0.9869604401089358
4.9399999999999995 2.3935809423865336e-05 -0.9869604401089358
4.950000000000001 1.7309769130128208e-05 -0.9869604401089358
4.960000000000001 1.146705364591979e-05 -0.9869604401089358
4.970000000000001 6.637422815774253e-06 -0.9869604401089358
4.98 3.016089939843773e-06 -0.9869604401089358
4.99 7.634936948964115e-07 -0.9869604401089358
