-5.0 4.146366259948603e-07 -0.9869604401089358
-4.99 1.6449249969690347e-06 -0.9869604401089358
-4.98 3.614642261038135e-06 -0.9869604401089358
-4.97 6.173454296205609e-06 -0.9869604401089358
-4.96 9.129906701197532e-06 -0.9869604401089358
-4.95 1.228057750062487e-05 -0.9869604401089358
-4.94 1.5355929761579743e-05 -0.9869604401089358
-4.93 1.8253274747165946e-05 -0.9869604401089358
-4.92 2.0814989706630873e-05 -0.9869604401089358
-4.91 2.285219152813648e-05 -0.9869604401089358
-4.9 2.4318179050577858e-05 -0.9869604401089358
-4.89 2.512326097909992e-05 -0.9869604401089358
-4.88 2.5187060352803048e-05 -0.9869604401089358
-4.87 2.4473969408485967e-05 -0.9869604401089358
-4.86 2.3010918356000578e-05 -0.9869604401089358
-4.85 2.0956201400501108e-05 -0.9869604401089358
-4.84 1.8500569526671408e-05 -0.9869604401089358
-4.83 1.578572532632706e-05 -0.9869604401089358
-4.82 1.2952001040230079e-05 -0.9869604401089358
-4.81 1.0081544689958268e-05 -0.9869604401089358
-4.8 7.352347912251969e-06 -0.9869604401089358
-4.79 4.920573988091695e-06 -0.9869604401089358
-4.78 2.910345238070844e-06 -0.9869604401089358
-4.77 1.432481875202361e-06 -0.9869604401089358
-4.76 5.571394860036751e-07 -0.9869604401089358
-4.75 2.4245642805042983e-07 -0.9869604401089358
-4.74 4.2331367976919025e-07 -0.9869604401089358
-4.73 1.0384739333999862e-06 -0.9869604401089358
-4.72 2.0242531602738934e-06 -0.9869604401089358
-4.71 3.3152183248643192e-06 -0.9869604401089358
-4.7 4.8291242268430075e-06 -0.9869604401089358
-4.69 6.465757697991357e-06 -0.9869604401089358
-4.68 8.086911257089972e-06 -0.9869604401089358
-4.67 9.599265348823352e-06 -0.9869604401089358
-4.66 1.091553638874392e-05 -0.9869604401089358
-4.65 1.2030640414059672e-05 -0.9869604401089358
-4.64 1.2967698907600603e-05 -0.9869604401089358
-4.63 1.365428529131324e-05 -0.9869604401089358
-4.62 1.4072508593622427e-05 -0.9869604401089358
-4.61 1.4160532886090333e-05 -0.9869604401089358
-4.6 1.3977650340568204e-05 -0.9869604401089358
-4.59 1.3465674754109424e-05 -0.9869604401089358
-4.58 1.2692298381237412e-05 -0.9869604401089358
-4.57 1.1728615520824436e-05 -0.9869604401089358
-4.56 1.0771165257604234e-05 -0.9869604401089358
-4.55 9.72491519617797e-06 -0.9869604401089358
-4.54 8.708531762580973e-06 -0.9869604401089358
-4.53 7.701378572029058e-06 -0.9869604401089358
-4.52 6.698704286998335e-06 -0.9869604401089358
-4.51 5.684641801966999e-06 -0.9869604401089358
-4.5 4.775808248391358e-06 -0.9869604401089358
-4.49 4.003253003792574e-06 -0.9869604401089358
-4.48 3.446036312762268e-06 -0.9869604401089358
-4.47 3.0984824174591907e-06 -0.9869604401089358
-4.46 2.959289067112141e-06 -0.9869604401089358
-4.45 2.988476758750477e-06 -0.9869604401089358
-4.4399999999999995 3.1776191143673514e-06 -0.9869604401089358
-4.43 3.5483527726401265e-06 -0.9869604401089358
-4.42 4.088024084391004e-06 -0.9869604401089358
-4.41 4.810228148753237e-06 -0.9869604401089358
-4.4 5.68270099639802e-06 -0.9869604401089358
-4.39 6.696093901142669e-06 -0.9869604401089358
-4.38 7.909173604601394e-06 -0.9869604401089358
-4.37 9.275832365953911e-06 -0.9869604401089358
-4.36 1.0836248488128793e-05 -0.9869604401089358
-4.35 1.2565283990209906e-05 -0.9869604401089358
-4.34 1.4411750244395488e-05 -0.9869604401089358
-4.33 1.6204224043252882e-05 -0.9869604401089358
-4.32 1.793464318795829e-05 -0.9869604401089358
-4.31 1.9565221745453342e-05 -0.9869604401089358
-4.3 2.1129346364750904e-05 -0.9869604401089358
-4.29 2.2399334441747845e-05 -0.9869604401089358
-4.28 2.3428695964458386e-05 -0.9869604401089358
-4.27 2.4126275010108797e-05 -0.9869604401089358
-4.26 2.4552969211056723e-05 -0.9869604401089358
-4.25 2.470992974197374e-05 -0.9869604401089358
-4.24 2.443394706845802e-05 -0.9869604401089358
-4.23 2.3744421939196563e-05 -0.9869604401089358
-4.22 2.277784576731888e-05 -0.9869604401089358
-4.21 2.1564990956201942e-05 -0.9869604401089358
-4.2 2.0213252590481586e-05 -0.9869604401089358
-4.1899999999999995 1.873498168553017e-05 -0.9869604401089358
-4.18 1.723130924696604e-05 -0.9869604401089358
-4.17 1.591254534589475e-05 -0.9869604401089358
-4.16 1.4920097221677645e-05 -0.9869604401089358
-4.15 1.4511903268182736e-05 -0.9869604401089358
-4.14 1.466255198054315e-05 -0.9869604401089358
-4.13 1.5439255626481912e-05 -0.9869604401089358
-4.12 1.6990083011096554e-05 -0.9869604401089358
-4.11 1.9291590599003987e-05 -0.9869604401089358
-4.1 2.2138860126299443e-05 -0.9869604401089358
-4.09 2.5583155520659057e-05 -0.9869604401089358
-4.08 2.9569729602161128e-05 -0.9869604401089358
-4.07 3.385578890227445e-05 -0.9869604401089358
-4.06 3.807278956866995e-05 -0.9869604401089358
-4.05 4.194902937153028e-05 -0.9869604401089358
-4.04 4.5374971412899125e-05 -0.9869604401089358
-4.03 4.8296792375161626e-05 -0.9869604401089358
-4.02 5.073418365118183e-05 -0.9869604401089358
-4.01 5.258804558255134e-05 -0.9869604401089358
-4.0 5.3440629076583925e-05 -0.9869604401089358
-3.99 5.322292967250822e-05 -0.9869604401089358
-3.98 5.202818880306419e-05 -0.9869604401089358
-3.9699999999999998 4.9882874544505845e-05 -0.9869604401089358
-3.96 4.710449704137821e-05 -0.9869604401089358
-3.95 4.392407056199588e-05 -0.9869604401089358
-3.94 4.055639561534018e-05 -0.9869604401089358
-3.9299999999999997 3.718214821065304e-05 -0.9869604401089358
-3.92 3.4039771001858735e-05 -0.9869604401089358
-3.91 3.13101944096352e-05 -0.9869604401089358
-3.9 2.9285539861263127e-05 -0.9869604401089358
-3.8899999999999997 2.8170358803047653e-05 -0.9869604401089358
-3.88 2.8048726850709642e-05 -0.9869604401089358
-3.87 2.8926752635510017e-05 -0.9869604401089358
-3.86 3.0757202560355334e-05 -0.9869604401089358
-3.8499999999999996 3.3506474778806914e-05 -0.9869604401089358
-3.84 3.679947255402418e-05 -0.9869604401089358
-3.83 4.0477684881023495e-05 -0.9869604401089358
-3.8200000000000003 4.46598183296191e-05 -0.9869604401089358
-3.81 4.9029882853596816e-05 -0.9869604401089358
-3.8 5.3210327899633214e-05 -0.9869604401089358
-3.79 5.6928771399395655e-05 -0.9869604401089358
-3.7800000000000002 5.999758474508559e-05 -0.9869604401089358
-3.77 6.220536033187793e-05 -0.9869604401089358
-3.76 6.347070361785892e-05 -0.9869604401089358
-3.75 6.389480792055257e-05 -0.9869604401089358
-3.74 6.342279251303749e-05 -0.9869604401089358
-3.73 6.217752722831734e-05 -0.9869604401089358
-3.7199999999999998 6.0361455226908924e-05 -0.9869604401089358
-3.71 5.7946135825838157e-05 -0.9869604401089358
-3.7 5.470266163504043e-05 -0.9869604401089358
-3.69 5.1097413188669744e-05 -0.9869604401089358
-3.6799999999999997 4.7440579486114096e-05 -0.9869604401089358
-3.67 4.411684265672985e-05 -0.9869604401089358
-3.66 4.119832232408274e-05 -0.9869604401089358
-3.65 3.886137786438751e-05 -0.9869604401089358
-3.6399999999999997 3.717252734219137e-05 -0.9869604401089358
-3.63 3.616387923634036e-05 -0.9869604401089358
-3.62 3.5845237931272964e-05 -0.9869604401089358
-3.61 3.6409630211981474e-05 -0.9869604401089358
-3.5999999999999996 3.7663306029805835e-05 -0.9869604401089358
-3.59 3.9515191952379105e-05 -0.9869604401089358
-3.58 4.16646612639818e-05 -0.9869604401089358
-3.5700000000000003 4.409818785106296e-05 -0.9869604401089358
-3.56 4.683187324262228e-05 -0.9869604401089358
-3.55 4.9757949539898964e-05 -0.9869604401089358
-3.54 5.278156648586205e-05 -0.9869604401089358
-3.5300000000000002 5.569190248987102e-05 -0.9869604401089358
-3.52 5.824274424159364e-05 -0.9869604401089358
-3.51 6.0552037372507696e-05 -0.9869604401089358
-3.5 6.268722870002e-05 -0.9869604401089358
-3.49 6.436040223294464e-05 -0.9869604401089358
-3.48 6.569153705106203e-05 -0.9869604401089358
-3.4699999999999998 6.667234496010191e-05 -0.9869604401089358
-3.46 6.755287948876587e-05 -0.9869604401089358
-3.45 6.800502362315062e-05 -0.9869604401089358
-3.44 6.835025683634792e-05 -0.9869604401089358
-3.4299999999999997 6.878116222859321e-05 -0.9869604401089358
-3.42 6.930957261157042e-05 -0.9869604401089358
-3.41 6.978671576486892e-05 -0.9869604401089358
-3.4 7.053432094681e-05 -0.9869604401089358
-3.3899999999999997 7.124989438600103e-05 -0.9869604401089358
-3.38 7.211971039413712e-05 -0.9869604401089358
-3.37 7.330434748713987e-05 -0.9869604401089358
-3.36 7.496705213399423e-05 -0.9869604401089358
-3.3499999999999996 7.6952673023544e-05 -0.9869604401089358
-3.34 7.926814548154477e-05 -0.9869604401089358
-3.33 8.184206494161375e-05 -0.9869604401089358
-3.3200000000000003 8.454821679687925e-05 -0.9869604401089358
-3.31 8.735283797627786e-05 -0.9869604401089358
-3.3 9.066399672228679e-05 -0.9869604401089358
-3.29 9.453665521754666e-05 -0.9869604401089358
-3.2800000000000002 9.87595070439743e-05 -0.9869604401089358
-3.27 0.00010362705415323417 -0.9869604401089358
-3.26 0.00010913046362037106 -0.9869604401089358
-3.25 0.00011542251616307822 -0.9869604401089358
-3.24 0.00012204633134612467 -0.9869604401089358
-3.23 0.0001290836195417666 -0.9869604401089358
-3.2199999999999998 0.00013656275309711859 -0.9869604401089358
-3.21 0.00014468423982617139 -0.9869604401089358
-3.2 0.0001531769369658401 -0.9869604401089358
-3.19 0.0001620579817105193 -0.9869604401089358
-3.1799999999999997 0.00017087779600653225 -0.9869604401089358
-3.17 0.00017937922990865293 -0.9869604401089358
-3.16 0.0001873128699280021 -0.9869604401089358
-3.15 0.00019519188711699276 -0.9869604401089358
-3.1399999999999997 0.0002030195016960338 -0.9869604401089358
-3.13 0.00021047393990988075 -0.9869604401089358
-3.12 0.00021723391285180044 -0.9869604401089358
-3.11 0.000223080926741633 -0.9869604401089358
-3.0999999999999996 0.00022787532946081884 -0.9869604401089358
-3.09 0.00023222519732231923 -0.9869604401089358
-3.08 0.00023641785726617794 -0.9869604401089358
-3.0700000000000003 0.00024049479748583698 -0.9869604401089358
-3.06 0.0002446660776382227 -0.9869604401089358
-3.05 0.0002490115440085367 -0.9869604401089358
-3.04 0.00025387258047940097 -0.9869604401089358
-3.0300000000000002 0.0002592281786005779 -0.9869604401089358
-3.02 0.0002660735967755954 -0.9869604401089358
-3.01 0.0002746455381784051 -0.9869604401089358
-3.0 0.0002849063398660644 -0.9869604401089358
-2.9899999999999998 0.0002969858565044654 -0.9869604401089358
-2.98 0.00031058138242158364 -0.9869604401089358
-2.9699999999999998 0.0003249363928569792 -0.9869604401089358
-2.96 0.0003401906498792152 -0.9869604401089358
-2.95 0.0003562768687948984 -0.9869604401089358
-2.94 0.00037304362698211313 -0.9869604401089358
-2.93 0.00039021808026224277 -0.9869604401089358
-2.92 0.0004072618446288574 -0.9869604401089358
-2.91 0.0004236306598541648 -0.9869604401089358
-2.9 0.0004388724856901771 -0.9869604401089358
-2.89 0.00045302651972444104 -0.9869604401089358
-2.88 0.00046615371496442715 -0.9869604401089358
-2.87 0.00047728543889566377 -0.9869604401089358
-2.86 0.0004862491920691712 -0.9869604401089358
-2.85 0.0004931989999576454 -0.9869604401089358
-2.84 0.0004981496912687601 -0.9869604401089358
-2.83 0.0005022702179510024 -0.9869604401089358
-2.82 0.0005060233485049683 -0.9869604401089358
-2.81 0.0005096291487885592 -0.9869604401089358
-2.8 0.0005134977963908717 -0.9869604401089358
-2.79 0.0005179213036769067 -0.9869604401089358
-2.78 0.000523719746610512 -0.9869604401089358
-2.77 0.0005316167869302954 -0.9869604401089358
-2.76 0.0005414845476190127 -0.9869604401089358
-2.75 0.0005533162482381689 -0.9869604401089358
-2.7399999999999998 0.0005671255955511524 -0.9869604401089358
-2.73 0.0005826161488952626 -0.9869604401089358
-2.7199999999999998 0.00060035543295665 -0.9869604401089358
-2.71 0.0006202797890800612 -0.9869604401089358
-2.6999999999999997 0.0006420758262842105 -0.9869604401089358
-2.69 0.000664865956678244 -0.9869604401089358
-2.68 0.0006879281955040858 -0.9869604401089358
-2.67 0.0007106875423151216 -0.9869604401089358
-2.66 0.0007324261338192811 -0.9869604401089358
-2.65 0.000752747591188238 -0.9869604401089358
-2.64 0.0007718764359546578 -0.9869604401089358
-2.63 0.0007893004232891448 -0.9869604401089358
-2.62 0.0008049859291365607 -0.9869604401089358
-2.61 0.0008196567823264232 -0.9869604401089358
-2.6 0.0008324711494132074 -0.9869604401089358
-2.59 0.0008436067549119421 -0.9869604401089358
-2.58 0.0008539382910183005 -0.9869604401089358
-2.57 0.000864003355087133 -0.9869604401089358
-2.56 0.0008743173729180771 -0.9869604401089358
-2.55 0.0008863475039970153 -0.9869604401089358
-2.54 0.0008997309952114111 -0.9869604401089358
-2.53 0.0009148966112983105 -0.9869604401089358
-2.52 0.0009322062256326736 -0.9869604401089358
-2.51 0.000952709441622591 -0.9869604401089358
-2.5 0.0009762050213860694 -0.9869604401089358
-2.4899999999999998 0.0010032370374032972 -0.9869604401089358
-2.48 0.0010334013239265815 -0.9869604401089358
-2.4699999999999998 0.00106636265672341 -0.9869604401089358
-2.46 0.0011012694308785455 -0.9869604401089358
-2.4499999999999997 0.0011388118963977499 -0.9869604401089358
-2.44 0.00117804925919728 -0.9869604401089358
-2.43 0.0012189761317104447 -0.9869604401089358
-2.42 0.0012619225062275392 -0.9869604401089358
-2.41 0.0013066683909448706 -0.9869604401089358
-2.4 0.0013531095243746495 -0.9869604401089358
-2.39 0.0014006866807587393 -0.9869604401089358
-2.38 0.0014491754609746537 -0.9869604401089358
-2.37 0.001497826754175603 -0.9869604401089358
-2.36 0.0015480520787517326 -0.9869604401089358
-2.35 0.0016005291717761196 -0.9869604401089358
-2.34 0.001656374797418532 -0.9869604401089358
-2.33 0.001714678093685077 -0.9869604401089358
-2.32 0.001775641716704812 -0.9869604401089358
-2.31 0.0018379605683212764 -0.9869604401089358
-2.3 0.00190364515731006 -0.9869604401089358
-2.29 0.001973138486303528 -0.9869604401089358
-2.28 0.002047975713817432 -0.9869604401089358
-2.27 0.002127734080192857 -0.9869604401089358
-2.26 0.002211107343275079 -0.9869604401089358
-2.25 0.0022974377730249477 -0.9869604401089358
-2.2399999999999998 0.0023879340126250737 -0.9869604401089358
-2.23 0.002481872486649648 -0.9869604401089358
-2.2199999999999998 0.0025814290284625445 -0.9869604401089358
-2.21 0.0026861789760440785 -0.9869604401089358
-2.1999999999999997 0.00279500236507362 -0.9869604401089358
-2.19 0.002908782839981249 -0.9869604401089358
-2.18 0.00302838820989259 -0.9869604401089358
-2.17 0.0031540860364964725 -0.9869604401089358
-2.16 0.003287643004281964 -0.9869604401089358
-2.15 0.0034289635544096043 -0.9869604401089358
-2.14 0.0035777011666375336 -0.9869604401089358
-2.13 0.0037337431329615522 -0.9869604401089358
-2.12 0.003896884659515948 -0.9869604401089358
-2.11 0.004068032860346525 -0.9869604401089358
-2.1 0.004245818281161945 -0.9869604401089358
-2.09 0.004431809283566833 -0.9869604401089358
-2.08 0.004626125244138187 -0.9869604401089358
-2.07 0.004827595718193138 -0.9869604401089358
-2.06 0.005036946875977868 -0.9869604401089358
-2.05 0.00525410724048825 -0.9869604401089358
-2.04 0.005476632861642054 -0.9869604401089358
-2.03 0.005705217818182525 -0.9869604401089358
-2.02 0.005939850928431369 -0.9869604401089358
-2.01 0.006177351796092336 -0.9869604401089358
-2.0 0.006418892660547496 -0.9869604401089358
-1.9899999999999998 0.006664746726634769 -0.9869604401089358
-1.98 0.006914924792240445 -0.9869604401089358
-1.9699999999999998 0.0071730267107415376 -0.9869604401089358
-1.96 0.00744021289173295 -0.9869604401089358
-1.9499999999999997 0.007715821727828227 -0.9869604401089358
-1.94 0.007998856444350961 -0.9869604401089358
-1.9299999999999997 0.00829019876106534 -0.9869604401089358
-1.92 0.008590046867900946 -0.9869604401089358
-1.9100000000000001 0.00890281503387558 -0.9869604401089358
-1.9 0.009229356635240018 -0.9869604401089358
-1.8900000000000001 0.009570469260697264 -0.9869604401089358
-1.88 0.009923422110549559 -0.9869604401089358
-1.87 0.010288220957034185 -0.9869604401089358
-1.8599999999999999 0.010666217238652437 -0.9869604401089358
-1.85 0.011060285525103112 -0.9869604401089358
-1.8399999999999999 0.011471367626277075 -0.9869604401089358
-1.83 0.011897653037302152 -0.9869604401089358
-1.8199999999999998 0.012334418762936448 -0.9869604401089358
-1.81 0.012777235638854323 -0.9869604401089358
-1.7999999999999998 0.013225721817848769 -0.9869604401089358
-1.79 0.013682088402027538 -0.9869604401089358
-1.7799999999999998 0.014146733562319345 -0.9869604401089358
-1.77 0.014620191234257273 -0.9869604401089358
-1.7599999999999998 0.015098609939970508 -0.9869604401089358
-1.75 0.015579096654773108 -0.9869604401089358
-1.7399999999999998 0.016059963583816485 -0.9869604401089358
-1.73 0.01654468016129287 -0.9869604401089358
-1.7199999999999998 0.01703449363075727 -0.9869604401089358
-1.71 0.017531684002409446 -0.9869604401089358
-1.6999999999999997 0.018038234168889077 -0.9869604401089358
-1.69 0.018553657580707504 -0.9869604401089358
-1.6799999999999997 0.019078949239583778 -0.9869604401089358
-1.67 0.01961805909204902 -0.9869604401089358
-1.6600000000000001 0.020173563220157377 -0.9869604401089358
-1.65 0.02074769556993659 -0.9869604401089358
-1.6400000000000001 0.021344215098568105 -0.9869604401089358
-1.63 0.021963513900553604 -0.9869604401089358
-1.62 0.022603933374431753 -0.9869604401089358
-1.6099999999999999 0.023265736828695614 -0.9869604401089358
-1.6 0.02394812523377692 -0.9869604401089358
-1.5899999999999999 0.02465022803143489 -0.9869604401089358
-1.58 0.025372386045917756 -0.9869604401089358
-1.5699999999999998 0.02611625719248973 -0.9869604401089358
-1.56 0.02687622814291511 -0.9869604401089358
-1.5499999999999998 0.027648203592106065 -0.9869604401089358
-1.54 0.028432417374501067 -0.9869604401089358
-1.5299999999999998 0.029222612221080517 -0.9869604401089358
-1.52 0.030021504242632165 -0.9869604401089358
-1.5099999999999998 0.030833918945468955 -0.9869604401089358
-1.5 0.03165380686562268 -0.9869604401089358
-1.4899999999999998 0.03248356448223221 -0.9869604401089358
-1.48 0.03332541823891449 -0.9869604401089358
-1.4699999999999998 0.03417790121741713 -0.9869604401089358
-1.46 0.035048974807324475 -0.9869604401089358
-1.4499999999999997 0.035945267980349214 -0.9869604401089358
-1.44 0.03686398650006188 -0.9869604401089358
-1.4299999999999997 0.03781079151418039 -0.9869604401089358
-1.42 0.03878667486707197 -0.9869604401089358
-1.4100000000000001 0.039796422911580115 -0.9869604401089358
-1.4 0.04084477056981296 -0.9869604401089358
-1.3900000000000001 0.04193802849933995 -0.9869604401089358
-1.38 0.04306859964873907 -0.9869604401089358
-1.37 0.04423859148925183 -0.9869604401089358
-1.3599999999999999 0.045442728591579794 -0.9869604401089358
-1.35 0.04668505221555898 -0.9869604401089358
-1.3399999999999999 0.0479696501365845 -0.9869604401089358
-1.33 0.04929740123509754 -0.9869604401089358
-1.3199999999999998 0.05066375057232987 -0.9869604401089358
-1.31 0.05206637415219684 -0.9869604401089358
-1.2999999999999998 0.05349818126173973 -0.9869604401089358
-1.29 0.054965952893916634 -0.9869604401089358
-1.2799999999999998 0.05647447112467407 -0.9869604401089358
-1.27 0.058023940882554116 -0.9869604401089358
-1.2599999999999998 0.05961764727502227 -0.9869604401089358
-1.25 0.061249460917093955 -0.9869604401089358
-1.2399999999999998 0.06291867410512171 -0.9869604401089358
-1.23 0.06463264267486694 -0.9869604401089358
-1.2199999999999998 0.06640118441348371 -0.9869604401089358
-1.21 0.06822816075740165 -0.9869604401089358
-1.1999999999999997 0.07012033878226484 -0.9869604401089358
-1.19 0.07207261019967404 -0.9869604401089358
-1.1799999999999997 0.07407939810948319 -0.9869604401089358
-1.17 0.0761426859894394 -0.9869604401089358
-1.1600000000000001 0.07826473602348188 -0.9869604401089358
-1.15 0.0804491126384724 -0.9869604401089358
-1.1400000000000001 0.08269967254692516 -0.9869604401089358
-1.13 0.08502172928137798 -0.9869604401089358
-1.12 0.08740687936318359 -0.9869604401089358
-1.1099999999999999 0.08986096207901058 -0.9869604401089358
-1.1 0.09238337367850638 -0.9869604401089358
-1.0899999999999999 0.09497439254637181 -0.9869604401089358
-1.08 0.09763965630222476 -0.9869604401089358
-1.0699999999999998 0.10038399699492108 -0.9869604401089358
-1.06 0.10320208857535566 -0.9869604401089358
-1.0499999999999998 0.10609320302133537 0.0
-1.04 0.10927297800066256 0.0
-1.0299999999999998 0.11274518260584819 0.0
-1.02 0.11654037469386808 0.0
-1.0099999999999998 0.1206770995766211 0.0
-1.0 0.12517679349786534 -0.9869604401089358
-0.9900000000000002 0.12979933594859264 -0.9869604401089358
-0.9799999999999995 0.13454362202377435 -0.9869604401089358
-0.9699999999999998 0.13938903072746267 -0.9869604401089358
-0.96 0.14434365661425905 -0.9869604401089358
-0.9500000000000002 0.14940865672434042 -0.9869604401089358
-0.9399999999999995 0.15458594933724018 -0.9869604401089358
-0.9299999999999997 0.1598784059215353 -0.9869604401089358
-0.9199999999999999 0.1652795874367325 -0.9869604401089358
-0.9100000000000001 0.1707798902521161 -0.9869604401089358
-0.9000000000000004 0.1763859455942718 -0.9869604401089358
-0.8899999999999997 0.1821027198267547 -0.9869604401089358
-0.8799999999999999 0.18793804295594313 -0.9869604401089358
-0.8700000000000001 0.19389352595039772 -0.9869604401089358
-0.8600000000000003 0.1999597956587778 -0.9869604401089358
-0.8499999999999996 0.2061290353683425 -0.9869604401089358
-0.8399999999999999 0.2124042066230499 -0.9869604401089358
-0.8300000000000001 0.21878751286711415 -0.9869604401089358
-0.8200000000000003 0.22529928119241238 -0.9869604401089358
-0.8099999999999996 0.23193145790849812 -0.9869604401089358
-0.7999999999999998 0.23868436185738387 -0.9869604401089358
-0.79 0.24554554324715885 -0.9869604401089358
-0.7800000000000002 0.25251126001344615 -0.9869604401089358
-0.7699999999999996 0.25957938229116373 -0.9869604401089358
-0.7599999999999998 0.2667587234643647 -0.9869604401089358
-0.75 0.27403443794115806 -0.9869604401089358
-0.7400000000000002 0.28139384962557 -0.9869604401089358
-0.7299999999999995 0.2888289005747915 -0.9869604401089358
-0.7199999999999998 0.2963268415705199 -0.9869604401089358
-0.71 0.3038944198927224 -0.9869604401089358
-0.7000000000000002 0.31154403518067747 -0.9869604401089358
-0.6899999999999995 0.3192598057393135 -0.9869604401089358
-0.6799999999999997 0.3270339917473669 -0.9869604401089358
-0.6699999999999999 0.3348565562244765 -0.9869604401089358
-0.6600000000000001 0.34271329575552495 -0.9869604401089358
-0.6499999999999995 0.3506152233070715 -0.9869604401089358
-0.6399999999999997 0.35857599733977885 -0.9869604401089358
-0.6299999999999999 0.3665806589623061 -0.9869604401089358
-0.6200000000000001 0.3746282796114871 -0.9869604401089358
-0.6100000000000003 0.3827009790706836 -0.9869604401089358
-0.5999999999999996 0.3907928891797698 -0.9869604401089358
-0.5899999999999999 0.3989078964189633 -0.9869604401089358
-0.5800000000000001 0.4070634033729001 -0.9869604401089358
-0.5700000000000003 0.41524732873724485 -0.9869604401089358
-0.5599999999999996 0.42344880177962824 -0.9869604401089358
-0.5499999999999998 0.43165578039940317 -0.9869604401089358
-0.54 0.43984436681202793 -0.9869604401089358
-0.5300000000000002 0.4480221715666447 -0.9869604401089358
-0.5199999999999996 0.4561970214940788 -0.9869604401089358
-0.5099999999999998 0.4643650191783555 -0.9869604401089358
-0.5 0.47251242402894633 -0.9869604401089358
-0.4900000000000002 0.480632369650508 -0.9869604401089358
-0.47999999999999954 0.4886948979210837 -0.9869604401089358
-0.46999999999999975 0.49670243168836253 -0.9869604401089358
-0.45999999999999996 0.5046607195228457 -0.9869604401089358
-0.4500000000000002 0.5125658063451263 -0.9869604401089358
-0.4399999999999995 0.5204091622215299 -0.9869604401089358
-0.4299999999999997 0.5281889645595478 -0.9869604401089358
-0.41999999999999993 0.5358767201176694 -0.9869604401089358
-0.41000000000000014 0.5434653505101709 -0.9869604401089358
-0.39999999999999947 0.5509643332595524 -0.9869604401089358
-0.3899999999999997 0.5583544978817799 -0.9869604401089358
-0.3799999999999999 0.5656414142054641 -0.9869604401089358
-0.3700000000000001 0.5728224361219193 -0.9869604401089358
-0.3600000000000003 0.5798741498831274 -0.9869604401089358
-0.34999999999999964 0.5867942993715043 -0.9869604401089358
-0.33999999999999986 0.5935861274887022 -0.9869604401089358
-0.33000000000000007 0.6002317215180658 -0.9869604401089358
-0.3200000000000003 0.6067410127517548 -0.9869604401089358
-0.3099999999999996 0.6131205942942468 -0.9869604401089358
-0.2999999999999998 0.6193488796973436 -0.9869604401089358
-0.29000000000000004 0.6254389263144831 -0.9869604401089358
-0.28000000000000025 0.6313770578053062 -0.9869604401089358
-0.2699999999999996 0.6371501039359094 -0.9869604401089358
-0.2599999999999998 0.6427590467139811 -0.9869604401089358
-0.25 0.6482128717059444 -0.9869604401089358
-0.2400000000000002 0.6534931427398685 -0.9869604401089358
-0.22999999999999954 0.6586254098270274 -0.9869604401089358
-0.21999999999999975 0.6635855503829617 -0.9869604401089358
-0.20999999999999996 0.6683618642143363 -0.9869604401089358
-0.20000000000000018 0.6729461035382983 -0.9869604401089358
-0.1899999999999995 0.6773301247523712 -0.9869604401089358
-0.17999999999999972 0.6815053492231498 -0.9869604401089358
-0.16999999999999993 0.6854886052624038 -0.9869604401089358
-0.16000000000000014 0.6892625037603729 -0.9869604401089358
-0.14999999999999947 0.6928122813679355 -0.9869604401089358
-0.13999999999999968 0.6961336310653802 -0.9869604401089358
-0.1299999999999999 0.6992032930969717 -0.9869604401089358
-0.1200000000000001 0.7020343120878181 -0.9869604401089358
-0.11000000000000032 0.7046404277061791 -0.9869604401089358
-0.09999999999999964 0.7070217861536805 -0.9869604401089358
-0.08999999999999986 0.7091808233913436 -0.9869604401089358
-0.08000000000000007 0.7111064058028487 -0.9869604401089358
-0.07000000000000028 0.7127818367499805 -0.9869604401089358
-0.05999999999999961 0.714214851901361 -0.9869604401089358
-0.04999999999999982 0.7154227752912017 -0.9869604401089358
-0.040000000000000036 0.7164092668901088 -0.9869604401089358
-0.03000000000000025 0.717199490295697 -0.9869604401089358
-0.019999999999999574 0.7177693888401442 -0.9869604401089358
-0.009999999999999787 0.7181179509565616 -0.9869604401089358
0.0 0.7182331923420799 -0.9869604401089358
0.009999999999999787 0.7181282245270801 -0.9869604401089358
0.020000000000000462 0.7178034893658591 -0.9869604401089358
0.03000000000000025 0.7172841485115874 -0.9869604401089358
0.040000000000000036 0.7165431984825369 -0.9869604401089358
0.04999999999999982 0.7155760042255834 -0.9869604401089358
0.0600000000000005 0.714364043114176 -0.9869604401089358
0.07000000000000028 0.7128971515323965 -0.9869604401089358
0.08000000000000007 0.7111923303191124 -0.9869604401089358
0.08999999999999986 0.7092595744422241 -0.9869604401089358
0.10000000000000053 0.707097109298685 -0.9869604401089358
0.11000000000000032 0.7047058419150677 -0.9869604401089358
0.1200000000000001 0.702071981134084 -0.9869604401089358
0.1299999999999999 0.6991839244110764 -0.9869604401089358
0.13999999999999968 0.6960640560802313 -0.9869604401089358
0.15000000000000036 0.6927163520506342 -0.9869604401089358
0.16000000000000014 0.6891541976693376 -0.9869604401089358
0.16999999999999993 0.6853929072473841 -0.9869604401089358
0.17999999999999972 0.6814147929721815 -0.9869604401089358
0.1900000000000004 0.6772270852872845 -0.9869604401089358
0.20000000000000018 0.6728381465513468 -0.9869604401089358
0.20999999999999996 0.6682570745449473 -0.9869604401089358
0.21999999999999975 0.6634959095084194 -0.9869604401089358
0.23000000000000043 0.6585802672671172 -0.9869604401089358
0.2400000000000002 0.6534842900521115 -0.9869604401089358
0.25 0.6482264550032755 -0.9869604401089358
0.2599999999999998 0.6427967834563089 -0.9869604401089358
0.27000000000000046 0.6371928401768632 -0.9869604401089358
0.28000000000000025 0.6314262450064991 -0.9869604401089358
0.29000000000000004 0.6255096223828619 -0.9869604401089358
0.2999999999999998 0.6194289613428181 -0.9869604401089358
0.3100000000000005 0.6132064426048112 -0.9869604401089358
0.3200000000000003 0.6068362695167275 -0.9869604401089358
0.33000000000000007 0.6003092533941692 -0.9869604401089358
0.33999999999999986 0.5936444999490377 -0.9869604401089358
0.35000000000000053 0.5868384475889441 -0.9869604401089358
0.3600000000000003 0.5798927613594963 -0.9869604401089358
0.3700000000000001 0.5728307233944024 -0.9869604401089358
0.3799999999999999 0.5656529436429277 -0.9869604401089358
0.3899999999999997 0.5583542916483376 -0.9869604401089358
0.40000000000000036 0.5509525878544858 -0.9869604401089358
0.41000000000000014 0.54343853759269 -0.9869604401089358
0.41999999999999993 0.5358198958670664 -0.9869604401089358
0.4299999999999997 0.5281249957110128 -0.9869604401089358
0.4400000000000004 0.5203573199958078 -0.9869604401089358
0.4500000000000002 0.5125247680485845 -0.9869604401089358
0.45999999999999996 0.5046311955871817 -0.9869604401089358
0.46999999999999975 0.496670903884142 -0.9869604401089358
0.4800000000000004 0.4886389388596389 -0.9869604401089358
0.4900000000000002 0.48056753618917725 -0.9869604401089358
0.5 0.472461504257953 -0.9869604401089358
0.5099999999999998 0.4643363868127528 -0.9869604401089358
0.5200000000000005 0.456196767694607 -0.9869604401089358
0.5300000000000002 0.44803341198273283 -0.9869604401089358
0.54 0.43984081376823086 -0.9869604401089358
0.5499999999999998 0.43164112492400086 -0.9869604401089358
0.5600000000000005 0.42344701631085924 -0.9869604401089358
0.5700000000000003 0.41527051358312256 -0.9869604401089358
0.5800000000000001 0.40712172807825503 -0.9869604401089358
0.5899999999999999 0.39898673701189374 -0.9869604401089358
0.6000000000000005 0.3908596661036514 -0.9869604401089358
0.6100000000000003 0.38274901704046016 -0.9869604401089358
0.6200000000000001 0.3746736252831347 -0.9869604401089358
0.6299999999999999 0.36663286480157586 -0.9869604401089358
0.6399999999999997 0.35864383112916826 -0.9869604401089358
0.6500000000000004 0.3506892080290997 -0.9869604401089358
0.6600000000000001 0.3427580005057994 -0.9869604401089358
0.6699999999999999 0.3348646039543865 -0.9869604401089358
0.6799999999999997 0.3270174099394783 -0.9869604401089358
0.6900000000000004 0.3192285093241008 -0.9869604401089358
0.7000000000000002 0.31151259371899453 -0.9869604401089358
0.71 0.30386078108762077 -0.9869604401089358
0.7199999999999998 0.2962668822179089 -0.9869604401089358
0.7300000000000004 0.2887429382393683 -0.9869604401089358
0.7400000000000002 0.28129871884309426 -0.9869604401089358
0.75 0.273943210263354 -0.9869604401089358
0.7599999999999998 0.26669130954523973 -0.9869604401089358
0.7700000000000005 0.25953330066487473 -0.9869604401089358
0.7800000000000002 0.2524697665353255 -0.9869604401089358
0.79 0.24550906251423618 -0.9869604401089358
0.7999999999999998 0.23866392421499424 -0.9869604401089358
0.8100000000000005 0.2319383112906682 -0.9869604401089358
0.8200000000000003 0.22534227258209158 -0.9869604401089358
0.8300000000000001 0.21885438582638414 -0.9869604401089358
0.8399999999999999 0.21247328724793663 -0.9869604401089358
0.8500000000000005 0.2061923531509779 -0.9869604401089358
0.8600000000000003 0.20001845716653974 -0.9869604401089358
0.8700000000000001 0.19395954538307572 -0.9869604401089358
0.8799999999999999 0.18801261536886693 -0.9869604401089358
0.8899999999999997 0.1821722817176291 -0.9869604401089358
0.9000000000000004 0.17643425052904413 -0.9869604401089358
0.9100000000000001 0.17079552623982516 -0.9869604401089358
0.9199999999999999 0.16526858547940254 -0.9869604401089358
0.9299999999999997 0.15986013976957789 -0.9869604401089358
0.9400000000000004 0.1545682088442989 -0.9869604401089358
0.9500000000000002 0.14938767477481413 -0.9869604401089358
0.96 0.14431522685943632 -0.9869604401089358
0.9699999999999998 0.13934068509955783 -0.9869604401089358
0.9800000000000004 0.1344836462838313 -0.9869604401089358
0.9900000000000002 0.12974679333320194 -0.9869604401089358
1.0 0.12513834936617377 -0.9869604401089358
1.0099999999999998 0.12065575879622095 0.0
1.0200000000000005 0.11653239883851152 0.0
1.0300000000000002 0.11273511649703882 0.0
1.04 0.10925878644905178 0.0
1.0499999999999998 0.10608426657210646 0.0
1.0600000000000005 0.10319774852683365 -0.9869604401089358
1.0700000000000003 0.10039061393020565 -0.9869604401089358
1.08 0.0976561883813546 -0.9869604401089358
1.0899999999999999 0.09498894355012874 -0.9869604401089358
1.1000000000000005 0.09239018964120281 -0.9869604401089358
1.1100000000000003 0.08986187822676549 -0.9869604401089358
1.12 0.0874014121483857 -0.9869604401089358
1.13 0.085018273702538 -0.9869604401089358
1.1400000000000006 0.08270790038331009 -0.9869604401089358
1.1500000000000004 0.08046545135334282 -0.9869604401089358
1.1600000000000001 0.07828517456721679 -0.9869604401089358
1.17 0.07616294928519152 -0.9869604401089358
1.1799999999999997 0.0740954824626151 -0.9869604401089358
1.1900000000000004 0.07208784596417289 -0.9869604401089358
1.2000000000000002 0.07014686056157764 -0.9869604401089358
1.21 0.06826618188751403 -0.9869604401089358
1.2199999999999998 0.06644408487774094 -0.9869604401089358
1.2300000000000004 0.06467128347591253 -0.9869604401089358
1.2400000000000002 0.06294051699294621 -0.9869604401089358
1.25 0.061252488069063325 -0.9869604401089358
1.2599999999999998 0.05961213416222347 -0.9869604401089358
1.2700000000000005 0.05801481112620362 -0.9869604401089358
1.2800000000000002 0.056459752629342115 -0.9869604401089358
1.29 0.0549408313105638 -0.9869604401089358
1.2999999999999998 0.05345241184705091 -0.9869604401089358
1.3100000000000005 0.0520019885465084 -0.9869604401089358
1.3200000000000003 0.05059311060364194 -0.9869604401089358
1.33 0.04923166629297832 -0.9869604401089358
1.3399999999999999 0.04791589352976679 -0.9869604401089358
1.3500000000000005 0.04664247269336217 -0.9869604401089358
1.3600000000000003 0.0454060457634906 -0.9869604401089358
1.37 0.04421127787644208 -0.9869604401089358
1.38 0.04305661274377373 -0.9869604401089358
1.3900000000000006 0.04194816027845061 -0.9869604401089358
1.4000000000000004 0.04088079916911247 -0.9869604401089358
1.4100000000000001 0.03984949603894748 -0.9869604401089358
1.42 0.038849264665553725 -0.9869604401089358
1.4299999999999997 0.03788054785901714 -0.9869604401089358
1.4400000000000004 0.03693599644823958 -0.9869604401089358
1.4500000000000002 0.03601942358908217 -0.9869604401089358
1.46 0.03512311070350322 -0.9869604401089358
1.4699999999999998 0.03423823967653139 -0.9869604401089358
1.4800000000000004 0.033367429144263064 -0.9869604401089358
1.4900000000000002 0.032507051642471106 -0.9869604401089358
1.5 0.03165596770817098 -0.9869604401089358
1.5099999999999998 0.030820106100075333 -0.9869604401089358
1.5200000000000005 0.02999379676150839 -0.9869604401089358
1.5300000000000002 0.029175216371316277 -0.9869604401089358
1.54 0.028369044486242646 -0.9869604401089358
1.5499999999999998 0.027575778889770027 -0.9869604401089358
1.5600000000000005 0.026799031736755845 -0.9869604401089358
1.5700000000000003 0.02604447276606305 -0.9869604401089358
1.58 0.02531128410457135 -0.9869604401089358
1.5899999999999999 0.024598481421272578 -0.9869604401089358
1.6000000000000005 0.023907704645941583 -0.9869604401089358
1.6100000000000003 0.023239511407488516 -0.9869604401089358
1.62 0.022592874738856388 -0.9869604401089358
1.63 0.0219702424311348 -0.9869604401089358
1.6400000000000006 0.02137017002353924 -0.9869604401089358
1.6500000000000004 0.0207892193573892 -0.9869604401089358
1.6600000000000001 0.02022533780487445 -0.9869604401089358
1.67 0.01967554346524381 -0.9869604401089358
1.6799999999999997 0.01913655147261155 -0.9869604401089358
1.6900000000000004 0.018607486403836606 -0.9869604401089358
1.7000000000000002 0.018088903604521693 -0.9869604401089358
1.71 0.017578982677303522 -0.9869604401089358
1.7199999999999998 0.017074655322882583 -0.9869604401089358
1.7300000000000004 0.016574176998800896 -0.9869604401089358
1.7400000000000002 0.016073665510913458 -0.9869604401089358
1.75 0.01557440895027476 -0.9869604401089358
1.7599999999999998 0.01508018786275514 -0.9869604401089358
1.7700000000000005 0.014594942958266707 -0.9869604401089358
1.7800000000000002 0.014118615910588871 -0.9869604401089358
1.79 0.013650994909553633 -0.9869604401089358
1.7999999999999998 0.013189117496686095 -0.9869604401089358
1.8100000000000005 0.012733375042774794 -0.9869604401089358
1.8200000000000003 0.012287612704606344 -0.9869604401089358
1.83 0.011856213638825493 -0.9869604401089358
1.8399999999999999 0.011441316989978325 -0.9869604401089358
1.8500000000000005 0.011041568748584946 -0.9869604401089358
1.8600000000000003 0.01065508386104835 -0.9869604401089358
1.87 0.01028080899824328 -0.9869604401089358
1.88 0.009919356150314956 -0.9869604401089358
1.8900000000000006 0.00957397871035249 -0.9869604401089358
1.9000000000000004 0.00924350694525016 -0.9869604401089358
1.9100000000000001 0.00892666071774637 -0.9869604401089358
1.92 0.008618512386810839 -0.9869604401089358
1.9299999999999997 0.008318189103219404 -0.9869604401089358
1.9400000000000004 0.00802473169823325 -0.9869604401089358
1.9500000000000002 0.007739352911623908 -0.9869604401089358
1.96 0.007463024918055633 -0.9869604401089358
1.9699999999999998 0.007195333217335689 -0.9869604401089358
1.9800000000000004 0.006933021300167214 -0.9869604401089358
1.9900000000000002 0.0066763366206754595 -0.9869604401089358
2.0 0.006424845515910166 -0.9869604401089358
2.01 0.006176643550517928 -0.9869604401089358
2.0200000000000005 0.005934382107845939 -0.9869604401089358
2.0300000000000002 0.005697551156171063 -0.9869604401089358
2.04 0.005464942650905973 -0.9869604401089358
2.05 0.005239680537484511 -0.9869604401089358
2.0600000000000005 0.005021865711946815 -0.9869604401089358
2.0700000000000003 0.004811528038291018 -0.9869604401089358
2.08 0.004610422121177263 -0.9869604401089358
2.09 0.0044185431625179995 -0.9869604401089358
2.1000000000000005 0.00423431583240849 -0.9869604401089358
2.1100000000000003 0.00405893132509463 -0.9869604401089358
2.12 0.0038907273307204992 -0.9869604401089358
2.13 0.0037298569534924713 -0.9869604401089358
2.1400000000000006 0.0035758745071115734 -0.9869604401089358
2.1500000000000004 0.0034295469895287 -0.9869604401089358
2.16 0.0032910035585218232 -0.9869604401089358
2.17 0.0031588114850333794 -0.9869604401089358
2.1799999999999997 0.003033204011999299 -0.9869604401089358
2.1900000000000004 0.0029132343390952543 -0.9869604401089358
2.2 0.002798237697879996 -0.9869604401089358
2.21 0.0026893086249050314 -0.9869604401089358
2.2199999999999998 0.002586361244111271 -0.9869604401089358
2.2300000000000004 0.0024872559989673145 -0.9869604401089358
2.24 0.00239231006040064 -0.9869604401089358
2.25 0.0023003120705314332 -0.9869604401089358
2.26 0.0022122306617459093 -0.9869604401089358
2.2700000000000005 0.002129214347467556 -0.9869604401089358
2.2800000000000002 0.0020521741208013246 -0.9869604401089358
2.29 0.001979350087036294 -0.9869604401089358
2.3 0.0019103185612259278 -0.9869604401089358
2.3100000000000005 0.0018431767023073485 -0.9869604401089358
2.3200000000000003 0.0017789422397872104 -0.9869604401089358
2.33 0.0017174836991427724 -0.9869604401089358
2.34 0.0016597223298577732 -0.9869604401089358
2.3500000000000005 0.0016042395515613636 -0.9869604401089358
2.3600000000000003 0.0015507067016881822 -0.9869604401089358
2.37 0.0014973946859083494 -0.9869604401089358
2.38 0.0014451254066296492 -0.9869604401089358
2.3900000000000006 0.0013941062261221904 -0.9869604401089358
2.4000000000000004 0.0013445950728706963 -0.9869604401089358
2.41 0.001296955700024462 -0.9869604401089358
2.42 0.0012514731498679784 -0.9869604401089358
2.4299999999999997 0.001207814824778787 -0.9869604401089358
2.4400000000000004 0.001166435990416476 -0.9869604401089358
2.45 0.0011279230855481574 -0.9869604401089358
2.46 0.0010917046570371063 -0.9869604401089358
2.4699999999999998 0.00105853817685086 -0.9869604401089358
2.4800000000000004 0.0010285420126848745 -0.9869604401089358
2.49 0.0010023124463976985 -0.9869604401089358
2.5 0.0009790868234823033 -0.9869604401089358
2.51 0.0009591975584320413 -0.9869604401089358
2.5200000000000005 0.0009416683448354932 -0.9869604401089358
2.5300000000000002 0.0009260689516443527 -0.9869604401089358
2.54 0.0009123233514096852 -0.9869604401089358
2.55 0.0009006868406344685 -0.9869604401089358
2.5600000000000005 0.0008896779612725246 -0.9869604401089358
2.5700000000000003 0.0008788093250732573 -0.9869604401089358
2.58 0.0008671907180433897 -0.9869604401089358
2.59 0.0008538805229991987 -0.9869604401089358
2.6000000000000005 0.0008386660218921077 -0.9869604401089358
2.6100000000000003 0.0008223035520373994 -0.9869604401089358
2.62 0.0008042802313115132 -0.9869604401089358
2.63 0.000784714316767768 -0.9869604401089358
2.6400000000000006 0.0007641474721423614 -0.9869604401089358
2.6500000000000004 0.0007423762487092146 -0.9869604401089358
2.66 0.0007194471733048866 -0.9869604401089358
2.67 0.0006960873582282644 -0.9869604401089358
2.6799999999999997 0.0006726857165136831 -0.9869604401089358
2.6900000000000004 0.0006499040133954887 -0.9869604401089358
2.7 0.0006288610877935384 -0.9869604401089358
2.71 0.0006098339334618726 -0.9869604401089358
2.7199999999999998 0.0005930728943417056 -0.9869604401089358
2.7300000000000004 0.0005781469659720644 -0.9869604401089358
2.74 0.0005653389803072005 -0.9869604401089358
2.75 0.000554763330264577 -0.9869604401089358
2.76 0.0005463269438170708 -0.9869604401089358
2.7700000000000005 0.0005399691155506451 -0.9869604401089358
2.7800000000000002 0.0005349232344336823 -0.9869604401089358
2.79 0.0005303644549805065 -0.9869604401089358
2.8 0.0005261109427567013 -0.9869604401089358
2.8100000000000005 0.0005219538736225706 -0.9869604401089358
2.8200000000000003 0.0005177614143660478 -0.9869604401089358
2.83 0.0005131966137958428 -0.9869604401089358
2.84 0.0005070816930584234 -0.9869604401089358
2.8500000000000005 0.0004991387662912755 -0.9869604401089358
2.8600000000000003 0.0004891471716272055 -0.9869604401089358
2.87 0.0004770842542947567 -0.9869604401089358
2.88 0.0004636616337564121 -0.9869604401089358
2.8900000000000006 0.0004487177040531755 -0.9869604401089358
2.9000000000000004 0.000432187384293105 -0.9869604401089358
2.91 0.00041478980270635466 -0.9869604401089358
2.92 0.0003971784169575912 -0.9869604401089358
2.9300000000000006 0.0003798981348211531 -0.9869604401089358
2.9400000000000004 0.00036339704962052677 -0.9869604401089358
2.95 0.00034784359799778776 -0.9869604401089358
2.96 0.0003330000173693157 -0.9869604401089358
2.9699999999999998 0.00031876893655049035 -0.9869604401089358
2.9800000000000004 0.000305814784810706 -0.9869604401089358
2.99 0.00029447760949028026 -0.9869604401089358
3.0 0.0002847195140247311 -0.9869604401089358
3.01 0.0002766374688890281 -0.9869604401089358
3.0199999999999996 0.0002702229476058461 -0.9869604401089358
3.0299999999999994 0.00026458307184860507 -0.9869604401089358
3.040000000000001 0.000259663008750507 -0.9869604401089358
3.0500000000000007 0.0002552180821409885 -0.9869604401089358
3.0600000000000005 0.00025102626852483703 -0.9869604401089358
3.0700000000000003 0.0002468599813383741 -0.9869604401089358
3.08 0.00024272049133955805 -0.9869604401089358
3.09 0.0002380531609385769 -0.9869604401089358
3.0999999999999996 0.00023227187940670993 -0.9869604401089358
3.1099999999999994 0.00022553509856249892 -0.9869604401089358
3.120000000000001 0.0002180506043194776 -0.9869604401089358
3.130000000000001 0.0002101827287311075 -0.9869604401089358
3.1400000000000006 0.00020211466043653392 -0.9869604401089358
3.1500000000000004 0.0001939135777004682 -0.9869604401089358
3.16 0.00018529940679208343 -0.9869604401089358
3.17 0.00017620559292221634 -0.9869604401089358
3.1799999999999997 0.00016691878271485032 -0.9869604401089358
3.1899999999999995 0.00015802459893291947 -0.9869604401089358
3.1999999999999993 0.00014959065243869935 -0.9869604401089358
3.210000000000001 0.00014172846705637901 -0.9869604401089358
3.2200000000000006 0.00013406757635446378 -0.9869604401089358
3.2300000000000004 0.0001268435739683507 -0.9869604401089358
3.24 0.0001201040821682783 -0.9869604401089358
3.25 0.0001138758290242721 -0.9869604401089358
3.26 0.00010806079475548621 -0.9869604401089358
3.2699999999999996 0.00010301851233215363 -0.9869604401089358
3.2799999999999994 9.84879222785351e-05 -0.9869604401089358
3.290000000000001 9.45738727433147e-05 -0.9869604401089358
3.3000000000000007 9.115724134730183e-05 -0.9869604401089358
3.3100000000000005 8.806450990118681e-05 -0.9869604401089358
3.3200000000000003 8.525683951809388e-05 -0.9869604401089358
3.33 8.253021103721407e-05 -0.9869604401089358
3.34 8.004881537597344e-05 -0.9869604401089358
3.3499999999999996 7.798397273379052e-05 -0.9869604401089358
3.3599999999999994 7.639749081606655e-05 -0.9869604401089358
3.370000000000001 7.513516619557632e-05 -0.9869604401089358
3.380000000000001 7.403658071369948e-05 -0.9869604401089358
3.3900000000000006 7.302530769664166e-05 -0.9869604401089358
3.4000000000000004 7.242515240663266e-05 -0.9869604401089358
3.41 7.186348098976294e-05 -0.9869604401089358
3.42 7.144276632633248e-05 -0.9869604401089358
3.4299999999999997 7.105609417973837e-05 -0.9869604401089358
3.4399999999999995 7.053299204471357e-05 -0.9869604401089358
3.4499999999999993 6.971800928058395e-05 -0.9869604401089358
3.460000000000001 6.873457120343211e-05 -0.9869604401089358
3.4700000000000006 6.724997831869796e-05 -0.9869604401089358
3.4800000000000004 6.553018735500126e-05 -0.9869604401089358
3.49 6.349176448819603e-05 -0.9869604401089358
3.5 6.119931403623558e-05 -0.9869604401089358
3.51 5.8435725083221565e-05 -0.9869604401089358
3.5199999999999996 5.5305521979110204e-05 -0.9869604401089358
3.5299999999999994 5.2134444249055687e-05 -0.9869604401089358
3.540000000000001 4.895889469933589e-05 -0.9869604401089358
3.5500000000000007 4.588290973719328e-05 -0.9869604401089358
3.5600000000000005 4.319146175092763e-05 -0.9869604401089358
3.5700000000000003 4.08327307089468e-05 -0.9869604401089358
3.58 3.87521120498177e-05 -0.9869604401089358
3.59 3.723539960332404e-05 -0.9869604401089358
3.5999999999999996 3.6318114206423805e-05 -0.9869604401089358
3.6099999999999994 3.6214572479461625e-05 -0.9869604401089358
3.620000000000001 3.680013589703346e-05 -0.9869604401089358
3.630000000000001 3.802029721659733e-05 -0.9869604401089358
3.6400000000000006 3.981136582461268e-05 -0.9869604401089358
3.6500000000000004 4.2278267863244156e-05 -0.9869604401089358
3.66 4.543471301005344e-05 -0.9869604401089358
3.67 4.9101643467568376e-05 -0.9869604401089358
3.6799999999999997 5.2751946932730636e-05 -0.9869604401089358
3.6899999999999995 5.6247461412635685e-05 -0.9869604401089358
3.700000000000001 5.9202740954032e-05 -0.9869604401089358
3.710000000000001 6.154087049091295e-05 -0.9869604401089358
3.7200000000000006 6.314768817349994e-05 -0.9869604401089358
3.7300000000000004 6.398649716371016e-05 -0.9869604401089358
3.74 6.398175021680273e-05 -0.9869604401089358
3.75 6.323727663115049e-05 -0.9869604401089358
3.76 6.160135182005198e-05 -0.9869604401089358
3.7699999999999996 5.9091799281474665e-05 -0.9869604401089358
3.7799999999999994 5.587572155228069e-05 -0.9869604401089358
3.790000000000001 5.211333438784974e-05 -0.9869604401089358
3.8000000000000007 4.802593604138926e-05 -0.9869604401089358
3.8100000000000005 4.3807891622882984e-05 -0.9869604401089358
3.8200000000000003 3.98216208587988e-05 -0.9869604401089358
3.83 3.619980374303346e-05 -0.9869604401089358
3.84 3.306910246976594e-05 -0.9869604401089358
3.8499999999999996 3.060147575824904e-05 -0.9869604401089358
3.8599999999999994 2.9003160452985134e-05 -0.9869604401089358
3.870000000000001 2.845948819771119e-05 -0.9869604401089358
3.880000000000001 2.894236593386452e-05 -0.9869604401089358
3.8900000000000006 3.040342839507604e-05 -0.9869604401089358
3.9000000000000004 3.265450414033624e-05 -0.9869604401089358
3.91 3.546964803839098e-05 -0.9869604401089358
3.92 3.872246837407385e-05 -0.9869604401089358
3.9299999999999997 4.214338481813854e-05 -0.9869604401089358
3.9399999999999995 4.549078569338091e-05 -0.9869604401089358
3.950000000000001 4.860617816556604e-05 -0.9869604401089358
3.960000000000001 5.138985676060668e-05 -0.9869604401089358
3.9700000000000006 5.3471967177797815e-05 -0.9869604401089358
3.9800000000000004 5.443896296148393e-05 -0.9869604401089358
3.99 5.4193018398789105e-05 -0.9869604401089358
4.0 5.3050501481223316e-05 -0.9869604401089358
4.01 5.1229468690609523e-05 -0.9869604401089358
4.02 4.875711178129971e-05 -0.9869604401089358
4.029999999999999 4.5665524889993175e-05 -0.9869604401089358
4.040000000000001 4.2016482460485976e-05 -0.9869604401089358
4.050000000000001 3.798308665590228e-05 -0.9869604401089358
4.0600000000000005 3.378409703166586e-05 -0.9869604401089358
4.07 2.9674845494551973e-05 -0.9869604401089358
4.08 2.5878456864942e-05 -0.9869604401089358
4.09 2.2531013695349252e-05 -0.9869604401089358
4.1 1.9744375781011786e-05 -0.9869604401089358
4.109999999999999 1.761073746218514e-05 -0.9869604401089358
4.120000000000001 1.6126179700249226e-05 -0.9869604401089358
4.130000000000001 1.5368658831985213e-05 -0.9869604401089358
4.140000000000001 1.531661402292662e-05 -0.9869604401089358
4.15 1.5913800149248567e-05 -0.9869604401089358
4.16 1.6963641095418167e-05 -0.9869604401089358
4.17 1.834059086128798e-05 -0.9869604401089358
4.18 1.9820583296620718e-05 -0.9869604401089358
4.1899999999999995 2.133614176987178e-05 -0.9869604401089358
4.200000000000001 2.272231393725597e-05 -0.9869604401089358
4.210000000000001 2.381253436186389e-05 -0.9869604401089358
4.220000000000001 2.472301412761563e-05 -0.9869604401089358
4.23 2.5336791842399646e-05 -0.9869604401089358
4.24 2.54833015056641e-05 -0.9869604401089358
4.25 2.5263080740101784e-05 -0.9869604401089358
4.26 2.475790932719859e-05 -0.9869604401089358
4.27 2.3975756115481885e-05 -0.9869604401089358
4.279999999999999 2.2919168643682307e-05 -0.9869604401089358
4.290000000000001 2.154266830532892e-05 -0.9869604401089358
4.300000000000001 2.0099752684801654e-05 -0.9869604401089358
4.3100000000000005 1.8495441698936156e-05 -0.9869604401089358
4.32 1.683254997936701e-05 -0.9869604401089358
4.33 1.504592692743388e-05 -0.9869604401089358
4.34 1.3176609031002339e-05 -0.9869604401089358
4.35 1.1338187223658456e-05 -0.9869604401089358
4.359999999999999 9.719404922536366e-06 -0.9869604401089358
4.370000000000001 8.241593214224692e-06 -0.9869604401089358
4.380000000000001 6.946275324867049e-06 -0.9869604401089358
4.390000000000001 5.8007775620343516e-06 -0.9869604401089358
4.4 4.871765456906315e-06 -0.9869604401089358
4.41 4.1826731389655426e-06 -0.9869604401089358
4.42 3.688326909470198e-06 -0.9869604401089358
4.43 3.345477006880141e-06 -0.9869604401089358
4.4399999999999995 3.1240432238093195e-06 -0.9869604401089358
4.450000000000001 3.0885553884227583e-06 -0.9869604401089358
4.460000000000001 3.272817628689773e-06 -0.9869604401089358
4.470000000000001 3.62205264104075e-06 -0.9869604401089358
4.48 4.178364872186479e-06 -0.9869604401089358
4.49 4.961794874228174e-06 -0.9869604401089358
4.5 5.9279990789928015e-06 -0.9869604401089358
4.51 6.956034600473088e-06 -0.9869604401089358
4.52 8.041297623638728e-06 -0.9869604401089358
4.529999999999999 9.15541802205184e-06 -0.9869604401089358
4.540000000000001 1.0299041274220833e-05 -0.9869604401089358
4.550000000000001 1.1398426378626504e-05 -0.9869604401089358
4.5600000000000005 1.2462456406884014e-05 -0.9869604401089358
4.57 1.3246213011315619e-05 -0.9869604401089358
4.58 1.3833469411589622e-05 -0.9869604401089358
4.59 1.4226985912795791e-05 -0.9869604401089358
4.6 1.4383386143544224e-05 -0.9869604401089358
4.609999999999999 1.4174970015200366e-05 -0.9869604401089358
4.620000000000001 1.3655310338649454e-05 -0.9869604401089358
4.630000000000001 1.2847137267544342e-05 -0.9869604401089358
4.640000000000001 1.1868970118020278e-05 -0.9869604401089358
4.65 1.0713337288863545e-05 -0.9869604401089358
4.66 9.342027618361164e-06 -0.9869604401089358
4.67 7.774169862656454e-06 -0.9869604401089358
4.68 6.16016938186353e-06 -0.9869604401089358
4.6899999999999995 4.643339578876357e-06 -0.9869604401089358
4.700000000000001 3.208615944510857e-06 -0.9869604401089358
4.710000000000001 1.940975312366471e-06 -0.9869604401089358
4.720000000000001 9.612687818272087e-07 -0.9869604401089358
4.73 3.556328715661564e-07 -0.9869604401089358
4.74 2.0707912189343753e-07 -0.9869604401089358
4.75 5.893895853382063e-07 -0.9869604401089358
4.76 1.547024687432489e-06 -0.9869604401089358
4.77 3.102892205054504e-06 -0.9869604401089358
4.779999999999999 5.1993857572124185e-06 -0.9869604401089358
4.790000000000001 7.651661238327026e-06 -0.9869604401089358
4.800000000000001 1.036282079443073e-05 -0.9869604401089358
4.8100000000000005 1.3228091873856134e-05 -0.9869604401089358
4.82 1.609013722065397e-05 -0.9869604401089358
4.83 1.884203473442687e-05 -0.9869604401089358
4.84 2.1300261162252166e-05 -0.9869604401089358
4.85 2.3200301324311807e-05 -0.9869604401089358
4.859999999999999 2.4490843833991185e-05 -0.9869604401089358
4.870000000000001 2.5178212235232652e-05 -0.9869604401089358
4.880000000000001 2.518483726150308e-05 -0.9869604401089358
4.890000000000001 2.4401379126244466e-05 -0.9869604401089358
4.9 2.2880810276754877e-05 -0.9869604401089358
4.91 2.0826881848402288e-05 -0.9869604401089358
4.92 1.8345627776013493e-05 -0.9869604401089358
4.93 1.5513396281829883e-05 -0.9869604401089358
4.9399999999999995 1.2396271583729404e-05 -0.9869604401089358
4.950000000000001 9.170633998775624e-06 -0.9869604401089358
4.960000000000001 6.1691975796910755e-06 -0.9869604401089358
4.970000000000001 3.62876998068505e-06 -0.9869604401089358
4.98 1.6610854090656035e-06 -0.9869604401089358
4.99 4.219158557413788e-07 -0.9869604401089358
