-5.0 1.541871245411848e-08 -0.9869604401089358
-4.99 5.303192769308979e-08 -0.9869604401089358
-4.98 1.0355435314397068e-07 -0.9869604401089358
-4.97 1.5070761385909684e-07 -0.9869604401089358
-4.96 1.804971611373663e-07 -0.9869604401089358
-4.95 2.0017147119061022e-07 -0.9869604401089358
-4.94 1.960257745629066e-07 -0.9869604401089358
-4.93 1.542464024881341e-07 -0.9869604401089358
-4.92 1.0254076352949863e-07 -0.9869604401089358
-4.91 5.493948703248675e-08 -0.9869604401089358
-4.9 1.911432402181432e-08 -0.9869604401089358
-4.89 1.4633373113099909e-09 -0.9869604401089358
-4.88 4.494481668961331e-09 -0.9869604401089358
-4.87 3.00846921880017e-08 -0.9869604401089358
-4.86 7.005904857308856e-08 -0.9869604401089358
-4.85 1.1371410228111043e-07 -0.9869604401089358
-4.84 1.5362755873486028e-07 -0.9869604401089358
-4.83 1.7311972616465597e-07 -0.9869604401089358
-4.82 1.7447771833062456e-07 -0.9869604401089358
-4.81 1.5987425401574874e-07 -0.9869604401089358
-4.8 1.2845772196042066e-07 -0.9869604401089358
-4.79 8.697385366136325e-08 -0.9869604401089358
-4.78 5.029693985545896e-08 -0.9869604401089358
-4.77 1.951818284952834e-08 -0.9869604401089358
-4.76 1.058216381339853e-08 -0.9869604401089358
-4.75 2.6991180942311142e-08 -0.9869604401089358
-4.74 6.038440486169412e-08 -0.9869604401089358
-4.73 1.0748270157388204e-07 -0.9869604401089358
-4.72 1.5716301482556094e-07 -0.9869604401089358
-4.71 1.9704115386473532e-07 -0.9869604401089358
-4.7 2.19146973045576e-07 -0.9869604401089358
-4.69 2.138492952154021e-07 -0.9869604401089358
-4.68 1.869203394137678e-07 -0.9869604401089358
-4.67 1.5026064690291837e-07 -0.9869604401089358
-4.66 1.1159406660683667e-07 -0.9869604401089358
-4.65 8.133528848375016e-08 -0.9869604401089358
-4.64 6.067187851782865e-08 -0.9869604401089358
-4.63 5.376738831857176e-08 -0.9869604401089358
-4.62 7.499528058395999e-08 -0.9869604401089358
-4.61 1.241803001611007e-07 -0.9869604401089358
-4.6 1.7505264500395965e-07 -0.9869604401089358
-4.59 2.1410031786727238e-07 -0.9869604401089358
-4.58 2.3859115259562734e-07 -0.9869604401089358
-4.57 2.55715934410661e-07 -0.9869604401089358
-4.56 2.5031541130074726e-07 -0.9869604401089358
-4.55 2.0906426686499384e-07 -0.9869604401089358
-4.54 1.396332404173698e-07 -0.9869604401089358
-4.53 7.970253247960074e-08 -0.9869604401089358
-4.52 4.471284204030561e-08 -0.9869604401089358
-4.51 3.8232383727884867e-08 -0.9869604401089358
-4.5 5.608433034551356e-08 -0.9869604401089358
-4.49 9.325624166891916e-08 -0.9869604401089358
-4.48 1.505706282928988e-07 -0.9869604401089358
-4.47 2.0435723994819367e-07 -0.9869604401089358
-4.46 2.2717279792915628e-07 -0.9869604401089358
-4.45 2.327316892660619e-07 -0.9869604401089358
-4.4399999999999995 2.0972880552575776e-07 -0.9869604401089358
-4.43 1.6831266661171662e-07 -0.9869604401089358
-4.42 1.2758280347860732e-07 -0.9869604401089358
-4.41 9.090955176017163e-08 -0.9869604401089358
-4.4 5.392663092911999e-08 -0.9869604401089358
-4.39 3.961264127820109e-08 -0.9869604401089358
-4.38 5.375031206757862e-08 -0.9869604401089358
-4.37 8.713651231730125e-08 -0.9869604401089358
-4.36 1.2697765375601904e-07 -0.9869604401089358
-4.35 1.66514725374134e-07 -0.9869604401089358
-4.34 2.1279668354662526e-07 -0.9869604401089358
-4.33 2.626696913866641e-07 -0.9869604401089358
-4.32 2.7935685295160636e-07 -0.9869604401089358
-4.31 2.592651163586712e-07 -0.9869604401089358
-4.3 2.1771110773085468e-07 -0.9869604401089358
-4.29 1.805583234460543e-07 -0.9869604401089358
-4.28 1.529844201727432e-07 -0.9869604401089358
-4.27 1.403361910386149e-07 -0.9869604401089358
-4.26 1.427585583113823e-07 -0.9869604401089358
-4.25 1.7189055185621854e-07 -0.9869604401089358
-4.24 2.2449035556106836e-07 -0.9869604401089358
-4.23 2.8132713249878463e-07 -0.9869604401089358
-4.22 3.4284528482900726e-07 -0.9869604401089358
-4.21 3.824856215520644e-07 -0.9869604401089358
-4.2 3.9941233759185015e-07 -0.9869604401089358
-4.1899999999999995 4.0700125028024923e-07 -0.9869604401089358
-4.18 3.9046621608405903e-07 -0.9869604401089358
-4.17 3.453330830019171e-07 -0.9869604401089358
-4.16 3.0922057524862575e-07 -0.9869604401089358
-4.15 2.844399147506898e-07 -0.9869604401089358
-4.14 2.6678513675258084e-07 -0.9869604401089358
-4.13 2.6242481853385786e-07 -0.9869604401089358
-4.12 2.7809802250167126e-07 -0.9869604401089358
-4.11 3.221408923100039e-07 -0.9869604401089358
-4.1 3.9345972920088763e-07 -0.9869604401089358
-4.09 4.500683096861038e-07 -0.9869604401089358
-4.08 4.7638217996824156e-07 -0.9869604401089358
-4.07 4.771979638393224e-07 -0.9869604401089358
-4.06 4.4506642920708284e-07 -0.9869604401089358
-4.05 3.78627879285976e-07 -0.9869604401089358
-4.04 3.1203103709461673e-07 -0.9869604401089358
-4.03 2.517068527668343e-07 -0.9869604401089358
-4.02 2.1782786038039528e-07 -0.9869604401089358
-4.01 2.1919038514065007e-07 -0.9869604401089358
-4.0 2.44723731618229e-07 -0.9869604401089358
-3.99 2.8809969696027273e-07 -0.9869604401089358
-3.98 3.420377260898598e-07 -0.9869604401089358
-3.9699999999999998 3.991673425254625e-07 -0.9869604401089358
-3.96 4.3028561036743297e-07 -0.9869604401089358
-3.95 4.217806883822163e-07 -0.9869604401089358
-3.94 3.8436287983564067e-07 -0.9869604401089358
-3.9299999999999997 3.530427226019731e-07 -0.9869604401089358
-3.92 3.2899109326628474e-07 -0.9869604401089358
-3.91 2.9836723904107287e-07 -0.9869604401089358
-3.9 2.7304221184606525e-07 -0.9869604401089358
-3.8899999999999997 2.709352430871658e-07 -0.9869604401089358
-3.88 2.9682178690688943e-07 -0.9869604401089358
-3.87 3.4295779222619446e-07 -0.9869604401089358
-3.86 4.0828208549592153e-07 -0.9869604401089358
-3.8499999999999996 4.865755461277493e-07 -0.9869604401089358
-3.84 5.625990503403922e-07 -0.9869604401089358
-3.83 6.291765457396364e-07 -0.9869604401089358
-3.8200000000000003 6.507367825419411e-07 -0.9869604401089358
-3.81 6.398076580686524e-07 -0.9869604401089358
-3.8 6.148338268021716e-07 -0.9869604401089358
-3.79 6.06745469944953e-07 -0.9869604401089358
-3.7800000000000002 6.0206703701669e-07 -0.9869604401089358
-3.77 6.011764444897519e-07 -0.9869604401089358
-3.76 6.239662067789884e-07 -0.9869604401089358
-3.75 6.890060911692969e-07 -0.9869604401089358
-3.74 7.864542488882485e-07 -0.9869604401089358
-3.73 8.694936285522375e-07 -0.9869604401089358
-3.7199999999999998 9.492645904630004e-07 -0.9869604401089358
-3.71 1.0144130449866344e-06 -0.9869604401089358
-3.7 1.0445809665692406e-06 -0.9869604401089358
-3.69 1.0347927250892082e-06 -0.9869604401089358
-3.6799999999999997 1.0162403610059033e-06 -0.9869604401089358
-3.67 9.900522305135842e-07 -0.9869604401089358
-3.66 9.705622658096806e-07 -0.9869604401089358
-3.65 9.565077201179626e-07 -0.9869604401089358
-3.6399999999999997 9.380238939702186e-07 -0.9869604401089358
-3.63 9.312358150325511e-07 -0.9869604401089358
-3.62 9.71622759018678e-07 -0.9869604401089358
-3.61 1.0443945489165852e-06 -0.9869604401089358
-3.5999999999999996 1.1104656237098135e-06 -0.9869604401089358
-3.59 1.16599850857234e-06 -0.9869604401089358
-3.58 1.2015042914093078e-06 -0.9869604401089358
-3.5700000000000003 1.1964922272962948e-06 -0.9869604401089358
-3.56 1.130385165337306e-06 -0.9869604401089358
-3.55 1.0430940464530839e-06 -0.9869604401089358
-3.54 9.691974472878653e-07 -0.9869604401089358
-3.5300000000000002 9.180415350163748e-07 -0.9869604401089358
-3.52 8.937004520121792e-07 -0.9869604401089358
-3.51 8.93408963307748e-07 -0.9869604401089358
-3.5 9.332780982752629e-07 -0.9869604401089358
-3.49 1.0082633247031952e-06 -0.9869604401089358
-3.48 1.100413336371441e-06 -0.9869604401089358
-3.4699999999999998 1.1668929938692128e-06 -0.9869604401089358
-3.46 1.196539186995102e-06 -0.9869604401089358
-3.45 1.2058742702106556e-06 -0.9869604401089358
-3.44 1.1854157383962442e-06 -0.9869604401089358
-3.4299999999999997 1.160400433374542e-06 -0.9869604401089358
-3.42 1.143257576508158e-06 -0.9869604401089358
-3.41 1.1634405633659267e-06 -0.9869604401089358
-3.4 1.2102631217461007e-06 -0.9869604401089358
-3.3899999999999997 1.2760973623566666e-06 -0.9869604401089358
-3.38 1.3395745198273827e-06 -0.9869604401089358
-3.37 1.4372672693287163e-06 -0.9869604401089358
-3.36 1.5863956810304937e-06 -0.9869604401089358
-3.3499999999999996 1.7316147996842295e-06 -0.9869604401089358
-3.34 1.880364018262765e-06 -0.9869604401089358
-3.33 2.0130422203812405e-06 -0.9869604401089358
-3.3200000000000003 2.1179542617281e-06 -0.9869604401089358
-3.31 2.167412332344064e-06 -0.9869604401089358
-3.3 2.20874815218432e-06 -0.9869604401089358
-3.29 2.2408343467620184e-06 -0.9869604401089358
-3.2800000000000002 2.3078425192631858e-06 -0.9869604401089358
-3.27 2.423570250551956e-06 -0.9869604401089358
-3.26 2.5413110182516413e-06 -0.9869604401089358
-3.25 2.6808950669785968e-06 -0.9869604401089358
-3.24 2.8694827022698053e-06 -0.9869604401089358
-3.23 3.0819651817977124e-06 -0.9869604401089358
-3.2199999999999998 3.2448176582120345e-06 -0.9869604401089358
-3.21 3.3887001560338495e-06 -0.9869604401089358
-3.2 3.4902657246585576e-06 -0.9869604401089358
-3.19 3.5293009609414677e-06 -0.9869604401089358
-3.1799999999999997 3.5090336406521987e-06 -0.9869604401089358
-3.17 3.498239218216469e-06 -0.9869604401089358
-3.16 3.535338016406277e-06 -0.9869604401089358
-3.15 3.6097392467258456e-06 -0.9869604401089358
-3.1399999999999997 3.6889977316762187e-06 -0.9869604401089358
-3.13 3.7847157588108627e-06 -0.9869604401089358
-3.12 3.887414295863077e-06 -0.9869604401089358
-3.11 3.965768623028278e-06 -0.9869604401089358
-3.0999999999999996 4.040578403768087e-06 -0.9869604401089358
-3.09 4.112970072308844e-06 -0.9869604401089358
-3.08 4.1858548486547214e-06 -0.9869604401089358
-3.0700000000000003 4.211287124924328e-06 -0.9869604401089358
-3.06 4.182304360801988e-06 -0.9869604401089358
-3.05 4.098396169080619e-06 -0.9869604401089358
-3.04 4.040525975010403e-06 -0.9869604401089358
-3.0300000000000002 3.99732627671842e-06 -0.9869604401089358
-3.02 4.013928536204125e-06 -0.9869604401089358
-3.01 4.112111954566608e-06 -0.9869604401089358
-3.0 4.251039567742599e-06 -0.9869604401089358
-2.9899999999999998 4.4104384556924795e-06 -0.9869604401089358
-2.98 4.5855707935759045e-06 -0.9869604401089358
-2.9699999999999998 4.759524030444379e-06 -0.9869604401089358
-2.96 4.8922566027424105e-06 -0.9869604401089358
-2.95 5.04545137540548e-06 -0.9869604401089358
-2.94 5.1311395519926505e-06 -0.9869604401089358
-2.93 5.199239943191765e-06 -0.9869604401089358
-2.92 5.295522945901814e-06 -0.9869604401089358
-2.91 5.45934875562411e-06 -0.9869604401089358
-2.9 5.688580098227883e-06 -0.9869604401089358
-2.89 6.03219448182266e-06 -0.9869604401089358
-2.88 6.451273295729236e-06 -0.9869604401089358
-2.87 6.855006761566579e-06 -0.9869604401089358
-2.86 7.255433637524116e-06 -0.9869604401089358
-2.85 7.608704689435045e-06 -0.9869604401089358
-2.84 7.971862643920449e-06 -0.9869604401089358
-2.83 8.327435632315699e-06 -0.9869604401089358
-2.82 8.744881236659206e-06 -0.9869604401089358
-2.81 9.168256172936951e-06 -0.9869604401089358
-2.8 9.588849332696452e-06 -0.9869604401089358
-2.79 9.996582006095098e-06 -0.9869604401089358
-2.78 1.0418097611538443e-05 -0.9869604401089358
-2.77 1.0866297514579795e-05 -0.9869604401089358
-2.76 1.1383081419582564e-05 -0.9869604401089358
-2.75 1.201219174401931e-05 -0.9869604401089358
-2.7399999999999998 1.2644848134949934e-05 -0.9869604401089358
-2.73 1.3310746854005848e-05 -0.9869604401089358
-2.7199999999999998 1.3956305087650618e-05 -0.9869604401089358
-2.71 1.4529734954542801e-05 -0.9869604401089358
-2.6999999999999997 1.5061765532766354e-05 -0.9869604401089358
-2.69 1.5611403593754927e-05 -0.9869604401089358
-2.68 1.6103368516011192e-05 -0.9869604401089358
-2.67 1.6593259669788105e-05 -0.9869604401089358
-2.66 1.7126691826131344e-05 -0.9869604401089358
-2.65 1.76577915596552e-05 -0.9869604401089358
-2.64 1.8268948974926857e-05 -0.9869604401089358
-2.63 1.902183385157113e-05 -0.9869604401089358
-2.62 1.98203274793001e-05 -0.9869604401089358
-2.61 2.0649989357568586e-05 -0.9869604401089358
-2.6 2.1434665239257494e-05 -0.9869604401089358
-2.59 2.2080438953736117e-05 -0.9869604401089358
-2.58 2.2605806347199072e-05 -0.9869604401089358
-2.57 2.3120963233435423e-05 -0.9869604401089358
-2.56 2.3687075409123436e-05 -0.9869604401089358
-2.55 2.43714037554715e-05 -0.9869604401089358
-2.54 2.5221667534540124e-05 -0.9869604401089358
-2.53 2.6148220177613074e-05 -0.9869604401089358
-2.52 2.7140396202086043e-05 -0.9869604401089358
-2.51 2.814635221863524e-05 -0.9869604401089358
-2.5 2.92717480129992e-05 -0.9869604401089358
-2.4899999999999998 3.0442858563733784e-05 -0.9869604401089358
-2.48 3.1776262365886316e-05 -0.9869604401089358
-2.4699999999999998 3.319185708464573e-05 -0.9869604401089358
-2.46 3.461288303225964e-05 -0.9869604401089358
-2.4499999999999997 3.600508990658019e-05 -0.9869604401089358
-2.44 3.744441134268704e-05 -0.9869604401089358
-2.43 3.888467607515135e-05 -0.9869604401089358
-2.42 4.0484240028407293e-05 -0.9869604401089358
-2.41 4.231506582499879e-05 -0.9869604401089358
-2.4 4.421456017254674e-05 -0.9869604401089358
-2.39 4.628575767092178e-05 -0.9869604401089358
-2.38 4.839970479981972e-05 -0.9869604401089358
-2.37 5.0511256072839106e-05 -0.9869604401089358
-2.36 5.262446836109855e-05 -0.9869604401089358
-2.35 5.481595777201826e-05 -0.9869604401089358
-2.34 5.6822275863735513e-05 -0.9869604401089358
-2.33 5.881748335494526e-05 -0.9869604401089358
-2.32 6.063098767249546e-05 -0.9869604401089358
-2.31 6.229273054758192e-05 -0.9869604401089358
-2.3 6.395339462515797e-05 -0.9869604401089358
-2.29 6.567875422176153e-05 -0.9869604401089358
-2.28 6.748073657330133e-05 -0.9869604401089358
-2.27 6.934472960099585e-05 -0.9869604401089358
-2.26 7.119370618013171e-05 -0.9869604401089358
-2.25 7.280813254517625e-05 -0.9869604401089358
-2.2399999999999998 7.426653459239551e-05 -0.9869604401089358
-2.23 7.556247903287898e-05 -0.9869604401089358
-2.2199999999999998 7.681692018397797e-05 -0.9869604401089358
-2.21 7.812917435537542e-05 -0.9869604401089358
-2.1999999999999997 7.956391061862817e-05 -0.9869604401089358
-2.19 8.105794940342787e-05 -0.9869604401089358
-2.18 8.252871054584587e-05 -0.9869604401089358
-2.17 8.407853374070608e-05 -0.9869604401089358
-2.16 8.569199900973646e-05 -0.9869604401089358
-2.15 8.75055334625168e-05 -0.9869604401089358
-2.14 8.977837065213231e-05 -0.9869604401089358
-2.13 9.240818229657825e-05 -0.9869604401089358
-2.12 9.546128835935914e-05 -0.9869604401089358
-2.11 9.889709500634964e-05 -0.9869604401089358
-2.1 0.00010262355327566242 -0.9869604401089358
-2.09 0.00010661810210695103 -0.9869604401089358
-2.08 0.00011124221646505004 -0.9869604401089358
-2.07 0.00011638230110546689 -0.9869604401089358
-2.06 0.00012240891055937157 -0.9869604401089358
-2.05 0.00012942963620412104 -0.9869604401089358
-2.04 0.00013740730135444377 -0.9869604401089358
-2.03 0.00014647968580503898 -0.9869604401089358
-2.02 0.0001568297653334521 -0.9869604401089358
-2.01 0.00016841932372168108 -0.9869604401089358
-2.0 0.00018151406226556792 -0.9869604401089358
-1.9899999999999998 0.00019630625495195165 -0.9869604401089358
-1.98 0.00021255574740482283 -0.9869604401089358
-1.9699999999999998 0.00023068310055365763 -0.9869604401089358
-1.96 0.0002505474346086842 -0.9869604401089358
-1.9499999999999997 0.0002726554238191179 -0.9869604401089358
-1.94 0.00029727830999340025 -0.9869604401089358
-1.9299999999999997 0.00032515154700511376 -0.9869604401089358
-1.92 0.00035626891208792854 -0.9869604401089358
-1.9100000000000001 0.00039105353772835667 -0.9869604401089358
-1.9 0.00042925721904243496 -0.9869604401089358
-1.8900000000000001 0.00047085236846034666 -0.9869604401089358
-1.88 0.000515885549060999 -0.9869604401089358
-1.87 0.0005649222499514854 -0.9869604401089358
-1.8599999999999999 0.0006182822443492165 -0.9869604401089358
-1.85 0.0006767590491622293 -0.9869604401089358
-1.8399999999999999 0.0007407430110894181 -0.9869604401089358
-1.83 0.000810133204692299 -0.9869604401089358
-1.8199999999999998 0.0008850668046494216 -0.9869604401089358
-1.81 0.000965580914544367 -0.9869604401089358
-1.7999999999999998 0.0010516602630843623 -0.9869604401089358
-1.79 0.0011439405868781298 -0.9869604401089358
-1.7799999999999998 0.0012431526754416845 -0.9869604401089358
-1.77 0.0013489243594520714 -0.9869604401089358
-1.7599999999999998 0.0014623365647971633 -0.9869604401089358
-1.75 0.0015827010789265623 -0.9869604401089358
-1.7399999999999998 0.0017100530615533985 -0.9869604401089358
-1.73 0.0018451669368143477 -0.9869604401089358
-1.7199999999999998 0.001987791545543514 -0.9869604401089358
-1.71 0.0021385794700108087 -0.9869604401089358
-1.6999999999999997 0.00229820205514493 -0.9869604401089358
-1.69 0.0024662152974422756 -0.9869604401089358
-1.6799999999999997 0.0026432311573404157 -0.9869604401089358
-1.67 0.002829893427078305 -0.9869604401089358
-1.6600000000000001 0.0030264640884399225 -0.9869604401089358
-1.65 0.003234291956741309 -0.9869604401089358
-1.6400000000000001 0.003454114913080153 -0.9869604401089358
-1.63 0.003685564379465498 -0.9869604401089358
-1.62 0.003929104195022284 -0.9869604401089358
-1.6099999999999999 0.004184147140355473 -0.9869604401089358
-1.6 0.004451282389124905 -0.9869604401089358
-1.5899999999999999 0.004731837087736013 -0.9869604401089358
-1.58 0.005028551124497827 -0.9869604401089358
-1.5699999999999998 0.005342588015766183 -0.9869604401089358
-1.56 0.005676955637096998 -0.9869604401089358
-1.5499999999999998 0.006030965135591466 -0.9869604401089358
-1.54 0.006405233168014112 -0.9869604401089358
-1.5299999999999998 0.006798919198477585 -0.9869604401089358
-1.52 0.007213509159822379 -0.9869604401089358
-1.5099999999999998 0.00764922398982145 -0.9869604401089358
-1.5 0.008110582785237607 -0.9869604401089358
-1.4899999999999998 0.008598349694403876 -0.9869604401089358
-1.48 0.009115736049319043 -0.9869604401089358
-1.4699999999999998 0.009663334952296952 -0.9869604401089358
-1.46 0.010242219479035176 -0.9869604401089358
-1.4499999999999997 0.010851922401351972 -0.9869604401089358
-1.44 0.011495600694459462 -0.9869604401089358
-1.4299999999999997 0.012172364126138561 -0.9869604401089358
-1.42 0.012885483905726547 -0.9869604401089358
-1.4100000000000001 0.013636255385310905 -0.9869604401089358
-1.4 0.014424023761683549 -0.9869604401089358
-1.3900000000000001 0.01525192834707675 -0.9869604401089358
-1.38 0.016119814011984552 -0.9869604401089358
-1.37 0.017028870344497397 -0.9869604401089358
-1.3599999999999999 0.0179823806103556 -0.9869604401089358
-1.35 0.018979333648695463 -0.9869604401089358
-1.3399999999999999 0.02002026584814434 -0.9869604401089358
-1.33 0.021105964524098027 -0.9869604401089358
-1.3199999999999998 0.022233301987213905 -0.9869604401089358
-1.31 0.02340598826278456 -0.9869604401089358
-1.2999999999999998 0.02462424452493709 -0.9869604401089358
-1.29 0.025891410536564814 -0.9869604401089358
-1.2799999999999998 0.027209551166950445 -0.9869604401089358
-1.27 0.028578984533677836 -0.9869604401089358
-1.2599999999999998 0.029997362934806225 -0.9869604401089358
-1.25 0.031463166219781936 -0.9869604401089358
-1.2399999999999998 0.03297451445614402 -0.9869604401089358
-1.23 0.03453214717818438 -0.9869604401089358
-1.2199999999999998 0.03614017323203798 -0.9869604401089358
-1.21 0.03780302565276218 -0.9869604401089358
-1.1999999999999997 0.03952376814880872 -0.9869604401089358
-1.19 0.04130507617284762 -0.9869604401089358
-1.1799999999999997 0.04314522345331953 -0.9869604401089358
-1.17 0.045041020519715896 -0.9869604401089358
-1.1600000000000001 0.04699407792617663 -0.9869604401089358
-1.15 0.04900192904089867 -0.9869604401089358
-1.1400000000000001 0.05107084016628066 -0.9869604401089358
-1.13 0.05320584329423923 -0.9869604401089358
-1.12 0.055409836040786094 -0.9869604401089358
-1.1099999999999999 0.05768900851760458 -0.9869604401089358
-1.1 0.060044382816148746 -0.9869604401089358
-1.0899999999999999 0.0624755701416523 -0.9869604401089358
-1.08 0.06498819807782258 -0.9869604401089358
-1.0699999999999998 0.06758086225270091 -0.9869604401089358
-1.06 0.07025846045372636 -0.9869604401089358
-1.0499999999999998 0.07302612402707002 0.0
-1.04 0.07602955836169417 0.0
-1.0299999999999998 0.07928877986441987 0.0
-1.02 0.08281728535745464 0.0
-1.0099999999999998 0.08663512043434692 0.0
-1.0 0.09076351385823825 -0.9869604401089358
-0.9900000000000002 0.09504089172737727 -0.9869604401089358
-0.9799999999999995 0.09946839722020674 -0.9869604401089358
-0.9699999999999998 0.10405152529286137 -0.9869604401089358
-0.96 0.10878426016679735 -0.9869604401089358
-0.9500000000000002 0.11367192412423159 -0.9869604401089358
-0.9399999999999995 0.11871290157299448 -0.9869604401089358
-0.9299999999999997 0.12391641733106222 -0.9869604401089358
-0.9199999999999999 0.1292848300463552 -0.9869604401089358
-0.9100000000000001 0.1348300150012884 -0.9869604401089358
-0.9000000000000004 0.14054618217662557 -0.9869604401089358
-0.8899999999999997 0.14643775713734175 -0.9869604401089358
-0.8799999999999999 0.15249409760403204 -0.9869604401089358
-0.8700000000000001 0.1587129199133962 -0.9869604401089358
-0.8600000000000003 0.1650913585157135 -0.9869604401089358
-0.8499999999999996 0.17163478430861867 -0.9869604401089358
-0.8399999999999999 0.17834255267293833 -0.9869604401089358
-0.8300000000000001 0.18522687689350328 -0.9869604401089358
-0.8200000000000003 0.19227710666287448 -0.9869604401089358
-0.8099999999999996 0.1994937854792199 -0.9869604401089358
-0.7999999999999998 0.20686416852483544 -0.9869604401089358
-0.79 0.2143770312891494 -0.9869604401089358
-0.7800000000000002 0.22202971065048208 -0.9869604401089358
-0.7699999999999996 0.2298201557835236 -0.9869604401089358
-0.7599999999999998 0.23774717818391392 -0.9869604401089358
-0.75 0.245818944150662 -0.9869604401089358
-0.7400000000000002 0.2540253815700523 -0.9869604401089358
-0.7299999999999995 0.26236299757607334 -0.9869604401089358
-0.7199999999999998 0.2708226148788896 -0.9869604401089358
-0.71 0.27938713376507124 -0.9869604401089358
-0.7000000000000002 0.2880567091081128 -0.9869604401089358
-0.6899999999999995 0.29682223748612696 -0.9869604401089358
-0.6799999999999997 0.30568253150624725 -0.9869604401089358
-0.6699999999999999 0.3146402355343109 -0.9869604401089358
-0.6600000000000001 0.3236865962898887 -0.9869604401089358
-0.6499999999999995 0.33281794312775853 -0.9869604401089358
-0.6399999999999997 0.34202987309568694 -0.9869604401089358
-0.6299999999999999 0.3513088077310978 -0.9869604401089358
-0.6200000000000001 0.3606593931845712 -0.9869604401089358
-0.6100000000000003 0.3700717984564891 -0.9869604401089358
-0.5999999999999996 0.3795466658458966 -0.9869604401089358
-0.5899999999999999 0.38908061892589496 -0.9869604401089358
-0.5800000000000001 0.39866540527184996 -0.9869604401089358
-0.5700000000000003 0.4082969600243181 -0.9869604401089358
-0.5599999999999996 0.41797021452723676 -0.9869604401089358
-0.5499999999999998 0.42768201203166645 -0.9869604401089358
-0.54 0.4374353251010005 -0.9869604401089358
-0.5300000000000002 0.4472299013926493 -0.9869604401089358
-0.5199999999999996 0.4570670138583788 -0.9869604401089358
-0.5099999999999998 0.46694169497834254 -0.9869604401089358
-0.5 0.4768488357547153 -0.9869604401089358
-0.4900000000000002 0.4867796334333556 -0.9869604401089358
-0.47999999999999954 0.49672738276366896 -0.9869604401089358
-0.46999999999999975 0.5066933463116157 -0.9869604401089358
-0.45999999999999996 0.516670419946422 -0.9869604401089358
-0.4500000000000002 0.5266686073527762 -0.9869604401089358
-0.4399999999999995 0.5366799334776139 -0.9869604401089358
-0.4299999999999997 0.5467037189268167 -0.9869604401089358
-0.41999999999999993 0.5567357734411121 -0.9869604401089358
-0.41000000000000014 0.5667634763510342 -0.9869604401089358
-0.39999999999999947 0.5767841342655547 -0.9869604401089358
-0.3899999999999997 0.5867941756700923 -0.9869604401089358
-0.3799999999999999 0.5967795189535333 -0.9869604401089358
-0.3700000000000001 0.6067483307603644 -0.9869604401089358
-0.3600000000000003 0.6166763764126907 -0.9869604401089358
-0.34999999999999964 0.6265623073640805 -0.9869604401089358
-0.33999999999999986 0.6363926908240133 -0.9869604401089358
-0.33000000000000007 0.6461530214384757 -0.9869604401089358
-0.3200000000000003 0.6558446712834931 -0.9869604401089358
-0.3099999999999996 0.6654593761201593 -0.9869604401089358
-0.2999999999999998 0.6749874914012275 -0.9869604401089358
-0.29000000000000004 0.6844281444257534 -0.9869604401089358
-0.28000000000000025 0.6937498363299279 -0.9869604401089358
-0.2699999999999996 0.7029394382179663 -0.9869604401089358
-0.2599999999999998 0.7119711554529207 -0.9869604401089358
-0.25 0.7208216682090055 -0.9869604401089358
-0.2400000000000002 0.7294895838254872 -0.9869604401089358
-0.22999999999999954 0.7379635408263912 -0.9869604401089358
-0.21999999999999975 0.7462423385575399 -0.9869604401089358
-0.20999999999999996 0.7543219633008328 -0.9869604401089358
-0.20000000000000018 0.7621785941187991 -0.9869604401089358
-0.1899999999999995 0.769788735394325 -0.9869604401089358
-0.17999999999999972 0.7771263041069809 -0.9869604401089358
-0.16999999999999993 0.7841532419076706 -0.9869604401089358
-0.16000000000000014 0.7908662254611558 -0.9869604401089358
-0.14999999999999947 0.7972457016197536 -0.9869604401089358
-0.13999999999999968 0.803295450394197 -0.9869604401089358
-0.1299999999999999 0.8090139057849993 -0.9869604401089358
-0.1200000000000001 0.8143886547726451 -0.9869604401089358
-0.11000000000000032 0.8193999215212491 -0.9869604401089358
-0.09999999999999964 0.8240336213587439 -0.9869604401089358
-0.08999999999999986 0.8282468989948512 -0.9869604401089358
-0.08000000000000007 0.8320461361709419 -0.9869604401089358
-0.07000000000000028 0.8354031372593556 -0.9869604401089358
-0.05999999999999961 0.838329712602336 -0.9869604401089358
-0.04999999999999982 0.8408248786956112 -0.9869604401089358
-0.040000000000000036 0.8428840171120399 -0.9869604401089358
-0.03000000000000025 0.8444994881387751 -0.9869604401089358
-0.019999999999999574 0.8456675721910537 -0.9869604401089358
-0.009999999999999787 0.8463574418950223 -0.9869604401089358
0.0 0.8465907763622416 -0.9869604401089358
0.009999999999999787 0.8463431794961291 -0.9869604401089358
0.020000000000000462 0.8456430498905205 -0.9869604401089358
0.03000000000000025 0.844491245541397 -0.9869604401089358
0.040000000000000036 0.8428932638386684 -0.9869604401089358
0.04999999999999982 0.8408508470440671 -0.9869604401089358
0.0600000000000005 0.838363166951752 -0.9869604401089358
0.07000000000000028 0.8354154487885563 -0.9869604401089358
0.08000000000000007 0.8320345801255512 -0.9869604401089358
0.08999999999999986 0.8282112069578884 -0.9869604401089358
0.10000000000000053 0.8239874293146633 -0.9869604401089358
0.11000000000000032 0.8193746545335325 -0.9869604401089358
0.1200000000000001 0.8143923193777419 -0.9869604401089358
0.1299999999999999 0.8090503981469548 -0.9869604401089358
0.13999999999999968 0.8033504869502879 -0.9869604401089358
0.15000000000000036 0.797286390228562 -0.9869604401089358
0.16000000000000014 0.7908781899942093 -0.9869604401089358
0.16999999999999993 0.7841270770908754 -0.9869604401089358
0.17999999999999972 0.7770722335606336 -0.9869604401089358
0.1900000000000004 0.7697381965624296 -0.9869604401089358
0.20000000000000018 0.7621499664861877 -0.9869604401089358
0.20999999999999996 0.7543301440281805 -0.9869604401089358
0.21999999999999975 0.746284333802635 -0.9869604401089358
0.23000000000000043 0.738012568784559 -0.9869604401089358
0.2400000000000002 0.7295280054458726 -0.9869604401089358
0.25 0.7208312425043089 -0.9869604401089358
0.2599999999999998 0.7119477510273614 -0.9869604401089358
0.27000000000000046 0.7029032081775848 -0.9869604401089358
0.28000000000000025 0.6937129284616113 -0.9869604401089358
0.29000000000000004 0.6844087004040077 -0.9869604401089358
0.2999999999999998 0.6749933621678903 -0.9869604401089358
0.3100000000000005 0.665476920034376 -0.9869604401089358
0.3200000000000003 0.655869602363894 -0.9869604401089358
0.33000000000000007 0.646170544004734 -0.9869604401089358
0.33999999999999986 0.6363962228877202 -0.9869604401089358
0.35000000000000053 0.6265610028760863 -0.9869604401089358
0.3600000000000003 0.6166677788321697 -0.9869604401089358
0.3700000000000001 0.6067421407302687 -0.9869604401089358
0.3799999999999999 0.5967770224851568 -0.9869604401089358
0.3899999999999997 0.5867879183742734 -0.9869604401089358
0.40000000000000036 0.5767794463349661 -0.9869604401089358
0.41000000000000014 0.5667555542685347 -0.9869604401089358
0.41999999999999993 0.556729747284223 -0.9869604401089358
0.4299999999999997 0.5467074954663119 -0.9869604401089358
0.4400000000000004 0.5366897701713819 -0.9869604401089358
0.4500000000000002 0.5266859569304265 -0.9869604401089358
0.45999999999999996 0.5166858321722902 -0.9869604401089358
0.46999999999999975 0.5066978405476605 -0.9869604401089358
0.4800000000000004 0.49672040083052493 -0.9869604401089358
0.4900000000000002 0.4867613744373744 -0.9869604401089358
0.5 0.47682915695213157 -0.9869604401089358
0.5099999999999998 0.4669298127917107 -0.9869604401089358
0.5200000000000005 0.45706756685163485 -0.9869604401089358
0.5300000000000002 0.4472418203004027 -0.9869604401089358
0.54 0.43745182561387197 -0.9869604401089358
0.5499999999999998 0.4276950900991502 -0.9869604401089358
0.5600000000000005 0.4179738064064931 -0.9869604401089358
0.5700000000000003 0.4082934638376827 -0.9869604401089358
0.5800000000000001 0.39865721983860913 -0.9869604401089358
0.5899999999999999 0.38907353133872125 -0.9869604401089358
0.6000000000000005 0.37954482718011656 -0.9869604401089358
0.6100000000000003 0.37007026237950613 -0.9869604401089358
0.6200000000000001 0.3606589791423191 -0.9869604401089358
0.6299999999999999 0.35130591065065664 -0.9869604401089358
0.6399999999999997 0.3420244130687178 -0.9869604401089358
0.6500000000000004 0.3328184963683876 -0.9869604401089358
0.6600000000000001 0.32369169164463446 -0.9869604401089358
0.6699999999999999 0.3146522552893841 -0.9869604401089358
0.6799999999999997 0.3056973903353764 -0.9869604401089358
0.6900000000000004 0.29682751236606275 -0.9869604401089358
0.7000000000000002 0.288052165311194 -0.9869604401089358
0.71 0.27937035564143137 -0.9869604401089358
0.7199999999999998 0.2708003316673709 -0.9869604401089358
0.7300000000000004 0.26235065727066975 -0.9869604401089358
0.7400000000000002 0.254025943592197 -0.9869604401089358
0.75 0.24583571653069528 -0.9869604401089358
0.7599999999999998 0.23777274797097062 -0.9869604401089358
0.7700000000000005 0.2298375531174467 -0.9869604401089358
0.7800000000000002 0.22203360215260529 -0.9869604401089358
0.79 0.21436309472508525 -0.9869604401089358
0.7999999999999998 0.2068391680043958 -0.9869604401089358
0.8100000000000005 0.19947461055919302 -0.9869604401089358
0.8200000000000003 0.1922704778597997 -0.9869604401089358
0.8300000000000001 0.18523762791079681 -0.9869604401089358
0.8399999999999999 0.17836501442160316 -0.9869604401089358
0.8500000000000005 0.1716534227554725 -0.9869604401089358
0.8600000000000003 0.1650988653129475 -0.9869604401089358
0.8700000000000001 0.15870468886612646 -0.9869604401089358
0.8799999999999999 0.1524746988215726 -0.9869604401089358
0.8899999999999997 0.14642052824625007 -0.9869604401089358
0.9000000000000004 0.14053867448073032 -0.9869604401089358
0.9100000000000001 0.13483597320604837 -0.9869604401089358
0.9199999999999999 0.12930092057298423 -0.9869604401089358
0.9299999999999997 0.12393205933230499 -0.9869604401089358
0.9400000000000004 0.1187205461605574 -0.9869604401089358
0.9500000000000002 0.11366909794295275 -0.9869604401089358
0.96 0.10877262235187951 -0.9869604401089358
0.9699999999999998 0.10403846860230175 -0.9869604401089358
0.9800000000000004 0.09946085764492445 -0.9869604401089358
0.9900000000000002 0.09503977606130586 -0.9869604401089358
1.0 0.09076916751312619 -0.9869604401089358
1.0099999999999998 0.08664361395629455 0.0
1.0200000000000005 0.08282338611015862 0.0
1.0300000000000002 0.07929345376089217 0.0
1.04 0.07603073747776058 0.0
1.0499999999999998 0.07302432246360963 0.0
1.0600000000000005 0.07025617162176766 -0.9869604401089358
1.0700000000000003 0.06757492027375345 -0.9869604401089358
1.08 0.06498130652812902 -0.9869604401089358
1.0899999999999999 0.06246998947286887 -0.9869604401089358
1.1000000000000005 0.06004084825266391 -0.9869604401089358
1.1100000000000003 0.05769299569554578 -0.9869604401089358
1.12 0.055419443545398524 -0.9869604401089358
1.13 0.05321714112195908 -0.9869604401089358
1.1400000000000006 0.05108032328932805 -0.9869604401089358
1.1500000000000004 0.04900230880019596 -0.9869604401089358
1.1600000000000001 0.04698540329658612 -0.9869604401089358
1.17 0.04502757239313452 -0.9869604401089358
1.1799999999999997 0.04313207551551781 -0.9869604401089358
1.1900000000000004 0.04130018983351529 -0.9869604401089358
1.2000000000000002 0.03952907038681591 -0.9869604401089358
1.21 0.03781495883325369 -0.9869604401089358
1.2199999999999998 0.03615336138622343 -0.9869604401089358
1.2300000000000004 0.034539427709911134 -0.9869604401089358
1.2400000000000002 0.032972725202765514 -0.9869604401089358
1.25 0.031454694926552625 -0.9869604401089358
1.2599999999999998 0.029987139790467975 -0.9869604401089358
1.2700000000000005 0.02857211812984455 -0.9869604401089358
1.2800000000000002 0.02720940478819686 -0.9869604401089358
1.29 0.025896598644505203 -0.9869604401089358
1.2999999999999998 0.024630466606671578 -0.9869604401089358
1.3100000000000005 0.023410709213206288 -0.9869604401089358
1.3200000000000003 0.022233690071715 -0.9869604401089358
1.33 0.021102832134524692 -0.9869604401089358
1.3399999999999999 0.02001727290369102 -0.9869604401089358
1.3500000000000005 0.018976757695770716 -0.9869604401089358
1.3600000000000003 0.017982231701357466 -0.9869604401089358
1.37 0.017030659730849197 -0.9869604401089358
1.38 0.016120749082075322 -0.9869604401089358
1.3900000000000006 0.01525321633451429 -0.9869604401089358
1.4000000000000004 0.01442456325914612 -0.9869604401089358
1.4100000000000001 0.013636130111510976 -0.9869604401089358
1.42 0.012886212752104317 -0.9869604401089358
1.4299999999999997 0.012171948932618769 -0.9869604401089358
1.4400000000000004 0.011494095415649146 -0.9869604401089358
1.4500000000000002 0.010849795864177296 -0.9869604401089358
1.46 0.01023946298600068 -0.9869604401089358
1.4699999999999998 0.009662388003384231 -0.9869604401089358
1.4800000000000004 0.009117720171377863 -0.9869604401089358
1.4900000000000002 0.008602391743967546 -0.9869604401089358
1.5 0.00811539927673265 -0.9869604401089358
1.5099999999999998 0.007652107783789367 -0.9869604401089358
1.5200000000000005 0.007212314893858419 -0.9869604401089358
1.5300000000000002 0.006794438085680869 -0.9869604401089358
1.54 0.006399444503919735 -0.9869604401089358
1.5499999999999998 0.006026538904809507 -0.9869604401089358
1.5600000000000005 0.005676486645011193 -0.9869604401089358
1.5700000000000003 0.005345840356430361 -0.9869604401089358
1.58 0.005033502274522315 -0.9869604401089358
1.5899999999999999 0.004736304814429314 -0.9869604401089358
1.6000000000000005 0.004453017048856117 -0.9869604401089358
1.6100000000000003 0.0041827696317662056 -0.9869604401089358
1.62 0.003926259841406548 -0.9869604401089358
1.63 0.0036826550022368526 -0.9869604401089358
1.6400000000000006 0.003452401511005487 -0.9869604401089358
1.6500000000000004 0.003234396047777182 -0.9869604401089358
1.6600000000000001 0.003027275058805161 -0.9869604401089358
1.67 0.0028306886951281317 -0.9869604401089358
1.6799999999999997 0.0026439260456553575 -0.9869604401089358
1.6900000000000004 0.0024663625123186417 -0.9869604401089358
1.7000000000000002 0.002298389596889478 -0.9869604401089358
1.71 0.0021392115868159884 -0.9869604401089358
1.7199999999999998 0.0019880692552260936 -0.9869604401089358
1.7300000000000004 0.0018452239866173143 -0.9869604401089358
1.7400000000000002 0.0017097469101243828 -0.9869604401089358
1.75 0.0015817387159735526 -0.9869604401089358
1.7599999999999998 0.0014618404187322813 -0.9869604401089358
1.7700000000000005 0.0013489546240117443 -0.9869604401089358
1.7800000000000002 0.0012434850932939879 -0.9869604401089358
1.79 0.0011446483557135774 -0.9869604401089358
1.7999999999999998 0.0010518019623559833 -0.9869604401089358
1.8100000000000005 0.0009650304821396384 -0.9869604401089358
1.8200000000000003 0.000884331991087587 -0.9869604401089358
1.83 0.0008095477951590137 -0.9869604401089358
1.8399999999999999 0.0007408863555932497 -0.9869604401089358
1.8500000000000005 0.0006777860477789537 -0.9869604401089358
1.8600000000000003 0.0006195438603327126 -0.9869604401089358
1.87 0.000565717571706221 -0.9869604401089358
1.88 0.0005158557207403332 -0.9869604401089358
1.8900000000000006 0.0004698503303489393 -0.9869604401089358
1.9000000000000004 0.0004278550922679144 -0.9869604401089358
1.9100000000000001 0.0003900428019869827 -0.9869604401089358
1.92 0.0003559923942746227 -0.9869604401089358
1.9299999999999997 0.00032566601647573257 -0.9869604401089358
1.9400000000000004 0.0002982692202407077 -0.9869604401089358
1.9500000000000002 0.0002735392239760348 -0.9869604401089358
1.96 0.0002509519202047851 -0.9869604401089358
1.9699999999999998 0.00023068588574988563 -0.9869604401089358
1.9800000000000004 0.00021223110442255216 -0.9869604401089358
1.9900000000000002 0.00019588279146229642 -0.9869604401089358
2.0 0.00018128681810353816 -0.9869604401089358
2.01 0.00016821756522558286 -0.9869604401089358
2.0200000000000005 0.0001566352888509072 -0.9869604401089358
2.0300000000000002 0.00014639549695287245 -0.9869604401089358
2.04 0.00013731826955195976 -0.9869604401089358
2.05 0.00012951034101793633 -0.9869604401089358
2.0600000000000005 0.00012277186056893163 -0.9869604401089358
2.0700000000000003 0.00011676047957020198 -0.9869604401089358
2.08 0.00011155353994629786 -0.9869604401089358
2.09 0.00010673975501262883 -0.9869604401089358
2.1000000000000005 0.00010236911204462397 -0.9869604401089358
2.1100000000000003 9.849435158812132e-05 -0.9869604401089358
2.12 9.514507033175497e-05 -0.9869604401089358
2.13 9.223592371552388e-05 -0.9869604401089358
2.1400000000000006 8.987530831286816e-05 -0.9869604401089358
2.1500000000000004 8.776873641115962e-05 -0.9869604401089358
2.16 8.583583452999649e-05 -0.9869604401089358
2.17 8.408387027752839e-05 -0.9869604401089358
2.1799999999999997 8.242001441345745e-05 -0.9869604401089358
2.1900000000000004 8.091989769720974e-05 -0.9869604401089358
2.2 7.961115902070423e-05 -0.9869604401089358
2.21 7.838992337751296e-05 -0.9869604401089358
2.2199999999999998 7.713387409626041e-05 -0.9869604401089358
2.2300000000000004 7.572547130467162e-05 -0.9869604401089358
2.24 7.416976697854048e-05 -0.9869604401089358
2.25 7.241067191415347e-05 -0.9869604401089358
2.26 7.06797299852283e-05 -0.9869604401089358
2.2700000000000005 6.90295146534349e-05 -0.9869604401089358
2.2800000000000002 6.746215159784766e-05 -0.9869604401089358
2.29 6.594427477008629e-05 -0.9869604401089358
2.3 6.440684246638023e-05 -0.9869604401089358
2.3100000000000005 6.267613165378876e-05 -0.9869604401089358
2.3200000000000003 6.077897877108684e-05 -0.9869604401089358
2.33 5.883685380276839e-05 -0.9869604401089358
2.34 5.670589122329698e-05 -0.9869604401089358
2.3500000000000005 5.4623670011858354e-05 -0.9869604401089358
2.3600000000000003 5.250281119683607e-05 -0.9869604401089358
2.37 5.0326789390395456e-05 -0.9869604401089358
2.38 4.816459627680124e-05 -0.9869604401089358
2.3900000000000006 4.6142952021372685e-05 -0.9869604401089358
2.4000000000000004 4.415808421874621e-05 -0.9869604401089358
2.41 4.241848272613675e-05 -0.9869604401089358
2.42 4.079953844794275e-05 -0.9869604401089358
2.4299999999999997 3.9198539195500945e-05 -0.9869604401089358
2.4400000000000004 3.76311067297375e-05 -0.9869604401089358
2.45 3.605854605839594e-05 -0.9869604401089358
2.46 3.4484768986762875e-05 -0.9869604401089358
2.4699999999999998 3.301945423174825e-05 -0.9869604401089358
2.4800000000000004 3.169316407199364e-05 -0.9869604401089358
2.49 3.0403761338844402e-05 -0.9869604401089358
2.5 2.921973052564922e-05 -0.9869604401089358
2.51 2.8043164721248993e-05 -0.9869604401089358
2.5200000000000005 2.6958528233370817e-05 -0.9869604401089358
2.5300000000000002 2.5979105674222373e-05 -0.9869604401089358
2.54 2.521942802438875e-05 -0.9869604401089358
2.55 2.4592055181479982e-05 -0.9869604401089358
2.5600000000000005 2.4048106346796872e-05 -0.9869604401089358
2.5700000000000003 2.348433800941482e-05 -0.9869604401089358
2.58 2.2806647244289802e-05 -0.9869604401089358
2.59 2.1984315931194744e-05 -0.9869604401089358
2.6000000000000005 2.1135355039492577e-05 -0.9869604401089358
2.6100000000000003 2.031204078589515e-05 -0.9869604401089358
2.62 1.9539225088502267e-05 -0.9869604401089358
2.63 1.8910061802205362e-05 -0.9869604401089358
2.6400000000000006 1.834222638939644e-05 -0.9869604401089358
2.6500000000000004 1.7781131506775536e-05 -0.9869604401089358
2.66 1.7271834286333714e-05 -0.9869604401089358
2.67 1.6768936614092646e-05 -0.9869604401089358
2.6799999999999997 1.6220135987116306e-05 -0.9869604401089358
2.6900000000000004 1.5701785391546298e-05 -0.9869604401089358
2.7 1.5126091216344186e-05 -0.9869604401089358
2.71 1.4473127160389926e-05 -0.9869604401089358
2.7199999999999998 1.3803050878774077e-05 -0.9869604401089358
2.7300000000000004 1.3148065673068329e-05 -0.9869604401089358
2.74 1.2492313239153327e-05 -0.9869604401089358
2.75 1.194503392643835e-05 -0.9869604401089358
2.76 1.1447673289857836e-05 -0.9869604401089358
2.7700000000000005 1.0965589769345435e-05 -0.9869604401089358
2.7800000000000002 1.0496375983963533e-05 -0.9869604401089358
2.79 1.0034986047525948e-05 -0.9869604401089358
2.8 9.584030716234284e-06 -0.9869604401089358
2.8100000000000005 9.16177621536522e-06 -0.9869604401089358
2.8200000000000003 8.802514756886191e-06 -0.9869604401089358
2.83 8.436221740742164e-06 -0.9869604401089358
2.84 8.053118118706038e-06 -0.9869604401089358
2.8500000000000005 7.596746562200974e-06 -0.9869604401089358
2.8600000000000003 7.131203096292809e-06 -0.9869604401089358
2.87 6.648742921565497e-06 -0.9869604401089358
2.88 6.249478330710894e-06 -0.9869604401089358
2.8900000000000006 5.955295087083715e-06 -0.9869604401089358
2.9000000000000004 5.748431710125822e-06 -0.9869604401089358
2.91 5.61211317435026e-06 -0.9869604401089358
2.92 5.500921878528956e-06 -0.9869604401089358
2.9300000000000006 5.367426350980593e-06 -0.9869604401089358
2.9400000000000004 5.1976433592384765e-06 -0.9869604401089358
2.95 5.05043490075662e-06 -0.9869604401089358
2.96 4.841106057864115e-06 -0.9869604401089358
2.9699999999999998 4.6380764385073905e-06 -0.9869604401089358
2.9800000000000004 4.451229764725907e-06 -0.9869604401089358
2.99 4.277838716565559e-06 -0.9869604401089358
3.0 4.1316014212607256e-06 -0.9869604401089358
3.01 4.081893144427955e-06 -0.9869604401089358
3.0199999999999996 4.092462028124189e-06 -0.9869604401089358
3.0299999999999994 4.12867425990013e-06 -0.9869604401089358
3.040000000000001 4.194284314190026e-06 -0.9869604401089358
3.0500000000000007 4.215132819830551e-06 -0.9869604401089358
3.0600000000000005 4.206200009184765e-06 -0.9869604401089358
3.0700000000000003 4.173350930489224e-06 -0.9869604401089358
3.08 4.142342764295636e-06 -0.9869604401089358
3.09 4.077632942212794e-06 -0.9869604401089358
3.0999999999999996 4.008328167099158e-06 -0.9869604401089358
3.1099999999999994 3.920823101939993e-06 -0.9869604401089358
3.120000000000001 3.807362403495785e-06 -0.9869604401089358
3.130000000000001 3.6820708344453595e-06 -0.9869604401089358
3.1400000000000006 3.6145908847767818e-06 -0.9869604401089358
3.1500000000000004 3.6253078139723766e-06 -0.9869604401089358
3.16 3.6368984759535164e-06 -0.9869604401089358
3.17 3.6510243500842843e-06 -0.9869604401089358
3.1799999999999997 3.6682653931275177e-06 -0.9869604401089358
3.1899999999999995 3.61994666705414e-06 -0.9869604401089358
3.1999999999999993 3.467383573710778e-06 -0.9869604401089358
3.210000000000001 3.304816637717111e-06 -0.9869604401089358
3.2200000000000006 3.137988364062829e-06 -0.9869604401089358
3.2300000000000004 2.9605142555039126e-06 -0.9869604401089358
3.24 2.7846886047236333e-06 -0.9869604401089358
3.25 2.642011296250065e-06 -0.9869604401089358
3.26 2.525436328655008e-06 -0.9869604401089358
3.2699999999999996 2.4540870121417915e-06 -0.9869604401089358
3.2799999999999994 2.40544216671303e-06 -0.9869604401089358
3.290000000000001 2.3546620984448575e-06 -0.9869604401089358
3.3000000000000007 2.3096982722471936e-06 -0.9869604401089358
3.3100000000000005 2.231923129249614e-06 -0.9869604401089358
3.3200000000000003 2.1068570388005964e-06 -0.9869604401089358
3.33 1.937384869520319e-06 -0.9869604401089358
3.34 1.7972292952095244e-06 -0.9869604401089358
3.3499999999999996 1.6686045728898423e-06 -0.9869604401089358
3.3599999999999994 1.5435737979907953e-06 -0.9869604401089358
3.370000000000001 1.4127282689685958e-06 -0.9869604401089358
3.380000000000001 1.321605242621986e-06 -0.9869604401089358
3.3900000000000006 1.2624450599725582e-06 -0.9869604401089358
3.4000000000000004 1.2120931986495605e-06 -0.9869604401089358
3.41 1.2081971073832014e-06 -0.9869604401089358
3.42 1.2353823509007892e-06 -0.9869604401089358
3.4299999999999997 1.2680259972439105e-06 -0.9869604401089358
3.4399999999999995 1.2667827377275387e-06 -0.9869604401089358
3.4499999999999993 1.2322007430211776e-06 -0.9869604401089358
3.460000000000001 1.1412193157660298e-06 -0.9869604401089358
3.4700000000000006 1.0555458549799184e-06 -0.9869604401089358
3.4800000000000004 9.922182096443152e-07 -0.9869604401089358
3.49 9.223598271957957e-07 -0.9869604401089358
3.5 8.780744516559334e-07 -0.9869604401089358
3.51 8.941918948813223e-07 -0.9869604401089358
3.5199999999999996 9.443272765636124e-07 -0.9869604401089358
3.5299999999999994 9.945697705953238e-07 -0.9869604401089358
3.540000000000001 1.073708416186067e-06 -0.9869604401089358
3.5500000000000007 1.150713056428342e-06 -0.9869604401089358
3.5600000000000005 1.1851694100782503e-06 -0.9869604401089358
3.5700000000000003 1.1818602872366222e-06 -0.9869604401089358
3.58 1.1373385672699046e-06 -0.9869604401089358
3.59 1.0697189968763858e-06 -0.9869604401089358
3.5999999999999996 1.0229466993754244e-06 -0.9869604401089358
3.6099999999999994 9.973502185402213e-07 -0.9869604401089358
3.620000000000001 9.610294624997494e-07 -0.9869604401089358
3.630000000000001 9.386027205776375e-07 -0.9869604401089358
3.6400000000000006 9.558990372856856e-07 -0.9869604401089358
3.6500000000000004 9.825580427171493e-07 -0.9869604401089358
3.66 1.01122573670922e-06 -0.9869604401089358
3.67 1.045075206588817e-06 -0.9869604401089358
3.6799999999999997 1.082563661108947e-06 -0.9869604401089358
3.6899999999999995 1.094861391672844e-06 -0.9869604401089358
3.700000000000001 1.0552623823024863e-06 -0.9869604401089358
3.710000000000001 9.620728888515366e-07 -0.9869604401089358
3.7200000000000006 8.678784610299186e-07 -0.9869604401089358
3.7300000000000004 7.874678038817836e-07 -0.9869604401089358
3.74 7.14728614152807e-07 -0.9869604401089358
3.75 6.577187652687728e-07 -0.9869604401089358
3.76 6.368766303178829e-07 -0.9869604401089358
3.7699999999999996 6.381684476796417e-07 -0.9869604401089358
3.7799999999999994 6.583399877129486e-07 -0.9869604401089358
3.790000000000001 6.897534009419636e-07 -0.9869604401089358
3.8000000000000007 6.928829138416779e-07 -0.9869604401089358
3.8100000000000005 6.826760143879507e-07 -0.9869604401089358
3.8200000000000003 6.51305020235652e-07 -0.9869604401089358
3.83 5.848592043311958e-07 -0.9869604401089358
3.84 4.868757536202034e-07 -0.9869604401089358
3.8499999999999996 4.152410072020339e-07 -0.9869604401089358
3.8599999999999994 3.6247798512714684e-07 -0.9869604401089358
3.870000000000001 3.1964602894627596e-07 -0.9869604401089358
3.880000000000001 2.935548437180691e-07 -0.9869604401089358
3.8900000000000006 2.8623036129794493e-07 -0.9869604401089358
3.9000000000000004 3.065283464337251e-07 -0.9869604401089358
3.91 3.453563317077937e-07 -0.9869604401089358
3.92 3.8621902087127277e-07 -0.9869604401089358
3.9299999999999997 4.160614480496723e-07 -0.9869604401089358
3.9399999999999995 4.353137301161902e-07 -0.9869604401089358
3.950000000000001 4.242573650052578e-07 -0.9869604401089358
3.960000000000001 3.809647092711038e-07 -0.9869604401089358
3.9700000000000006 3.2558962703589515e-07 -0.9869604401089358
3.9800000000000004 2.6263747944249244e-07 -0.9869604401089358
3.99 2.2056949871253386e-07 -0.9869604401089358
4.0 2.1358135434017724e-07 -0.9869604401089358
4.01 2.2794100018694826e-07 -0.9869604401089358
4.02 2.569919993713529e-07 -0.9869604401089358
4.029999999999999 3.1931215934311766e-07 -0.9869604401089358
4.040000000000001 4.020844109941558e-07 -0.9869604401089358
4.050000000000001 4.5370857330104246e-07 -0.9869604401089358
4.0600000000000005 4.7289108390522565e-07 -0.9869604401089358
4.07 4.5446482821158184e-07 -0.9869604401089358
4.08 4.160916408184685e-07 -0.9869604401089358
4.09 3.760723020447267e-07 -0.9869604401089358
4.1 3.3478470322537275e-07 -0.9869604401089358
4.109999999999999 2.8787644533823236e-07 -0.9869604401089358
4.120000000000001 2.659402436138981e-07 -0.9869604401089358
4.130000000000001 2.6816326909878367e-07 -0.9869604401089358
4.140000000000001 2.848196637928098e-07 -0.9869604401089358
4.15 3.157752002402695e-07 -0.9869604401089358
4.16 3.550116640449907e-07 -0.9869604401089358
4.17 3.9490535887804794e-07 -0.9869604401089358
4.18 4.317944728017472e-07 -0.9869604401089358
4.1899999999999995 4.347069215615164e-07 -0.9869604401089358
4.200000000000001 3.9237983023588464e-07 -0.9869604401089358
4.210000000000001 3.381430497237102e-07 -0.9869604401089358
4.220000000000001 2.859368332657254e-07 -0.9869604401089358
4.23 2.3012636912953232e-07 -0.9869604401089358
4.24 1.7729868056834114e-07 -0.9869604401089358
4.25 1.4328788281410473e-07 -0.9869604401089358
4.26 1.461130826704612e-07 -0.9869604401089358
4.27 1.760054800910361e-07 -0.9869604401089358
4.279999999999999 2.1045146344996936e-07 -0.9869604401089358
4.290000000000001 2.51203089932144e-07 -0.9869604401089358
4.300000000000001 2.788439144096446e-07 -0.9869604401089358
4.3100000000000005 2.8379821057650365e-07 -0.9869604401089358
4.32 2.616616535480786e-07 -0.9869604401089358
4.33 2.255830923836721e-07 -0.9869604401089358
4.34 1.7444960570768406e-07 -0.9869604401089358
4.35 1.2671164951363668e-07 -0.9869604401089358
4.359999999999999 8.312050985015811e-08 -0.9869604401089358
4.370000000000001 5.10445723258804e-08 -0.9869604401089358
4.380000000000001 4.2899881466317266e-08 -0.9869604401089358
4.390000000000001 5.761834328627404e-08 -0.9869604401089358
4.4 9.27424479997947e-08 -0.9869604401089358
4.41 1.446604666077089e-07 -0.9869604401089358
4.42 1.902646685642808e-07 -0.9869604401089358
4.43 2.1588642465459258e-07 -0.9869604401089358
4.4399999999999995 2.2690962465758e-07 -0.9869604401089358
4.450000000000001 2.2532124301709282e-07 -0.9869604401089358
4.460000000000001 1.8993309985946797e-07 -0.9869604401089358
4.470000000000001 1.3662398496847382e-07 -0.9869604401089358
4.48 8.115934043641007e-08 -0.9869604401089358
4.49 4.54225575262914e-08 -0.9869604401089358
4.5 3.748554858997556e-08 -0.9869604401089358
4.51 5.260479775901575e-08 -0.9869604401089358
4.52 9.178042171865061e-08 -0.9869604401089358
4.529999999999999 1.468057386332159e-07 -0.9869604401089358
4.540000000000001 2.008012729949119e-07 -0.9869604401089358
4.550000000000001 2.4148333911304793e-07 -0.9869604401089358
4.5600000000000005 2.51064179381273e-07 -0.9869604401089358
4.57 2.40215765364501e-07 -0.9869604401089358
4.58 2.1444191986345187e-07 -0.9869604401089358
4.59 1.7117500150739508e-07 -0.9869604401089358
4.6 1.215918827973381e-07 -0.9869604401089358
4.609999999999999 8.172509440953297e-08 -0.9869604401089358
4.620000000000001 5.4845388275436947e-08 -0.9869604401089358
4.630000000000001 5.570802507323339e-08 -0.9869604401089358
4.640000000000001 8.128979693784744e-08 -0.9869604401089358
4.65 1.1617788841122182e-07 -0.9869604401089358
4.66 1.5425556584576154e-07 -0.9869604401089358
4.67 1.9110739537845924e-07 -0.9869604401089358
4.68 2.248316238721181e-07 -0.9869604401089358
4.6899999999999995 2.3742524522796787e-07 -0.9869604401089358
4.700000000000001 2.1078542142507894e-07 -0.9869604401089358
4.710000000000001 1.553023970940876e-07 -0.9869604401089358
4.720000000000001 1.040048733480298e-07 -0.9869604401089358
4.73 6.206358477475624e-08 -0.9869604401089358
4.74 3.1879942874588385e-08 -0.9869604401089358
4.75 1.5657470009275428e-08 -0.9869604401089358
4.76 2.1423226893133214e-08 -0.9869604401089358
4.77 5.3586188171873905e-08 -0.9869604401089358
4.779999999999999 1.0160307799633221e-07 -0.9869604401089358
4.790000000000001 1.422450749391669e-07 -0.9869604401089358
4.800000000000001 1.6896009130989006e-07 -0.9869604401089358
4.8100000000000005 1.777629359130168e-07 -0.9869604401089358
4.82 1.779675823188273e-07 -0.9869604401089358
4.83 1.592872326018106e-07 -0.9869604401089358
4.84 1.2139795415391145e-07 -0.9869604401089358
4.85 6.822587190139694e-08 -0.9869604401089358
4.859999999999999 2.3960993825607566e-08 -0.9869604401089358
4.870000000000001 2.8521488813232635e-09 -0.9869604401089358
4.880000000000001 2.9998926629967065e-09 -0.9869604401089358
4.890000000000001 1.980977795368804e-08 -0.9869604401089358
4.9 5.550933354754965e-08 -0.9869604401089358
4.91 1.094621530257795e-07 -0.9869604401089358
4.92 1.646254446682198e-07 -0.9869604401089358
4.93 1.9310949561656686e-07 -0.9869604401089358
4.9399999999999995 1.9985444654653481e-07 -0.9869604401089358
4.950000000000001 1.792347461500476e-07 -0.9869604401089358
4.960000000000001 1.3887183387212122e-07 -0.9869604401089358
4.970000000000001 9.633289229437889e-08 -0.9869604401089358
4.98 5.494037928793479e-08 -0.9869604401089358
4.99 1.6248382186808703e-08 -0.9869604401089358
