-5.0 1.9551498831412158e-08 -0.9869604401089358
-4.99 8.189106829485325e-08 -0.9869604401089358
-4.98 1.8239208257892514e-07 -0.9869604401089358
-4.97 3.141896143203873e-07 -0.9869604401089358
-4.96 4.4312448647008024e-07 -0.9869604401089358
-4.95 5.416933186655073e-07 -0.9869604401089358
-4.94 6.012362232642299e-07 -0.9869604401089358
-4.93 6.246634275637995e-07 -0.9869604401089358
-4.92 6.172292523054895e-07 -0.9869604401089358
-4.91 5.861834629939138e-07 -0.9869604401089358
-4.9 5.071253834306913e-07 -0.9869604401089358
-4.89 3.876915727110386e-07 -0.9869604401089358
-4.88 2.4905135716005325e-07 -0.9869604401089358
-4.87 1.1927088842573753e-07 -0.9869604401089358
-4.86 3.475941599811408e-08 -0.9869604401089358
-4.85 2.0084861016686416e-09 -0.9869604401089358
-4.84 2.099652905705352e-08 -0.9869604401089358
-4.83 9.258337961300578e-08 -0.9869604401089358
-4.82 2.200048978680133e-07 -0.9869604401089358
-4.81 4.010275376824286e-07 -0.9869604401089358
-4.8 6.022663800427916e-07 -0.9869604401089358
-4.79 7.762789927029564e-07 -0.9869604401089358
-4.78 8.769586957555604e-07 -0.9869604401089358
-4.77 8.902597765893866e-07 -0.9869604401089358
-4.76 8.284377453111163e-07 -0.9869604401089358
-4.75 7.208786012351083e-07 -0.9869604401089358
-4.74 5.813374181016866e-07 -0.9869604401089358
-4.73 4.137370816776896e-07 -0.9869604401089358
-4.72 2.489964305140692e-07 -0.9869604401089358
-4.71 1.1838017724763066e-07 -0.9869604401089358
-4.7 6.697685358013917e-08 -0.9869604401089358
-4.69 1.1331633960578205e-07 -0.9869604401089358
-4.68 2.422705177697542e-07 -0.9869604401089358
-4.67 4.135693713396264e-07 -0.9869604401089358
-4.66 5.913323534728189e-07 -0.9869604401089358
-4.65 7.714247738273998e-07 -0.9869604401089358
-4.64 9.162563291521545e-07 -0.9869604401089358
-4.63 1.0120771081280023e-06 -0.9869604401089358
-4.62 1.036040426264499e-06 -0.9869604401089358
-4.61 9.607851540639638e-07 -0.9869604401089358
-4.6 8.227334158547812e-07 -0.9869604401089358
-4.59 6.715857351177598e-07 -0.9869604401089358
-4.58 5.192775359813802e-07 -0.9869604401089358
-4.57 4.112787992658157e-07 -0.9869604401089358
-4.56 3.327105945152415e-07 -0.9869604401089358
-4.55 2.907233692864171e-07 -0.9869604401089358
-4.54 2.9600800138103535e-07 -0.9869604401089358
-4.53 3.4402920457462484e-07 -0.9869604401089358
-4.52 4.291937023960288e-07 -0.9869604401089358
-4.51 5.287348147746417e-07 -0.9869604401089358
-4.5 6.269926064022435e-07 -0.9869604401089358
-4.49 7.306062133683153e-07 -0.9869604401089358
-4.48 8.103236875346449e-07 -0.9869604401089358
-4.47 8.777834642829547e-07 -0.9869604401089358
-4.46 8.945400793497513e-07 -0.9869604401089358
-4.45 8.507353754644802e-07 -0.9869604401089358
-4.4399999999999995 7.582809320058891e-07 -0.9869604401089358
-4.43 6.379962463649885e-07 -0.9869604401089358
-4.42 4.979367608413213e-07 -0.9869604401089358
-4.41 3.725355618214623e-07 -0.9869604401089358
-4.4 2.550149252315863e-07 -0.9869604401089358
-4.39 1.7264590526783973e-07 -0.9869604401089358
-4.38 1.469412976341807e-07 -0.9869604401089358
-4.37 1.84357053793196e-07 -0.9869604401089358
-4.36 2.797277258141735e-07 -0.9869604401089358
-4.35 4.039909980578492e-07 -0.9869604401089358
-4.34 5.338817997958935e-07 -0.9869604401089358
-4.33 6.509875192982077e-07 -0.9869604401089358
-4.32 7.640311059487676e-07 -0.9869604401089358
-4.31 8.602714266856994e-07 -0.9869604401089358
-4.3 9.174473882845309e-07 -0.9869604401089358
-4.29 9.206866153557466e-07 -0.9869604401089358
-4.28 8.372727960736472e-07 -0.9869604401089358
-4.27 7.057615337060488e-07 -0.9869604401089358
-4.26 5.533674126753312e-07 -0.9869604401089358
-4.25 4.178239732754675e-07 -0.9869604401089358
-4.24 3.239957874267904e-07 -0.9869604401089358
-4.23 2.7761566042815096e-07 -0.9869604401089358
-4.22 2.8901590114542876e-07 -0.9869604401089358
-4.21 3.7597191253260373e-07 -0.9869604401089358
-4.2 5.484206481743423e-07 -0.9869604401089358
-4.1899999999999995 7.84918535149875e-07 -0.9869604401089358
-4.18 1.036074592967068e-06 -0.9869604401089358
-4.17 1.258138088864534e-06 -0.9869604401089358
-4.16 1.4241760178392165e-06 -0.9869604401089358
-4.15 1.5073748692936966e-06 -0.9869604401089358
-4.14 1.535362203922561e-06 -0.9869604401089358
-4.13 1.4864063239591926e-06 -0.9869604401089358
-4.12 1.3710762476408812e-06 -0.9869604401089358
-4.11 1.2336255320108594e-06 -0.9869604401089358
-4.1 1.0886988672888008e-06 -0.9869604401089358
-4.09 9.845824837822664e-07 -0.9869604401089358
-4.08 9.451700201389724e-07 -0.9869604401089358
-4.07 9.621248118394333e-07 -0.9869604401089358
-4.06 1.0711205864869242e-06 -0.9869604401089358
-4.05 1.2583973863433797e-06 -0.9869604401089358
-4.04 1.5027878833162798e-06 -0.9869604401089358
-4.03 1.755064340958581e-06 -0.9869604401089358
-4.02 1.961540146759856e-06 -0.9869604401089358
-4.01 2.0816511367784335e-06 -0.9869604401089358
-4.0 2.149577448593671e-06 -0.9869604401089358
-3.99 2.1563320657307596e-06 -0.9869604401089358
-3.98 2.113794150177668e-06 -0.9869604401089358
-3.9699999999999998 1.9968488729971788e-06 -0.9869604401089358
-3.96 1.8286173131419263e-06 -0.9869604401089358
-3.95 1.644746758917326e-06 -0.9869604401089358
-3.94 1.52124717205197e-06 -0.9869604401089358
-3.9299999999999997 1.4713494185613102e-06 -0.9869604401089358
-3.92 1.4730832343045887e-06 -0.9869604401089358
-3.91 1.498038734572636e-06 -0.9869604401089358
-3.9 1.5307157223364903e-06 -0.9869604401089358
-3.8899999999999997 1.5951897340757637e-06 -0.9869604401089358
-3.88 1.71296565829524e-06 -0.9869604401089358
-3.87 1.862425811658624e-06 -0.9869604401089358
-3.86 1.99591528027591e-06 -0.9869604401089358
-3.8499999999999996 2.087271768525959e-06 -0.9869604401089358
-3.84 2.1029606190978086e-06 -0.9869604401089358
-3.83 2.085357787406698e-06 -0.9869604401089358
-3.8200000000000003 2.0069602146655387e-06 -0.9869604401089358
-3.81 1.8937608967537918e-06 -0.9869604401089358
-3.8 1.7355081000448793e-06 -0.9869604401089358
-3.79 1.5572197611828095e-06 -0.9869604401089358
-3.7800000000000002 1.394655036907926e-06 -0.9869604401089358
-3.77 1.277170982958135e-06 -0.9869604401089358
-3.76 1.2164099884066081e-06 -0.9869604401089358
-3.75 1.2280004566111272e-06 -0.9869604401089358
-3.74 1.3113270483432746e-06 -0.9869604401089358
-3.73 1.4624279547542696e-06 -0.9869604401089358
-3.7199999999999998 1.6717608093994392e-06 -0.9869604401089358
-3.71 1.8762657644049872e-06 -0.9869604401089358
-3.7 2.0739723860844055e-06 -0.9869604401089358
-3.69 2.2398119649536684e-06 -0.9869604401089358
-3.6799999999999997 2.377188408220137e-06 -0.9869604401089358
-3.67 2.4976963224682303e-06 -0.9869604401089358
-3.66 2.54914119273265e-06 -0.9869604401089358
-3.65 2.5081696004307893e-06 -0.9869604401089358
-3.6399999999999997 2.3698679546698717e-06 -0.9869604401089358
-3.63 2.2072273273383832e-06 -0.9869604401089358
-3.62 2.093772917803186e-06 -0.9869604401089358
-3.61 2.105592138245861e-06 -0.9869604401089358
-3.5999999999999996 2.222656401289551e-06 -0.9869604401089358
-3.59 2.4316892348676735e-06 -0.9869604401089358
-3.58 2.723293486388787e-06 -0.9869604401089358
-3.5700000000000003 3.105571651386748e-06 -0.9869604401089358
-3.56 3.5809003183626046e-06 -0.9869604401089358
-3.55 4.073670078697439e-06 -0.9869604401089358
-3.54 4.49333460718177e-06 -0.9869604401089358
-3.5300000000000002 4.732295612382572e-06 -0.9869604401089358
-3.52 4.852913050143251e-06 -0.9869604401089358
-3.51 4.8638865998319e-06 -0.9869604401089358
-3.5 4.867404428402384e-06 -0.9869604401089358
-3.49 4.867742830244446e-06 -0.9869604401089358
-3.48 4.857117783584869e-06 -0.9869604401089358
-3.4699999999999998 4.866431594300286e-06 -0.9869604401089358
-3.46 4.95161874637549e-06 -0.9869604401089358
-3.45 5.111606776152734e-06 -0.9869604401089358
-3.44 5.384832813265925e-06 -0.9869604401089358
-3.4299999999999997 5.719867953684908e-06 -0.9869604401089358
-3.42 6.067928263270009e-06 -0.9869604401089358
-3.41 6.467108189941118e-06 -0.9869604401089358
-3.4 6.814149302782494e-06 -0.9869604401089358
-3.3899999999999997 7.1053991445413625e-06 -0.9869604401089358
-3.38 7.3176191505817e-06 -0.9869604401089358
-3.37 7.432000344190981e-06 -0.9869604401089358
-3.36 7.4922053943067215e-06 -0.9869604401089358
-3.3499999999999996 7.521230680263205e-06 -0.9869604401089358
-3.34 7.43554018306427e-06 -0.9869604401089358
-3.33 7.306348281746609e-06 -0.9869604401089358
-3.3200000000000003 7.140013290527019e-06 -0.9869604401089358
-3.31 7.044448710335728e-06 -0.9869604401089358
-3.3 7.055719328876795e-06 -0.9869604401089358
-3.29 7.124797222111117e-06 -0.9869604401089358
-3.2800000000000002 7.182812217675641e-06 -0.9869604401089358
-3.27 7.227567518354925e-06 -0.9869604401089358
-3.26 7.316966533809002e-06 -0.9869604401089358
-3.25 7.505197761491468e-06 -0.9869604401089358
-3.24 7.772487088220624e-06 -0.9869604401089358
-3.23 8.012333915298485e-06 -0.9869604401089358
-3.2199999999999998 8.178023822332768e-06 -0.9869604401089358
-3.21 8.212906982377518e-06 -0.9869604401089358
-3.2 8.238153245173664e-06 -0.9869604401089358
-3.19 8.193297965195761e-06 -0.9869604401089358
-3.1799999999999997 8.097561514244136e-06 -0.9869604401089358
-3.17 7.918284461414869e-06 -0.9869604401089358
-3.16 7.668898465508625e-06 -0.9869604401089358
-3.15 7.464957952494514e-06 -0.9869604401089358
-3.1399999999999997 7.427460912959131e-06 -0.9869604401089358
-3.13 7.550159764029865e-06 -0.9869604401089358
-3.12 7.855356620863672e-06 -0.9869604401089358
-3.11 8.32926769977151e-06 -0.9869604401089358
-3.0999999999999996 8.858637607694975e-06 -0.9869604401089358
-3.09 9.500451837834963e-06 -0.9869604401089358
-3.08 1.0119405223280247e-05 -0.9869604401089358
-3.0700000000000003 1.0670458725404192e-05 -0.9869604401089358
-3.06 1.1159997097107205e-05 -0.9869604401089358
-3.05 1.1604901346803363e-05 -0.9869604401089358
-3.04 1.1959884847782538e-05 -0.9869604401089358
-3.0300000000000002 1.2306034750510478e-05 -0.9869604401089358
-3.02 1.2574960847815761e-05 -0.9869604401089358
-3.01 1.283195380374933e-05 -0.9869604401089358
-3.0 1.3256040720203046e-05 -0.9869604401089358
-2.9899999999999998 1.3860224516581641e-05 -0.9869604401089358
-2.98 1.4650487393031998e-05 -0.9869604401089358
-2.9699999999999998 1.557424988364719e-05 -0.9869604401089358
-2.96 1.658221762926936e-05 -0.9869604401089358
-2.95 1.7714212338101082e-05 -0.9869604401089358
-2.94 1.908976294671059e-05 -0.9869604401089358
-2.93 2.0546848333387095e-05 -0.9869604401089358
-2.92 2.1939401011234975e-05 -0.9869604401089358
-2.91 2.311856688975833e-05 -0.9869604401089358
-2.9 2.409003601956778e-05 -0.9869604401089358
-2.89 2.4976777366321375e-05 -0.9869604401089358
-2.88 2.592553195400397e-05 -0.9869604401089358
-2.87 2.6883721742216525e-05 -0.9869604401089358
-2.86 2.7790551433451266e-05 -0.9869604401089358
-2.85 2.870944320168519e-05 -0.9869604401089358
-2.84 2.9746845022235026e-05 -0.9869604401089358
-2.83 3.0938427242609144e-05 -0.9869604401089358
-2.82 3.232854723025026e-05 -0.9869604401089358
-2.81 3.3773316945301374e-05 -0.9869604401089358
-2.8 3.515155760393908e-05 -0.9869604401089358
-2.79 3.657859360089651e-05 -0.9869604401089358
-2.78 3.798298283518339e-05 -0.9869604401089358
-2.77 3.932946642800415e-05 -0.9869604401089358
-2.76 4.068864245155184e-05 -0.9869604401089358
-2.75 4.1988319829748194e-05 -0.9869604401089358
-2.7399999999999998 4.3147662748460785e-05 -0.9869604401089358
-2.73 4.425981423594684e-05 -0.9869604401089358
-2.7199999999999998 4.504134364062867e-05 -0.9869604401089358
-2.71 4.558865325247129e-05 -0.9869604401089358
-2.6999999999999997 4.608636250185159e-05 -0.9869604401089358
-2.69 4.665754252702023e-05 -0.9869604401089358
-2.68 4.7329932937722925e-05 -0.9869604401089358
-2.67 4.8129567110239926e-05 -0.9869604401089358
-2.66 4.891739302008235e-05 -0.9869604401089358
-2.65 4.984662689982319e-05 -0.9869604401089358
-2.64 5.110291151742239e-05 -0.9869604401089358
-2.63 5.259472696430898e-05 -0.9869604401089358
-2.62 5.409649778916298e-05 -0.9869604401089358
-2.61 5.535237402261122e-05 -0.9869604401089358
-2.6 5.639081583494556e-05 -0.9869604401089358
-2.59 5.7269056027271056e-05 -0.9869604401089358
-2.58 5.827440054003153e-05 -0.9869604401089358
-2.57 5.929356692428331e-05 -0.9869604401089358
-2.56 6.02319654009064e-05 -0.9869604401089358
-2.55 6.102742740968544e-05 -0.9869604401089358
-2.54 6.198713652719512e-05 -0.9869604401089358
-2.53 6.310356470570351e-05 -0.9869604401089358
-2.52 6.46000863047115e-05 -0.9869604401089358
-2.51 6.645710659232609e-05 -0.9869604401089358
-2.5 6.857194983509695e-05 -0.9869604401089358
-2.4899999999999998 7.099397123233276e-05 -0.9869604401089358
-2.48 7.388934386156078e-05 -0.9869604401089358
-2.4699999999999998 7.696517235140769e-05 -0.9869604401089358
-2.46 8.021510977796434e-05 -0.9869604401089358
-2.4499999999999997 8.373413219420564e-05 -0.9869604401089358
-2.44 8.714188244633006e-05 -0.9869604401089358
-2.43 9.06073127717271e-05 -0.9869604401089358
-2.42 9.398099548982067e-05 -0.9869604401089358
-2.41 9.72016659661756e-05 -0.9869604401089358
-2.4 0.00010059790306053987 -0.9869604401089358
-2.39 0.00010461480619392868 -0.9869604401089358
-2.38 0.00010904519264225918 -0.9869604401089358
-2.37 0.00011401647660623367 -0.9869604401089358
-2.36 0.00011922403738496914 -0.9869604401089358
-2.35 0.000124860458575128 -0.9869604401089358
-2.34 0.00013114933070192808 -0.9869604401089358
-2.33 0.0001380944296117472 -0.9869604401089358
-2.32 0.00014545423703694283 -0.9869604401089358
-2.31 0.00015279239464687492 -0.9869604401089358
-2.3 0.00016016536697397148 -0.9869604401089358
-2.29 0.00016798549441095342 -0.9869604401089358
-2.28 0.0001762428352994488 -0.9869604401089358
-2.27 0.00018484094089695017 -0.9869604401089358
-2.26 0.00019373254097635015 -0.9869604401089358
-2.25 0.0002025534437420097 -0.9869604401089358
-2.2399999999999998 0.0002117433606303323 -0.9869604401089358
-2.23 0.00022176874000416264 -0.9869604401089358
-2.2199999999999998 0.0002323761196349232 -0.9869604401089358
-2.21 0.00024378129635355011 -0.9869604401089358
-2.1999999999999997 0.00025626539776798634 -0.9869604401089358
-2.19 0.0002695232661266598 -0.9869604401089358
-2.18 0.00028370889786613726 -0.9869604401089358
-2.17 0.00029887295811530166 -0.9869604401089358
-2.16 0.0003147070436042233 -0.9869604401089358
-2.15 0.000331321151050387 -0.9869604401089358
-2.14 0.0003488779909879978 -0.9869604401089358
-2.13 0.0003666765975027369 -0.9869604401089358
-2.12 0.00038480066879714383 -0.9869604401089358
-2.11 0.00040366093453391056 -0.9869604401089358
-2.1 0.00042388263488814167 -0.9869604401089358
-2.09 0.0004455938198602127 -0.9869604401089358
-2.08 0.00046876726932082365 -0.9869604401089358
-2.07 0.0004930039384227344 -0.9869604401089358
-2.06 0.0005185732566835117 -0.9869604401089358
-2.05 0.0005461879299003722 -0.9869604401089358
-2.04 0.0005764052869858873 -0.9869604401089358
-2.03 0.0006087348488371874 -0.9869604401089358
-2.02 0.0006427702276356694 -0.9869604401089358
-2.01 0.000678664021736826 -0.9869604401089358
-2.0 0.000717123727004307 -0.9869604401089358
-1.9899999999999998 0.0007580576889460644 -0.9869604401089358
-1.98 0.0008018115358430763 -0.9869604401089358
-1.9699999999999998 0.0008480318982601 -0.9869604401089358
-1.96 0.0008962079745937844 -0.9869604401089358
-1.9499999999999997 0.0009472250479896175 -0.9869604401089358
-1.94 0.0010019825298081832 -0.9869604401089358
-1.9299999999999997 0.0010600420113271595 -0.9869604401089358
-1.92 0.0011228371889577392 -0.9869604401089358
-1.9100000000000001 0.0011913016417899624 -0.9869604401089358
-1.9 0.001264893693892364 -0.9869604401089358
-1.8900000000000001 0.0013444590375504832 -0.9869604401089358
-1.88 0.0014299092029998232 -0.9869604401089358
-1.87 0.001521622314284429 -0.9869604401089358
-1.8599999999999999 0.0016200955617902445 -0.9869604401089358
-1.85 0.0017259557338930999 -0.9869604401089358
-1.8399999999999999 0.001837753909365978 -0.9869604401089358
-1.83 0.0019558692601176655 -0.9869604401089358
-1.8199999999999998 0.002080843192193259 -0.9869604401089358
-1.81 0.0022152356613935106 -0.9869604401089358
-1.7999999999999998 0.002358680586610223 -0.9869604401089358
-1.79 0.0025115864195329697 -0.9869604401089358
-1.7799999999999998 0.0026729386227494923 -0.9869604401089358
-1.77 0.0028445047724015627 -0.9869604401089358
-1.7599999999999998 0.003026828240379754 -0.9869604401089358
-1.75 0.003221805450257887 -0.9869604401089358
-1.7399999999999998 0.003429476680147848 -0.9869604401089358
-1.73 0.003648745695427027 -0.9869604401089358
-1.7199999999999998 0.003880238079243827 -0.9869604401089358
-1.71 0.004125880820084334 -0.9869604401089358
-1.6999999999999997 0.004384475122629497 -0.9869604401089358
-1.69 0.004655714735083632 -0.9869604401089358
-1.6799999999999997 0.0049411214105402205 -0.9869604401089358
-1.67 0.005238884107597476 -0.9869604401089358
-1.6600000000000001 0.005548764564958845 -0.9869604401089358
-1.65 0.005872136791281393 -0.9869604401089358
-1.6400000000000001 0.006209205539384164 -0.9869604401089358
-1.63 0.006561729698586515 -0.9869604401089358
-1.62 0.006931994811476291 -0.9869604401089358
-1.6099999999999999 0.007319090501439875 -0.9869604401089358
-1.6 0.007721495089859351 -0.9869604401089358
-1.5899999999999999 0.008139782366029613 -0.9869604401089358
-1.58 0.008576468021251246 -0.9869604401089358
-1.5699999999999998 0.00903194831654636 -0.9869604401089358
-1.56 0.009504826089441816 -0.9869604401089358
-1.5499999999999998 0.009992604414714492 -0.9869604401089358
-1.54 0.010496974662582833 -0.9869604401089358
-1.5299999999999998 0.011019810474185302 -0.9869604401089358
-1.52 0.011562185667358097 -0.9869604401089358
-1.5099999999999998 0.012124786826781638 -0.9869604401089358
-1.5 0.012707037178134314 -0.9869604401089358
-1.4899999999999998 0.013306825969716104 -0.9869604401089358
-1.48 0.0139269971957169 -0.9869604401089358
-1.4699999999999998 0.014570828966397789 -0.9869604401089358
-1.46 0.015235582397430752 -0.9869604401089358
-1.4499999999999997 0.015925487960769365 -0.9869604401089358
-1.44 0.01664300586727038 -0.9869604401089358
-1.4299999999999997 0.01738703763810881 -0.9869604401089358
-1.42 0.018157928547833345 -0.9869604401089358
-1.4100000000000001 0.018959355162075166 -0.9869604401089358
-1.4 0.01979380451803492 -0.9869604401089358
-1.3900000000000001 0.020660802018988025 -0.9869604401089358
-1.38 0.021559812938298742 -0.9869604401089358
-1.37 0.022488807179116 -0.9869604401089358
-1.3599999999999999 0.023450777025434744 -0.9869604401089358
-1.35 0.02445072318232724 -0.9869604401089358
-1.3399999999999999 0.025492231883002526 -0.9869604401089358
-1.33 0.026575114036054906 -0.9869604401089358
-1.3199999999999998 0.027701144628320126 -0.9869604401089358
-1.31 0.02886975738333104 -0.9869604401089358
-1.2999999999999998 0.03009056821136855 -0.9869604401089358
-1.29 0.03136540241102337 -0.9869604401089358
-1.2799999999999998 0.03269292336747974 -0.9869604401089358
-1.27 0.034074605002899994 -0.9869604401089358
-1.2599999999999998 0.03551633633873168 -0.9869604401089358
-1.25 0.03701428944876399 -0.9869604401089358
-1.2399999999999998 0.03857332449951414 -0.9869604401089358
-1.23 0.0401966639095359 -0.9869604401089358
-1.2199999999999998 0.04188859609398593 -0.9869604401089358
-1.21 0.04364275518626208 -0.9869604401089358
-1.1999999999999997 0.045463589426842164 -0.9869604401089358
-1.19 0.04734833679385419 -0.9869604401089358
-1.1799999999999997 0.049306137506731365 -0.9869604401089358
-1.17 0.05134000720255124 -0.9869604401089358
-1.1600000000000001 0.05345211867052337 -0.9869604401089358
-1.15 0.05563841361684691 -0.9869604401089358
-1.1400000000000001 0.05790648266517599 -0.9869604401089358
-1.13 0.06025624503974596 -0.9869604401089358
-1.12 0.06269435869787421 -0.9869604401089358
-1.1099999999999999 0.06521863595073735 -0.9869604401089358
-1.1 0.0678232908722984 -0.9869604401089358
-1.0899999999999999 0.07050488706496819 -0.9869604401089358
-1.08 0.0732686776986469 -0.9869604401089358
-1.0699999999999998 0.07611116698988694 -0.9869604401089358
-1.06 0.07903428547233221 -0.9869604401089358
-1.0499999999999998 0.08204204007675892 0.0
-1.04 0.08530038193851187 0.0
-1.0299999999999998 0.08881312196601678 0.0
-1.02 0.0926019154966447 0.0
-1.0099999999999998 0.0966857842240791 0.0
-1.0 0.10107950655651808 -0.9869604401089358
-0.9900000000000002 0.10559207452006941 -0.9869604401089358
-0.9799999999999995 0.11021542766188301 -0.9869604401089358
-0.9699999999999998 0.11494877312959328 -0.9869604401089358
-0.96 0.11979888762496714 -0.9869604401089358
-0.9500000000000002 0.12476582627369905 -0.9869604401089358
-0.9399999999999995 0.12984268106336297 -0.9869604401089358
-0.9299999999999997 0.1350284602188743 -0.9869604401089358
-0.9199999999999999 0.14032204599088138 -0.9869604401089358
-0.9100000000000001 0.14571865986645563 -0.9869604401089358
-0.9000000000000004 0.15122255348694016 -0.9869604401089358
-0.8899999999999997 0.1568342492214397 -0.9869604401089358
-0.8799999999999999 0.16254667100556833 -0.9869604401089358
-0.8700000000000001 0.1683569461775937 -0.9869604401089358
-0.8600000000000003 0.17427004562102258 -0.9869604401089358
-0.8499999999999996 0.18027989898940958 -0.9869604401089358
-0.8399999999999999 0.18639816857183258 -0.9869604401089358
-0.8300000000000001 0.19263048217851875 -0.9869604401089358
-0.8200000000000003 0.19896621815089222 -0.9869604401089358
-0.8099999999999996 0.20539335915098764 -0.9869604401089358
-0.7999999999999998 0.21192157772934858 -0.9869604401089358
-0.79 0.21855718515350567 -0.9869604401089358
-0.7800000000000002 0.22529803367105478 -0.9869604401089358
-0.7699999999999996 0.23213207696722116 -0.9869604401089358
-0.7599999999999998 0.23906022683046318 -0.9869604401089358
-0.75 0.24608184083108445 -0.9869604401089358
-0.7400000000000002 0.25321828853064565 -0.9869604401089358
-0.7299999999999995 0.26045865591304695 -0.9869604401089358
-0.7199999999999998 0.26780798025168434 -0.9869604401089358
-0.71 0.27526567680326125 -0.9869604401089358
-0.7000000000000002 0.28283636802781725 -0.9869604401089358
-0.6899999999999995 0.290511507905863 -0.9869604401089358
-0.6799999999999997 0.2983090236416128 -0.9869604401089358
-0.6699999999999999 0.30622470619075115 -0.9869604401089358
-0.6600000000000001 0.31425519215060654 -0.9869604401089358
-0.6499999999999995 0.32239509975245967 -0.9869604401089358
-0.6399999999999997 0.3306598585704535 -0.9869604401089358
-0.6299999999999999 0.3390312948519697 -0.9869604401089358
-0.6200000000000001 0.34752542874651193 -0.9869604401089358
-0.6100000000000003 0.35614567864168534 -0.9869604401089358
-0.5999999999999996 0.36488519251789886 -0.9869604401089358
-0.5899999999999999 0.3737204627827536 -0.9869604401089358
-0.5800000000000001 0.38267697660263944 -0.9869604401089358
-0.5700000000000003 0.3917605035735576 -0.9869604401089358
-0.5599999999999996 0.4009759158141761 -0.9869604401089358
-0.5499999999999998 0.4103043588242037 -0.9869604401089358
-0.54 0.4197511760065131 -0.9869604401089358
-0.5300000000000002 0.42930738564784904 -0.9869604401089358
-0.5199999999999996 0.43899196308804833 -0.9869604401089358
-0.5099999999999998 0.44879555110358554 -0.9869604401089358
-0.5 0.45870066988246083 -0.9869604401089358
-0.4900000000000002 0.4686852974353722 -0.9869604401089358
-0.47999999999999954 0.4787549092443481 -0.9869604401089358
-0.46999999999999975 0.48890982275054884 -0.9869604401089358
-0.45999999999999996 0.4991577478830498 -0.9869604401089358
-0.4500000000000002 0.5094723692039458 -0.9869604401089358
-0.4399999999999995 0.5198451845026728 -0.9869604401089358
-0.4299999999999997 0.5302751484844832 -0.9869604401089358
-0.41999999999999993 0.5407782230559127 -0.9869604401089358
-0.41000000000000014 0.5513297591998485 -0.9869604401089358
-0.39999999999999947 0.5619148517678405 -0.9869604401089358
-0.3899999999999997 0.5725225615021116 -0.9869604401089358
-0.3799999999999999 0.5831335301258725 -0.9869604401089358
-0.3700000000000001 0.5937343561138878 -0.9869604401089358
-0.3600000000000003 0.6043272588377225 -0.9869604401089358
-0.34999999999999964 0.614887376516729 -0.9869604401089358
-0.33999999999999986 0.6253878828251567 -0.9869604401089358
-0.33000000000000007 0.6358272299989347 -0.9869604401089358
-0.3200000000000003 0.646204813365793 -0.9869604401089358
-0.3099999999999996 0.6564868243972753 -0.9869604401089358
-0.2999999999999998 0.6666638701411511 -0.9869604401089358
-0.29000000000000004 0.6767363673552654 -0.9869604401089358
-0.28000000000000025 0.6866708549117195 -0.9869604401089358
-0.2699999999999996 0.6964444921455801 -0.9869604401089358
-0.2599999999999998 0.7060592051859507 -0.9869604401089358
-0.25 0.7154996026130088 -0.9869604401089358
-0.2400000000000002 0.7247329174577957 -0.9869604401089358
-0.22999999999999954 0.7337549988411038 -0.9869604401089358
-0.21999999999999975 0.742547754020683 -0.9869604401089358
-0.20999999999999996 0.7510747238416892 -0.9869604401089358
-0.20000000000000018 0.7593271604559075 -0.9869604401089358
-0.1899999999999995 0.7673117479321281 -0.9869604401089358
-0.17999999999999972 0.7749853248891487 -0.9869604401089358
-0.16999999999999993 0.7823219197442175 -0.9869604401089358
-0.16000000000000014 0.7893250587936647 -0.9869604401089358
-0.14999999999999947 0.7959936345560985 -0.9869604401089358
-0.13999999999999968 0.8023042466543628 -0.9869604401089358
-0.1299999999999999 0.8082578430406291 -0.9869604401089358
-0.1200000000000001 0.8138357957098088 -0.9869604401089358
-0.11000000000000032 0.8190083394366741 -0.9869604401089358
-0.09999999999999964 0.8237753444194402 -0.9869604401089358
-0.08999999999999986 0.8281481753770016 -0.9869604401089358
-0.08000000000000007 0.8320821350473622 -0.9869604401089358
-0.07000000000000028 0.8355505161269935 -0.9869604401089358
-0.05999999999999961 0.8385561987237108 -0.9869604401089358
-0.04999999999999982 0.8411089789870311 -0.9869604401089358
-0.040000000000000036 0.8431944971739526 -0.9869604401089358
-0.03000000000000025 0.8448255509588418 -0.9869604401089358
-0.019999999999999574 0.845992627125502 -0.9869604401089358
-0.009999999999999787 0.8466822819181286 -0.9869604401089358
0.0 0.8469124679473905 -0.9869604401089358
0.009999999999999787 0.8467072540524755 -0.9869604401089358
0.020000000000000462 0.8460353646827719 -0.9869604401089358
0.03000000000000025 0.8448756315741729 -0.9869604401089358
0.040000000000000036 0.8432377010027345 -0.9869604401089358
0.04999999999999982 0.8411352605510692 -0.9869604401089358
0.0600000000000005 0.8385587374600325 -0.9869604401089358
0.07000000000000028 0.8355296288215227 -0.9869604401089358
0.08000000000000007 0.8320446769630103 -0.9869604401089358
0.08999999999999986 0.8281036531140203 -0.9869604401089358
0.10000000000000053 0.823736354572077 -0.9869604401089358
0.11000000000000032 0.818983381171099 -0.9869604401089358
0.1200000000000001 0.813830444355048 -0.9869604401089358
0.1299999999999999 0.8082717449259087 -0.9869604401089358
0.13999999999999968 0.8023318052265255 -0.9869604401089358
0.15000000000000036 0.7960275895647666 -0.9869604401089358
0.16000000000000014 0.7893559043555661 -0.9869604401089358
0.16999999999999993 0.7823434992551903 -0.9869604401089358
0.17999999999999972 0.774993767127157 -0.9869604401089358
0.1900000000000004 0.767306958732475 -0.9869604401089358
0.20000000000000018 0.7593128353139426 -0.9869604401089358
0.20999999999999996 0.7510548579692279 -0.9869604401089358
0.21999999999999975 0.7425277853503428 -0.9869604401089358
0.23000000000000043 0.733738353240228 -0.9869604401089358
0.2400000000000002 0.7247213659859708 -0.9869604401089358
0.25 0.7154941626403282 -0.9869604401089358
0.2599999999999998 0.7060585713223287 -0.9869604401089358
0.27000000000000046 0.6964484615081881 -0.9869604401089358
0.28000000000000025 0.6866785643177313 -0.9869604401089358
0.29000000000000004 0.67674706810534 -0.9869604401089358
0.2999999999999998 0.6666777787377184 -0.9869604401089358
0.3100000000000005 0.6565017031533326 -0.9869604401089358
0.3200000000000003 0.6462194760063068 -0.9869604401089358
0.33000000000000007 0.635838241998964 -0.9869604401089358
0.33999999999999986 0.6253919053401205 -0.9869604401089358
0.35000000000000053 0.6148829646080433 -0.9869604401089358
0.3600000000000003 0.6043125105252909 -0.9869604401089358
0.3700000000000001 0.5937126570345842 -0.9869604401089358
0.3799999999999999 0.5831082124970434 -0.9869604401089358
0.3899999999999997 0.5724997901530287 -0.9869604401089358
0.40000000000000036 0.5619011938369709 -0.9869604401089358
0.41000000000000014 0.5513280841720918 -0.9869604401089358
0.41999999999999993 0.540791422299417 -0.9869604401089358
0.4299999999999997 0.5302992118940526 -0.9869604401089358
0.4400000000000004 0.5198753715866137 -0.9869604401089358
0.4500000000000002 0.509501281448743 -0.9869604401089358
0.45999999999999996 0.4991772980034007 -0.9869604401089358
0.46999999999999975 0.4889165863161858 -0.9869604401089358
0.4800000000000004 0.47874578088580466 -0.9869604401089358
0.4900000000000002 0.46866409149550625 -0.9869604401089358
0.5 0.45867243160349475 -0.9869604401089358
0.5099999999999998 0.44876708939909743 -0.9869604401089358
0.5200000000000005 0.43897098177120714 -0.9869604401089358
0.5300000000000002 0.42929703607173875 -0.9869604401089358
0.54 0.4197540217334835 -0.9869604401089358
0.5499999999999998 0.4103178470795294 -0.9869604401089358
0.5600000000000005 0.40099586313129115 -0.9869604401089358
0.5700000000000003 0.3917822700765866 -0.9869604401089358
0.5800000000000001 0.38269499134121465 -0.9869604401089358
0.5899999999999999 0.3737323390001683 -0.9869604401089358
0.6000000000000005 0.3648894185163763 -0.9869604401089358
0.6100000000000003 0.35614280497114564 -0.9869604401089358
0.6200000000000001 0.34751781850329905 -0.9869604401089358
0.6299999999999999 0.3390204440566152 -0.9869604401089358
0.6399999999999997 0.33064809630459624 -0.9869604401089358
0.6500000000000004 0.32238383960322087 -0.9869604401089358
0.6600000000000001 0.3142447989920399 -0.9869604401089358
0.6699999999999999 0.3062169708363282 -0.9869604401089358
0.6799999999999997 0.29830389634855325 -0.9869604401089358
0.6900000000000004 0.29051060932283757 -0.9869604401089358
0.7000000000000002 0.28284063621588373 -0.9869604401089358
0.71 0.27527445650275423 -0.9869604401089358
0.7199999999999998 0.2678217453573503 -0.9869604401089358
0.7300000000000004 0.26047375796776656 -0.9869604401089358
0.7400000000000002 0.25323271860054053 -0.9869604401089358
0.75 0.24609187854268405 -0.9869604401089358
0.7599999999999998 0.23906261297230783 -0.9869604401089358
0.7700000000000005 0.2321270252789936 -0.9869604401089358
0.7800000000000002 0.2252848399183013 -0.9869604401089358
0.79 0.21854024750644588 -0.9869604401089358
0.7999999999999998 0.2119041445481502 -0.9869604401089358
0.8100000000000005 0.20537963860029812 -0.9869604401089358
0.8200000000000003 0.1989600376021152 -0.9869604401089358
0.8300000000000001 0.19263169594648738 -0.9869604401089358
0.8399999999999999 0.1864070261394534 -0.9869604401089358
0.8500000000000005 0.18029266210519035 -0.9869604401089358
0.8600000000000003 0.17428356038184378 -0.9869604401089358
0.8700000000000001 0.16836821334782556 -0.9869604401089358
0.8799999999999999 0.16255311127555647 -0.9869604401089358
0.8899999999999997 0.15683614712356378 -0.9869604401089358
0.9000000000000004 0.15122043858564674 -0.9869604401089358
0.9100000000000001 0.14571443895769662 -0.9869604401089358
0.9199999999999999 0.14031755614254932 -0.9869604401089358
0.9299999999999997 0.13502444179795367 -0.9869604401089358
0.9400000000000004 0.12983928209060674 -0.9869604401089358
0.9500000000000002 0.12476253045863167 -0.9869604401089358
0.96 0.11979446629382963 -0.9869604401089358
0.9699999999999998 0.11494352419026949 -0.9869604401089358
0.9800000000000004 0.11020960379525618 -0.9869604401089358
0.9900000000000002 0.10558732068455576 -0.9869604401089358
1.0 0.10107819233288595 -0.9869604401089358
1.0099999999999998 0.09668869033067438 0.0
1.0200000000000005 0.09261041572802572 0.0
1.0300000000000002 0.08882528276678218 0.0
1.04 0.08531398033232233 0.0
1.0499999999999998 0.08205382034615039 0.0
1.0600000000000005 0.0790403358353337 -0.9869604401089358
1.0700000000000003 0.07611030615557109 -0.9869604401089358
1.08 0.07325988605837026 -0.9869604401089358
1.0899999999999999 0.07049061152492343 -0.9869604401089358
1.1000000000000005 0.06780689050487004 -0.9869604401089358
1.1100000000000003 0.06520388239273708 -0.9869604401089358
1.12 0.06268525528329091 -0.9869604401089358
1.13 0.060254303729799015 -0.9869604401089358
1.1400000000000006 0.05791201309238087 -0.9869604401089358
1.1500000000000004 0.05564956989049341 -0.9869604401089358
1.1600000000000001 0.05346572765437379 -0.9869604401089358
1.17 0.0513529608257225 -0.9869604401089358
1.1799999999999997 0.049315732284570334 -0.9869604401089358
1.1900000000000004 0.047352931711547266 -0.9869604401089358
1.2000000000000002 0.04546342515835207 -0.9869604401089358
1.21 0.04363842317942327 -0.9869604401089358
1.2199999999999998 0.041881816699691626 -0.9869604401089358
1.2300000000000004 0.040189087119185306 -0.9869604401089358
1.2400000000000002 0.03856573384908978 -0.9869604401089358
1.25 0.03700807304738798 -0.9869604401089358
1.2599999999999998 0.03551132165198857 -0.9869604401089358
1.2700000000000005 0.034071461489411016 -0.9869604401089358
1.2800000000000002 0.03269195854201587 -0.9869604401089358
1.29 0.03136657740064519 -0.9869604401089358
1.2999999999999998 0.03009460890080979 -0.9869604401089358
1.3100000000000005 0.02887588854021309 -0.9869604401089358
1.3200000000000003 0.027708908111188677 -0.9869604401089358
1.33 0.02658316177865156 -0.9869604401089358
1.3399999999999999 0.02549865614787832 -0.9869604401089358
1.3500000000000005 0.024454375756087565 -0.9869604401089358
1.3600000000000003 0.023450421200605143 -0.9869604401089358
1.37 0.02248447127578141 -0.9869604401089358
1.38 0.02155267496962896 -0.9869604401089358
1.3900000000000006 0.020652179280520083 -0.9869604401089358
1.4000000000000004 0.019786049919709094 -0.9869604401089358
1.4100000000000001 0.01895398973170267 -0.9869604401089358
1.42 0.018155757375800757 -0.9869604401089358
1.4299999999999997 0.017388519875037384 -0.9869604401089358
1.4400000000000004 0.016646744174634815 -0.9869604401089358
1.4500000000000002 0.015930705025909774 -0.9869604401089358
1.46 0.015240712730427977 -0.9869604401089358
1.4699999999999998 0.014574831468460319 -0.9869604401089358
1.4800000000000004 0.013929863678230452 -0.9869604401089358
1.4900000000000002 0.013308139098156375 -0.9869604401089358
1.5 0.012707648890888839 -0.9869604401089358
1.5099999999999998 0.012124777449398758 -0.9869604401089358
1.5200000000000005 0.011561707423529601 -0.9869604401089358
1.5300000000000002 0.011018863752306799 -0.9869604401089358
1.54 0.010495046541653574 -0.9869604401089358
1.5499999999999998 0.009989666306534233 -0.9869604401089358
1.5600000000000005 0.009500977168863011 -0.9869604401089358
1.5700000000000003 0.00902770687718345 -0.9869604401089358
1.58 0.008572818018092369 -0.9869604401089358
1.5899999999999999 0.008137731118470428 -0.9869604401089358
1.6000000000000005 0.007721639558463459 -0.9869604401089358
1.6100000000000003 0.007321875124996903 -0.9869604401089358
1.62 0.006936681308724116 -0.9869604401089358
1.63 0.006567443353852964 -0.9869604401089358
1.6400000000000006 0.006214618931314995 -0.9869604401089358
1.6500000000000004 0.005875836280140099 -0.9869604401089358
1.6600000000000001 0.005550253203807564 -0.9869604401089358
1.67 0.00523771797011934 -0.9869604401089358
1.6799999999999997 0.004937970626984212 -0.9869604401089358
1.6900000000000004 0.0046514398311430895 -0.9869604401089358
1.7000000000000002 0.004380035802140673 -0.9869604401089358
1.71 0.0041222772067325015 -0.9869604401089358
1.7199999999999998 0.003877901737066267 -0.9869604401089358
1.7300000000000004 0.0036478160959458415 -0.9869604401089358
1.7400000000000002 0.003429833167563826 -0.9869604401089358
1.75 0.003223047499274927 -0.9869604401089358
1.7599999999999998 0.0030286361899216816 -0.9869604401089358
1.7700000000000005 0.002846715942503994 -0.9869604401089358
1.7800000000000002 0.0026752034893162673 -0.9869604401089358
1.79 0.002513951521670728 -0.9869604401089358
1.7999999999999998 0.002360795814730589 -0.9869604401089358
1.8100000000000005 0.0022168227222926253 -0.9869604401089358
1.8200000000000003 0.0020816807107699458 -0.9869604401089358
1.83 0.0019554832059903156 -0.9869604401089358
1.8399999999999999 0.0018362497971259881 -0.9869604401089358
1.8500000000000005 0.0017234064404852048 -0.9869604401089358
1.8600000000000003 0.0016169515489436088 -0.9869604401089358
1.87 0.001518637033824482 -0.9869604401089358
1.88 0.0014276067306686533 -0.9869604401089358
1.8900000000000006 0.001343424045973726 -0.9869604401089358
1.9000000000000004 0.001265331459191292 -0.9869604401089358
1.9100000000000001 0.0011929436753653482 -0.9869604401089358
1.92 0.0011253808398509263 -0.9869604401089358
1.9299999999999997 0.0010627607488709447 -0.9869604401089358
1.9400000000000004 0.0010043135803387102 -0.9869604401089358
1.9500000000000002 0.0009488238942543676 -0.9869604401089358
1.96 0.0008967514349854912 -0.9869604401089358
1.9699999999999998 0.0008477383323665128 -0.9869604401089358
1.9800000000000004 0.0008008246368947923 -0.9869604401089358
1.9900000000000002 0.0007566824982560028 -0.9869604401089358
2.0 0.0007156973738004005 -0.9869604401089358
2.01 0.0006772966786550038 -0.9869604401089358
2.0200000000000005 0.0006416278879860538 -0.9869604401089358
2.0300000000000002 0.0006078898206962754 -0.9869604401089358
2.04 0.0005758476301377673 -0.9869604401089358
2.05 0.0005460469775883158 -0.9869604401089358
2.0600000000000005 0.0005188710975136421 -0.9869604401089358
2.0700000000000003 0.0004937300557774139 -0.9869604401089358
2.08 0.0004699574949854011 -0.9869604401089358
2.09 0.00044698101188956534 -0.9869604401089358
2.1000000000000005 0.0004253078322298948 -0.9869604401089358
2.1100000000000003 0.0004048008763708323 -0.9869604401089358
2.12 0.00038537801051584175 -0.9869604401089358
2.13 0.00036659418700094764 -0.9869604401089358
2.1400000000000006 0.0003481004477179336 -0.9869604401089358
2.1500000000000004 0.0003300446298125042 -0.9869604401089358
2.16 0.00031322581225513905 -0.9869604401089358
2.17 0.00029751187175436664 -0.9869604401089358
2.1799999999999997 0.00028273064626176944 -0.9869604401089358
2.1900000000000004 0.00026914217901658703 -0.9869604401089358
2.2 0.0002564285267982597 -0.9869604401089358
2.21 0.00024443872765911014 -0.9869604401089358
2.2199999999999998 0.00023330842985295818 -0.9869604401089358
2.2300000000000004 0.0002227425059501813 -0.9869604401089358
2.24 0.0002126344599701074 -0.9869604401089358
2.25 0.00020319772504891643 -0.9869604401089358
2.26 0.00019412083054887907 -0.9869604401089358
2.2700000000000005 0.00018498461860344182 -0.9869604401089358
2.2800000000000002 0.0001761508189062997 -0.9869604401089358
2.29 0.0001676912435977369 -0.9869604401089358
2.3 0.00015970509794172228 -0.9869604401089358
2.3100000000000005 0.00015213249126213451 -0.9869604401089358
2.3200000000000003 0.0001447075052917211 -0.9869604401089358
2.33 0.00013730994738242813 -0.9869604401089358
2.34 0.00013046150714711828 -0.9869604401089358
2.3500000000000005 0.00012446586834538668 -0.9869604401089358
2.3600000000000003 0.00011917651296395269 -0.9869604401089358
2.37 0.00011442524097718457 -0.9869604401089358
2.38 0.00010984577938582266 -0.9869604401089358
2.3900000000000006 0.00010564060908580185 -0.9869604401089358
2.4000000000000004 0.00010167562246111665 -0.9869604401089358
2.41 9.806791860958187e-05 -0.9869604401089358
2.42 9.444587405327649e-05 -0.9869604401089358
2.4299999999999997 9.061467558354109e-05 -0.9869604401089358
2.4400000000000004 8.665918311650937e-05 -0.9869604401089358
2.45 8.292865531922873e-05 -0.9869604401089358
2.46 7.926767341015644e-05 -0.9869604401089358
2.4699999999999998 7.604053716739891e-05 -0.9869604401089358
2.4800000000000004 7.31944397981305e-05 -0.9869604401089358
2.49 7.058224261644244e-05 -0.9869604401089358
2.5 6.847914868826474e-05 -0.9869604401089358
2.51 6.66730852160081e-05 -0.9869604401089358
2.5200000000000005 6.502597679232344e-05 -0.9869604401089358
2.5300000000000002 6.36932406727013e-05 -0.9869604401089358
2.54 6.266622348972793e-05 -0.9869604401089358
2.55 6.169455833265064e-05 -0.9869604401089358
2.5600000000000005 6.085185662426914e-05 -0.9869604401089358
2.5700000000000003 5.974481751118763e-05 -0.9869604401089358
2.58 5.84798130728942e-05 -0.9869604401089358
2.59 5.717410873411819e-05 -0.9869604401089358
2.6000000000000005 5.5959709733921154e-05 -0.9869604401089358
2.6100000000000003 5.465493621945876e-05 -0.9869604401089358
2.62 5.3260644670166135e-05 -0.9869604401089358
2.63 5.177764585862209e-05 -0.9869604401089358
2.6400000000000006 5.049005024462109e-05 -0.9869604401089358
2.6500000000000004 4.9568120695452985e-05 -0.9869604401089358
2.66 4.900014707774769e-05 -0.9869604401089358
2.67 4.856762371670337e-05 -0.9869604401089358
2.6799999999999997 4.797678827253199e-05 -0.9869604401089358
2.6900000000000004 4.736716682578678e-05 -0.9869604401089358
2.7 4.6709154267729704e-05 -0.9869604401089358
2.71 4.6006489456817036e-05 -0.9869604401089358
2.7199999999999998 4.521359597082782e-05 -0.9869604401089358
2.7300000000000004 4.422669971355498e-05 -0.9869604401089358
2.74 4.295644053185954e-05 -0.9869604401089358
2.75 4.1725141541361345e-05 -0.9869604401089358
2.76 4.0419993770927264e-05 -0.9869604401089358
2.7700000000000005 3.903958179643755e-05 -0.9869604401089358
2.7800000000000002 3.771233141696861e-05 -0.9869604401089358
2.79 3.628622792213462e-05 -0.9869604401089358
2.8 3.4855276432551455e-05 -0.9869604401089358
2.8100000000000005 3.352506822801596e-05 -0.9869604401089358
2.8200000000000003 3.2168974634014236e-05 -0.9869604401089358
2.83 3.093406780470613e-05 -0.9869604401089358
2.84 2.9955229210788005e-05 -0.9869604401089358
2.8500000000000005 2.9091379604236845e-05 -0.9869604401089358
2.8600000000000003 2.8314721374864117e-05 -0.9869604401089358
2.87 2.7450077382383453e-05 -0.9869604401089358
2.88 2.638474496501571e-05 -0.9869604401089358
2.8900000000000006 2.5266646404428954e-05 -0.9869604401089358
2.9000000000000004 2.4113471229919727e-05 -0.9869604401089358
2.91 2.288372103940934e-05 -0.9869604401089358
2.92 2.1515118352694893e-05 -0.9869604401089358
2.9300000000000006 2.0004862464169947e-05 -0.9869604401089358
2.9400000000000004 1.8546860023516055e-05 -0.9869604401089358
2.95 1.727508358860482e-05 -0.9869604401089358
2.96 1.6288053603565435e-05 -0.9869604401089358
2.9699999999999998 1.5485758955166358e-05 -0.9869604401089358
2.9800000000000004 1.4759361680195242e-05 -0.9869604401089358
2.99 1.4129797448556138e-05 -0.9869604401089358
3.0 1.3663769369594124e-05 -0.9869604401089358
3.01 1.3298500503211605e-05 -0.9869604401089358
3.0199999999999996 1.304173497731915e-05 -0.9869604401089358
3.0299999999999994 1.2715176598135674e-05 -0.9869604401089358
3.040000000000001 1.2227120668621449e-05 -0.9869604401089358
3.0500000000000007 1.1680803725856556e-05 -0.9869604401089358
3.0600000000000005 1.1017751128483852e-05 -0.9869604401089358
3.0700000000000003 1.0308568138450035e-05 -0.9869604401089358
3.08 9.614239881622046e-06 -0.9869604401089358
3.09 8.948257311675542e-06 -0.9869604401089358
3.0999999999999996 8.371453024201987e-06 -0.9869604401089358
3.1099999999999994 8.012817275232679e-06 -0.9869604401089358
3.120000000000001 7.766358346857594e-06 -0.9869604401089358
3.130000000000001 7.693573224410051e-06 -0.9869604401089358
3.1400000000000006 7.772618211766893e-06 -0.9869604401089358
3.1500000000000004 7.92100169857212e-06 -0.9869604401089358
3.16 8.137008842805726e-06 -0.9869604401089358
3.17 8.304704425666212e-06 -0.9869604401089358
3.1799999999999997 8.32906763134357e-06 -0.9869604401089358
3.1899999999999995 8.249507272067273e-06 -0.9869604401089358
3.1999999999999993 8.150925145148803e-06 -0.9869604401089358
3.210000000000001 8.01998501492228e-06 -0.9869604401089358
3.2200000000000006 7.937489978261464e-06 -0.9869604401089358
3.2300000000000004 7.773859931733455e-06 -0.9869604401089358
3.24 7.5411134084021814e-06 -0.9869604401089358
3.25 7.31049652943715e-06 -0.9869604401089358
3.26 7.1593944316076464e-06 -0.9869604401089358
3.2699999999999996 7.113104488863454e-06 -0.9869604401089358
3.2799999999999994 7.133872666710746e-06 -0.9869604401089358
3.290000000000001 7.150712955789526e-06 -0.9869604401089358
3.3000000000000007 7.153100632349308e-06 -0.9869604401089358
3.3100000000000005 7.232719782756231e-06 -0.9869604401089358
3.3200000000000003 7.378078831782421e-06 -0.9869604401089358
3.33 7.567172122589664e-06 -0.9869604401089358
3.34 7.686169725014866e-06 -0.9869604401089358
3.3499999999999996 7.696641262758001e-06 -0.9869604401089358
3.3599999999999994 7.575048253792653e-06 -0.9869604401089358
3.370000000000001 7.410208245488127e-06 -0.9869604401089358
3.380000000000001 7.185408405250666e-06 -0.9869604401089358
3.3900000000000006 6.899613092352201e-06 -0.9869604401089358
3.4000000000000004 6.5656475005948715e-06 -0.9869604401089358
3.41 6.1909978858882355e-06 -0.9869604401089358
3.42 5.824333931637874e-06 -0.9869604401089358
3.4299999999999997 5.521969100564596e-06 -0.9869604401089358
3.4399999999999995 5.268690009714801e-06 -0.9869604401089358
3.4499999999999993 5.113130053684801e-06 -0.9869604401089358
3.460000000000001 5.072582677041455e-06 -0.9869604401089358
3.4700000000000006 5.100818934658105e-06 -0.9869604401089358
3.4800000000000004 5.1914904617976986e-06 -0.9869604401089358
3.49 5.23763713740735e-06 -0.9869604401089358
3.5 5.213736278044601e-06 -0.9869604401089358
3.51 5.115321870413049e-06 -0.9869604401089358
3.5199999999999996 4.933382924000748e-06 -0.9869604401089358
3.5299999999999994 4.620377223963949e-06 -0.9869604401089358
3.540000000000001 4.202575956426286e-06 -0.9869604401089358
3.5500000000000007 3.666976455852094e-06 -0.9869604401089358
3.5600000000000005 3.1557663253619012e-06 -0.9869604401089358
3.5700000000000003 2.753057445453922e-06 -0.9869604401089358
3.58 2.503598943493933e-06 -0.9869604401089358
3.59 2.3859888639133697e-06 -0.9869604401089358
3.5999999999999996 2.3461924547120604e-06 -0.9869604401089358
3.6099999999999994 2.362848183647431e-06 -0.9869604401089358
3.620000000000001 2.429853546812501e-06 -0.9869604401089358
3.630000000000001 2.5523528588723645e-06 -0.9869604401089358
3.6400000000000006 2.6498540758024076e-06 -0.9869604401089358
3.6500000000000004 2.6851909697720298e-06 -0.9869604401089358
3.66 2.610696697164242e-06 -0.9869604401089358
3.67 2.455444486080008e-06 -0.9869604401089358
3.6799999999999997 2.2602406707088305e-06 -0.9869604401089358
3.6899999999999995 2.065563235022054e-06 -0.9869604401089358
3.700000000000001 1.857499377841266e-06 -0.9869604401089358
3.710000000000001 1.648554215792315e-06 -0.9869604401089358
3.7200000000000006 1.4533721085627788e-06 -0.9869604401089358
3.7300000000000004 1.2916044707547334e-06 -0.9869604401089358
3.74 1.2226205994673905e-06 -0.9869604401089358
3.75 1.2277381322307758e-06 -0.9869604401089358
3.76 1.3057614048075888e-06 -0.9869604401089358
3.7699999999999996 1.4472716636081295e-06 -0.9869604401089358
3.7799999999999994 1.6054674529278837e-06 -0.9869604401089358
3.790000000000001 1.7806245326413274e-06 -0.9869604401089358
3.8000000000000007 1.9337074305649852e-06 -0.9869604401089358
3.8100000000000005 2.0219708643914585e-06 -0.9869604401089358
3.8200000000000003 2.0581433228498795e-06 -0.9869604401089358
3.83 2.0571316879325033e-06 -0.9869604401089358
3.84 2.0045277000444774e-06 -0.9869604401089358
3.8499999999999996 1.9509315616172793e-06 -0.9869604401089358
3.8599999999999994 1.8383862064526364e-06 -0.9869604401089358
3.870000000000001 1.6947477804126558e-06 -0.9869604401089358
3.880000000000001 1.5643378419822894e-06 -0.9869604401089358
3.8900000000000006 1.467313131462242e-06 -0.9869604401089358
3.9000000000000004 1.4415440099404486e-06 -0.9869604401089358
3.91 1.4642273490185073e-06 -0.9869604401089358
3.92 1.4994697076221043e-06 -0.9869604401089358
3.9299999999999997 1.5622412463134828e-06 -0.9869604401089358
3.9399999999999995 1.682808277666876e-06 -0.9869604401089358
3.950000000000001 1.8502646848804553e-06 -0.9869604401089358
3.960000000000001 2.055016736996172e-06 -0.9869604401089358
3.9700000000000006 2.201322170148516e-06 -0.9869604401089358
3.9800000000000004 2.243857262949227e-06 -0.9869604401089358
3.99 2.181724749850994e-06 -0.9869604401089358
4.0 2.0688113849449608e-06 -0.9869604401089358
4.01 1.909664147627279e-06 -0.9869604401089358
4.02 1.7393729508577542e-06 -0.9869604401089358
4.029999999999999 1.5293903977887286e-06 -0.9869604401089358
4.040000000000001 1.3021495381507032e-06 -0.9869604401089358
4.050000000000001 1.1120640965924025e-06 -0.9869604401089358
4.0600000000000005 1.0014518736408745e-06 -0.9869604401089358
4.07 9.849206624826056e-07 -0.9869604401089358
4.08 1.0587688734256154e-06 -0.9869604401089358
4.09 1.174516775154646e-06 -0.9869604401089358
4.1 1.315883609274793e-06 -0.9869604401089358
4.109999999999999 1.4596426675291623e-06 -0.9869604401089358
4.120000000000001 1.5676072427151057e-06 -0.9869604401089358
4.130000000000001 1.6292286059696042e-06 -0.9869604401089358
4.140000000000001 1.6012227143625088e-06 -0.9869604401089358
4.15 1.4865839352726728e-06 -0.9869604401089358
4.16 1.298004372988006e-06 -0.9869604401089358
4.17 1.046338958637456e-06 -0.9869604401089358
4.18 7.831895550207974e-07 -0.9869604401089358
4.1899999999999995 5.410790996150365e-07 -0.9869604401089358
4.200000000000001 3.6968343344034556e-07 -0.9869604401089358
4.210000000000001 2.9571445346786415e-07 -0.9869604401089358
4.220000000000001 3.073899452466866e-07 -0.9869604401089358
4.23 3.881812367915929e-07 -0.9869604401089358
4.24 5.053268741785119e-07 -0.9869604401089358
4.25 6.288099009965197e-07 -0.9869604401089358
4.26 7.58147833953338e-07 -0.9869604401089358
4.27 8.749752341725926e-07 -0.9869604401089358
4.279999999999999 9.386266759179664e-07 -0.9869604401089358
4.290000000000001 9.558121488382325e-07 -0.9869604401089358
4.300000000000001 8.876974242746847e-07 -0.9869604401089358
4.3100000000000005 7.645540229653533e-07 -0.9869604401089358
4.32 6.191485123538612e-07 -0.9869604401089358
4.33 4.742779138893637e-07 -0.9869604401089358
4.34 3.4994890593470417e-07 -0.9869604401089358
4.35 2.5166609224265703e-07 -0.9869604401089358
4.359999999999999 1.794298595045107e-07 -0.9869604401089358
4.370000000000001 1.4802159711093098e-07 -0.9869604401089358
4.380000000000001 1.7714405773307844e-07 -0.9869604401089358
4.390000000000001 2.6330808635502755e-07 -0.9869604401089358
4.4 3.925701413248437e-07 -0.9869604401089358
4.41 5.389274497916196e-07 -0.9869604401089358
4.42 6.543221791457138e-07 -0.9869604401089358
4.43 7.498520240171203e-07 -0.9869604401089358
4.4399999999999995 8.07291725218999e-07 -0.9869604401089358
4.450000000000001 8.3840283177068e-07 -0.9869604401089358
4.460000000000001 8.381083021732103e-07 -0.9869604401089358
4.470000000000001 8.054785374746294e-07 -0.9869604401089358
4.48 7.334837820534325e-07 -0.9869604401089358
4.49 6.456782981073303e-07 -0.9869604401089358
4.5 5.338346336612699e-07 -0.9869604401089358
4.51 4.2878774005580335e-07 -0.9869604401089358
4.52 3.3495736700325817e-07 -0.9869604401089358
4.529999999999999 2.7653845004425255e-07 -0.9869604401089358
4.540000000000001 2.724833366697107e-07 -0.9869604401089358
4.550000000000001 3.1476355560270886e-07 -0.9869604401089358
4.5600000000000005 4.0674176061611364e-07 -0.9869604401089358
4.57 5.355177191123544e-07 -0.9869604401089358
4.58 6.81384343856713e-07 -0.9869604401089358
4.59 8.520997968215916e-07 -0.9869604401089358
4.6 9.973027049850365e-07 -0.9869604401089358
4.609999999999999 1.0784804023287049e-06 -0.9869604401089358
4.620000000000001 1.070254844162714e-06 -0.9869604401089358
4.630000000000001 9.569876180100046e-07 -0.9869604401089358
4.640000000000001 7.800356817673346e-07 -0.9869604401089358
4.65 5.866764769726629e-07 -0.9869604401089358
4.66 3.990972274566739e-07 -0.9869604401089358
4.67 2.3807181491311875e-07 -0.9869604401089358
4.68 1.2192522007348903e-07 -0.9869604401089358
4.6899999999999995 7.564094883361314e-08 -0.9869604401089358
4.700000000000001 1.2157423228391734e-07 -0.9869604401089358
4.710000000000001 2.5684379120075687e-07 -0.9869604401089358
4.720000000000001 4.523408063650067e-07 -0.9869604401089358
4.73 6.431208313196143e-07 -0.9869604401089358
4.74 8.013083930952574e-07 -0.9869604401089358
4.75 9.012335777734907e-07 -0.9869604401089358
4.76 9.28407990315807e-07 -0.9869604401089358
4.77 8.825216500930665e-07 -0.9869604401089358
4.779999999999999 7.700533895962971e-07 -0.9869604401089358
4.790000000000001 5.939617841134601e-07 -0.9869604401089358
4.800000000000001 4.0163987660454114e-07 -0.9869604401089358
4.8100000000000005 2.277572727883726e-07 -0.9869604401089358
4.82 9.321247649972646e-08 -0.9869604401089358
4.83 1.7429471728197293e-08 -0.9869604401089358
4.84 2.5416625925622025e-09 -0.9869604401089358
4.85 4.975057808735719e-08 -0.9869604401089358
4.859999999999999 1.488768649561897e-07 -0.9869604401089358
4.870000000000001 2.748300824795163e-07 -0.9869604401089358
4.880000000000001 4.062527035924902e-07 -0.9869604401089358
4.890000000000001 5.045924449371826e-07 -0.9869604401089358
4.9 5.735008805423735e-07 -0.9869604401089358
4.91 6.174895764354243e-07 -0.9869604401089358
4.92 6.256542862499109e-07 -0.9869604401089358
4.93 6.046348759281734e-07 -0.9869604401089358
4.9399999999999995 5.400424540449637e-07 -0.9869604401089358
4.950000000000001 4.2480753189269966e-07 -0.9869604401089358
4.960000000000001 2.940124737486633e-07 -0.9869604401089358
4.970000000000001 1.6855625303036333e-07 -0.9869604401089358
4.98 7.170554643803375e-08 -0.9869604401089358
4.99 1.810708558007783e-08 -0.9869604401089358
