-5.0 2.433288606036227e-06 -0.9869604401089358
-4.99 9.69951093896158e-06 -0.9869604401089358
-4.98 2.151337334378443e-05 -0.9869604401089358
-4.97 3.755933868264728e-05 -0.9869604401089358
-4.96 5.728069499081142e-05 -0.9869604401089358
-4.95 7.991870229874355e-05 -0.9869604401089358
-4.94 0.00010476828718284037 -0.9869604401089358
-4.93 0.0001313099845321638 -0.9869604401089358
-4.92 0.0001587783326408494 -0.9869604401089358
-4.91 0.00018664823005877764 -0.9869604401089358
-4.9 0.00021447094494288297 -0.9869604401089358
-4.89 0.00024129960097933443 -0.9869604401089358
-4.88 0.0002667197570697102 -0.9869604401089358
-4.87 0.00029042641605340124 -0.9869604401089358
-4.86 0.0003119991764820587 -0.9869604401089358
-4.85 0.00033143868518947507 -0.9869604401089358
-4.84 0.0003488257902426983 -0.9869604401089358
-4.83 0.0003637334132651576 -0.9869604401089358
-4.82 0.0003760403793521894 -0.9869604401089358
-4.81 0.00038600708517896865 -0.9869604401089358
-4.8 0.0003934280052246706 -0.9869604401089358
-4.79 0.00039842895514271735 -0.9869604401089358
-4.78 0.0004007776401027864 -0.9869604401089358
-4.77 0.0003999460201941463 -0.9869604401089358
-4.76 0.0003958011183857108 -0.9869604401089358
-4.75 0.0003887570935941841 -0.9869604401089358
-4.74 0.00037864009436696457 -0.9869604401089358
-4.73 0.00036560553305286863 -0.9869604401089358
-4.72 0.00035001042275801527 -0.9869604401089358
-4.71 0.00033120933167595233 -0.9869604401089358
-4.7 0.00030930690178129186 -0.9869604401089358
-4.69 0.00028476164320156316 -0.9869604401089358
-4.68 0.0002584078687871081 -0.9869604401089358
-4.67 0.00023108093864684915 -0.9869604401089358
-4.66 0.00020337006629527336 -0.9869604401089358
-4.65 0.00017551366861451672 -0.9869604401089358
-4.64 0.0001482277245300523 -0.9869604401089358
-4.63 0.00012224218538788072 -0.9869604401089358
-4.62 9.828165857854061e-05 -0.9869604401089358
-4.61 7.674876699798344e-05 -0.9869604401089358
-4.6 5.824002536649569e-05 -0.9869604401089358
-4.59 4.256797867586514e-05 -0.9869604401089358
-4.58 2.9848070859072698e-05 -0.9869604401089358
-4.57 2.0092527997006844e-05 -0.9869604401089358
-4.56 1.3459108150911044e-05 -0.9869604401089358
-4.55 9.880624969065947e-06 -0.9869604401089358
-4.54 9.231858669892124e-06 -0.9869604401089358
-4.53 1.1246399852514818e-05 -0.9869604401089358
-4.52 1.5807690522441255e-05 -0.9869604401089358
-4.51 2.2594088861477442e-05 -0.9869604401089358
-4.5 3.133538589027761e-05 -0.9869604401089358
-4.49 4.170802806613053e-05 -0.9869604401089358
-4.48 5.326868027074172e-05 -0.9869604401089358
-4.47 6.59849393382717e-05 -0.9869604401089358
-4.46 7.978432336687846e-05 -0.9869604401089358
-4.45 9.440350929346323e-05 -0.9869604401089358
-4.4399999999999995 0.00010978051981162671 -0.9869604401089358
-4.43 0.00012544318105807761 -0.9869604401089358
-4.42 0.0001410443342870478 -0.9869604401089358
-4.41 0.0001567851678917821 -0.9869604401089358
-4.4 0.00017276765746829942 -0.9869604401089358
-4.39 0.0001890134210034664 -0.9869604401089358
-4.38 0.00020501761565761624 -0.9869604401089358
-4.37 0.0002204819008268851 -0.9869604401089358
-4.36 0.00023517381913362172 -0.9869604401089358
-4.35 0.0002488921610947629 -0.9869604401089358
-4.34 0.00026162031112834407 -0.9869604401089358
-4.33 0.00027303899010096874 -0.9869604401089358
-4.32 0.00028281528931536 -0.9869604401089358
-4.31 0.000290501925280492 -0.9869604401089358
-4.3 0.00029555723086632844 -0.9869604401089358
-4.29 0.0002981632110382852 -0.9869604401089358
-4.28 0.0002990654012661251 -0.9869604401089358
-4.27 0.00029794244110101627 -0.9869604401089358
-4.26 0.00029540205407384274 -0.9869604401089358
-4.25 0.000291176546233094 -0.9869604401089358
-4.24 0.00028544070106046985 -0.9869604401089358
-4.23 0.0002787776893720534 -0.9869604401089358
-4.22 0.0002716867702489108 -0.9869604401089358
-4.21 0.00026389963776308583 -0.9869604401089358
-4.2 0.00025586879657003543 -0.9869604401089358
-4.1899999999999995 0.00024686686327746985 -0.9869604401089358
-4.18 0.00023751331233930195 -0.9869604401089358
-4.17 0.0002279451054062907 -0.9869604401089358
-4.16 0.0002182356332024696 -0.9869604401089358
-4.15 0.00020856236589097315 -0.9869604401089358
-4.14 0.00019932204110250978 -0.9869604401089358
-4.13 0.00019032322906543104 -0.9869604401089358
-4.12 0.00018201607385406407 -0.9869604401089358
-4.11 0.00017460347939221316 -0.9869604401089358
-4.1 0.0001684536249915315 -0.9869604401089358
-4.09 0.00016360858920735563 -0.9869604401089358
-4.08 0.00015997038491645307 -0.9869604401089358
-4.07 0.00015775795486304984 -0.9869604401089358
-4.06 0.00015723070053988281 -0.9869604401089358
-4.05 0.00015875938984413456 -0.9869604401089358
-4.04 0.00016240676863476107 -0.9869604401089358
-4.03 0.00016788316774899128 -0.9869604401089358
-4.02 0.00017492193057788382 -0.9869604401089358
-4.01 0.00018331677470353997 -0.9869604401089358
-4.0 0.0001932078834067059 -0.9869604401089358
-3.99 0.00020494394125001285 -0.9869604401089358
-3.98 0.0002184401087479977 -0.9869604401089358
-3.9699999999999998 0.00023335961148933542 -0.9869604401089358
-3.96 0.00024957957387078557 -0.9869604401089358
-3.95 0.00026677379398753917 -0.9869604401089358
-3.94 0.0002849280024146241 -0.9869604401089358
-3.9299999999999997 0.0003037049141692687 -0.9869604401089358
-3.92 0.0003232662246088024 -0.9869604401089358
-3.91 0.0003438951981047723 -0.9869604401089358
-3.9 0.00036534378631897116 -0.9869604401089358
-3.8899999999999997 0.0003877157049290518 -0.9869604401089358
-3.88 0.00041080438319527506 -0.9869604401089358
-3.87 0.00043476421518195106 -0.9869604401089358
-3.86 0.00045950896782443915 -0.9869604401089358
-3.8499999999999996 0.00048587590069426497 -0.9869604401089358
-3.84 0.0005133591130198838 -0.9869604401089358
-3.83 0.0005423725260424717 -0.9869604401089358
-3.8200000000000003 0.0005722573205165245 -0.9869604401089358
-3.81 0.000603138287720115 -0.9869604401089358
-3.8 0.0006345243914232365 -0.9869604401089358
-3.79 0.0006663430432120341 -0.9869604401089358
-3.7800000000000002 0.000697335718083634 -0.9869604401089358
-3.77 0.0007277797103428657 -0.9869604401089358
-3.76 0.0007567449645975443 -0.9869604401089358
-3.75 0.000783804017689841 -0.9869604401089358
-3.74 0.0008086494967483249 -0.9869604401089358
-3.73 0.0008317705084174539 -0.9869604401089358
-3.7199999999999998 0.0008527547887988043 -0.9869604401089358
-3.71 0.0008716537139375486 -0.9869604401089358
-3.7 0.0008885791606756654 -0.9869604401089358
-3.69 0.0009035340234015317 -0.9869604401089358
-3.6799999999999997 0.0009170516458954194 -0.9869604401089358
-3.67 0.0009298372005494647 -0.9869604401089358
-3.66 0.0009419426023893835 -0.9869604401089358
-3.65 0.000953102611498809 -0.9869604401089358
-3.6399999999999997 0.0009634877856482128 -0.9869604401089358
-3.63 0.0009730166948565854 -0.9869604401089358
-3.62 0.0009823969129495534 -0.9869604401089358
-3.61 0.0009915565076039736 -0.9869604401089358
-3.5999999999999996 0.0009998013926141073 -0.9869604401089358
-3.59 0.0010073730369334793 -0.9869604401089358
-3.58 0.0010144359861165959 -0.9869604401089358
-3.5700000000000003 0.0010207414643657378 -0.9869604401089358
-3.56 0.0010261195277537303 -0.9869604401089358
-3.55 0.001031360841206297 -0.9869604401089358
-3.54 0.0010363891603715118 -0.9869604401089358
-3.5300000000000002 0.0010425011902230946 -0.9869604401089358
-3.52 0.0010506248287664019 -0.9869604401089358
-3.51 0.0010601763239625201 -0.9869604401089358
-3.5 0.0010709458860814706 -0.9869604401089358
-3.49 0.001082569251911564 -0.9869604401089358
-3.48 0.0010966642062848293 -0.9869604401089358
-3.4699999999999998 0.0011146574626375956 -0.9869604401089358
-3.46 0.0011385323252588774 -0.9869604401089358
-3.45 0.0011683609683043983 -0.9869604401089358
-3.44 0.0012042463652230623 -0.9869604401089358
-3.4299999999999997 0.0012456341797018253 -0.9869604401089358
-3.42 0.0012920557368734788 -0.9869604401089358
-3.41 0.0013440467389799755 -0.9869604401089358
-3.4 0.001402214685465117 -0.9869604401089358
-3.3899999999999997 0.0014657293402529621 -0.9869604401089358
-3.38 0.0015333319234056503 -0.9869604401089358
-3.37 0.001604191381727127 -0.9869604401089358
-3.36 0.0016762650444348626 -0.9869604401089358
-3.3499999999999996 0.0017490178011537354 -0.9869604401089358
-3.34 0.0018218946475043812 -0.9869604401089358
-3.33 0.0018940612070212047 -0.9869604401089358
-3.3200000000000003 0.0019641252268857317 -0.9869604401089358
-3.31 0.0020316566798009974 -0.9869604401089358
-3.3 0.002096379001576637 -0.9869604401089358
-3.29 0.002158680531815387 -0.9869604401089358
-3.2800000000000002 0.00221777007333629 -0.9869604401089358
-3.27 0.002273241562994041 -0.9869604401089358
-3.26 0.0023250358192593483 -0.9869604401089358
-3.25 0.0023737379224950277 -0.9869604401089358
-3.24 0.002419684901047634 -0.9869604401089358
-3.23 0.002462789477262108 -0.9869604401089358
-3.2199999999999998 0.002502108075155093 -0.9869604401089358
-3.21 0.002536351828897192 -0.9869604401089358
-3.2 0.0025661592378435822 -0.9869604401089358
-3.19 0.0025927575294205957 -0.9869604401089358
-3.1799999999999997 0.002616727356293849 -0.9869604401089358
-3.17 0.0026367695452206106 -0.9869604401089358
-3.16 0.002652566488429123 -0.9869604401089358
-3.15 0.0026633451565032155 -0.9869604401089358
-3.1399999999999997 0.0026695914811551923 -0.9869604401089358
-3.13 0.002672129237945683 -0.9869604401089358
-3.12 0.002671096690610264 -0.9869604401089358
-3.11 0.0026678992835069662 -0.9869604401089358
-3.0999999999999996 0.0026623857004137285 -0.9869604401089358
-3.09 0.002656717478081258 -0.9869604401089358
-3.08 0.0026518116473804123 -0.9869604401089358
-3.0700000000000003 0.0026483073150962494 -0.9869604401089358
-3.06 0.002646918680381837 -0.9869604401089358
-3.05 0.0026499652560782383 -0.9869604401089358
-3.04 0.0026577601270466934 -0.9869604401089358
-3.0300000000000002 0.0026720312590652147 -0.9869604401089358
-3.02 0.0026945514162814116 -0.9869604401089358
-3.01 0.0027254197766701373 -0.9869604401089358
-3.0 0.0027649261297518412 -0.9869604401089358
-2.9899999999999998 0.0028125267462637974 -0.9869604401089358
-2.98 0.002867882985006981 -0.9869604401089358
-2.9699999999999998 0.0029306399925556003 -0.9869604401089358
-2.96 0.0030004179344874414 -0.9869604401089358
-2.95 0.0030760711220933034 -0.9869604401089358
-2.94 0.0031577067013369505 -0.9869604401089358
-2.93 0.0032438087580705165 -0.9869604401089358
-2.92 0.003332423721926411 -0.9869604401089358
-2.91 0.0034230777802488474 -0.9869604401089358
-2.9 0.003516377091022698 -0.9869604401089358
-2.89 0.0036106341013340416 -0.9869604401089358
-2.88 0.0037052839105938063 -0.9869604401089358
-2.87 0.003799649179504339 -0.9869604401089358
-2.86 0.0038924156375131796 -0.9869604401089358
-2.85 0.003984412196254755 -0.9869604401089358
-2.84 0.004077040647919288 -0.9869604401089358
-2.83 0.00416927785793042 -0.9869604401089358
-2.82 0.004260855092806079 -0.9869604401089358
-2.81 0.004352443207794237 -0.9869604401089358
-2.8 0.0044408973262499325 -0.9869604401089358
-2.79 0.004525197160148746 -0.9869604401089358
-2.78 0.004605153156817884 -0.9869604401089358
-2.77 0.004680722294199148 -0.9869604401089358
-2.76 0.004752406941527999 -0.9869604401089358
-2.75 0.004819576266446601 -0.9869604401089358
-2.7399999999999998 0.004879691614080364 -0.9869604401089358
-2.73 0.004932062157612645 -0.9869604401089358
-2.7199999999999998 0.0049775345049451235 -0.9869604401089358
-2.71 0.005015691326260074 -0.9869604401089358
-2.6999999999999997 0.005050078207752714 -0.9869604401089358
-2.69 0.005080534755915918 -0.9869604401089358
-2.68 0.005106210529294959 -0.9869604401089358
-2.67 0.005127694809555638 -0.9869604401089358
-2.66 0.005147455725428098 -0.9869604401089358
-2.65 0.005165664956943784 -0.9869604401089358
-2.64 0.005184679141420614 -0.9869604401089358
-2.63 0.005206664928361497 -0.9869604401089358
-2.62 0.005232987794824982 -0.9869604401089358
-2.61 0.005265211921650282 -0.9869604401089358
-2.6 0.005304405528364734 -0.9869604401089358
-2.59 0.005350926250584815 -0.9869604401089358
-2.58 0.0054030163156684 -0.9869604401089358
-2.57 0.005461998446826501 -0.9869604401089358
-2.56 0.00553114183695127 -0.9869604401089358
-2.55 0.00561258535136714 -0.9869604401089358
-2.54 0.005706435999096011 -0.9869604401089358
-2.53 0.0058098882402776945 -0.9869604401089358
-2.52 0.0059208155752090265 -0.9869604401089358
-2.51 0.006040717201518091 -0.9869604401089358
-2.5 0.006171315938253447 -0.9869604401089358
-2.4899999999999998 0.006313847822265545 -0.9869604401089358
-2.48 0.006467408074916861 -0.9869604401089358
-2.4699999999999998 0.006630175130895124 -0.9869604401089358
-2.46 0.006802252086475767 -0.9869604401089358
-2.4499999999999997 0.006983414968686084 -0.9869604401089358
-2.44 0.007174177242344969 -0.9869604401089358
-2.43 0.007375831839600515 -0.9869604401089358
-2.42 0.007587827026786213 -0.9869604401089358
-2.41 0.007808341015600394 -0.9869604401089358
-2.4 0.008035726721541306 -0.9869604401089358
-2.39 0.008268339837156621 -0.9869604401089358
-2.38 0.00850437499591051 -0.9869604401089358
-2.37 0.008742216832651114 -0.9869604401089358
-2.36 0.00898126781468718 -0.9869604401089358
-2.35 0.009221786310218819 -0.9869604401089358
-2.34 0.00946317521226365 -0.9869604401089358
-2.33 0.009706647432803063 -0.9869604401089358
-2.32 0.009951904984325242 -0.9869604401089358
-2.31 0.010197554016282206 -0.9869604401089358
-2.3 0.01044165025118737 -0.9869604401089358
-2.29 0.010684879826701354 -0.9869604401089358
-2.28 0.010930474744054066 -0.9869604401089358
-2.27 0.01117920002305226 -0.9869604401089358
-2.26 0.011432200260692606 -0.9869604401089358
-2.25 0.011691349265706521 -0.9869604401089358
-2.2399999999999998 0.011958403306834543 -0.9869604401089358
-2.23 0.012228496784994087 -0.9869604401089358
-2.2199999999999998 0.012505302756419007 -0.9869604401089358
-2.21 0.012787964493800631 -0.9869604401089358
-2.1999999999999997 0.013075791497678799 -0.9869604401089358
-2.19 0.013368519159244875 -0.9869604401089358
-2.18 0.013670859664141678 -0.9869604401089358
-2.17 0.013980405128059106 -0.9869604401089358
-2.16 0.014303217243533969 -0.9869604401089358
-2.15 0.01464040736202124 -0.9869604401089358
-2.14 0.014990001902205818 -0.9869604401089358
-2.13 0.015351980663387969 -0.9869604401089358
-2.12 0.015729993480960137 -0.9869604401089358
-2.11 0.016124116457885578 -0.9869604401089358
-2.1 0.016537771472686976 -0.9869604401089358
-2.09 0.016971846846482765 -0.9869604401089358
-2.08 0.01742204206394327 -0.9869604401089358
-2.07 0.017892343627859512 -0.9869604401089358
-2.06 0.018386374917728664 -0.9869604401089358
-2.05 0.018902805460310465 -0.9869604401089358
-2.04 0.019442321375281225 -0.9869604401089358
-2.03 0.020002908063945085 -0.9869604401089358
-2.02 0.020582276549866087 -0.9869604401089358
-2.01 0.021180627591758854 -0.9869604401089358
-2.0 0.021795852499029055 -0.9869604401089358
-1.9899999999999998 0.022426275014531007 -0.9869604401089358
-1.98 0.023075598953316644 -0.9869604401089358
-1.9699999999999998 0.023742737479930078 -0.9869604401089358
-1.96 0.02442898868145053 -0.9869604401089358
-1.9499999999999997 0.025131226650884044 -0.9869604401089358
-1.94 0.02584750245807421 -0.9869604401089358
-1.9299999999999997 0.026577561602531972 -0.9869604401089358
-1.92 0.02732496575153449 -0.9869604401089358
-1.9100000000000001 0.028095914498303346 -0.9869604401089358
-1.9 0.0288907707445677 -0.9869604401089358
-1.8900000000000001 0.029710638883743947 -0.9869604401089358
-1.88 0.03055754325218303 -0.9869604401089358
-1.87 0.03143635533878154 -0.9869604401089358
-1.8599999999999999 0.03234111020773029 -0.9869604401089358
-1.85 0.03327479032375081 -0.9869604401089358
-1.8399999999999999 0.034233453253088617 -0.9869604401089358
-1.83 0.03521385124968686 -0.9869604401089358
-1.8199999999999998 0.0362108279889536 -0.9869604401089358
-1.81 0.03723250589574193 -0.9869604401089358
-1.7999999999999998 0.0382709143551658 -0.9869604401089358
-1.79 0.039326653162901994 -0.9869604401089358
-1.7799999999999998 0.04039391209611196 -0.9869604401089358
-1.77 0.041475763945630725 -0.9869604401089358
-1.7599999999999998 0.04256638112490311 -0.9869604401089358
-1.75 0.043671666928507075 -0.9869604401089358
-1.7399999999999998 0.04478983510752069 -0.9869604401089358
-1.73 0.045918601038706 -0.9869604401089358
-1.7199999999999998 0.047057444469621144 -0.9869604401089358
-1.71 0.04821675195693016 -0.9869604401089358
-1.6999999999999997 0.04939546919340427 -0.9869604401089358
-1.69 0.05059662556313505 -0.9869604401089358
-1.6799999999999997 0.05181105241776926 -0.9869604401089358
-1.67 0.0530363399490815 -0.9869604401089358
-1.6600000000000001 0.054282291621617254 -0.9869604401089358
-1.65 0.05555228745576256 -0.9869604401089358
-1.6400000000000001 0.05685026734262384 -0.9869604401089358
-1.63 0.05817165172048802 -0.9869604401089358
-1.62 0.05950729444464644 -0.9869604401089358
-1.6099999999999999 0.06086273433166228 -0.9869604401089358
-1.6 0.06224536033495461 -0.9869604401089358
-1.5899999999999999 0.06365256956533645 -0.9869604401089358
-1.58 0.06508683102130451 -0.9869604401089358
-1.5699999999999998 0.06654025695061017 -0.9869604401089358
-1.56 0.06801145752369919 -0.9869604401089358
-1.5499999999999998 0.06951312379822308 -0.9869604401089358
-1.54 0.07104496252090753 -0.9869604401089358
-1.5299999999999998 0.07260930071057171 -0.9869604401089358
-1.52 0.07421149005823634 -0.9869604401089358
-1.5099999999999998 0.075860113365282 -0.9869604401089358
-1.5 0.07755611430828371 -0.9869604401089358
-1.4899999999999998 0.07930610517153686 -0.9869604401089358
-1.48 0.08110633355965677 -0.9869604401089358
-1.4699999999999998 0.08295273601211527 -0.9869604401089358
-1.46 0.08484555474006035 -0.9869604401089358
-1.4499999999999997 0.08679299153488318 -0.9869604401089358
-1.44 0.08879710782137686 -0.9869604401089358
-1.4299999999999997 0.09084943083523057 -0.9869604401089358
-1.42 0.09294367273374567 -0.9869604401089358
-1.4100000000000001 0.09507001597839325 -0.9869604401089358
-1.4 0.09721610868035217 -0.9869604401089358
-1.3900000000000001 0.0993832200610042 -0.9869604401089358
-1.38 0.10157053907354002 -0.9869604401089358
-1.37 0.10377446980731196 -0.9869604401089358
-1.3599999999999999 0.10599029899579536 -0.9869604401089358
-1.35 0.10821115411524507 -0.9869604401089358
-1.3399999999999999 0.11043275409740128 -0.9869604401089358
-1.33 0.11265377053406518 -0.9869604401089358
-1.3199999999999998 0.11487192027350147 -0.9869604401089358
-1.31 0.1170841804719041 -0.9869604401089358
-1.2999999999999998 0.11929780209886079 -0.9869604401089358
-1.29 0.12150711631493076 -0.9869604401089358
-1.2799999999999998 0.12371464340445008 -0.9869604401089358
-1.27 0.12592354446798754 -0.9869604401089358
-1.2599999999999998 0.1281291981313367 -0.9869604401089358
-1.25 0.1303315595282809 -0.9869604401089358
-1.2399999999999998 0.13254339136210833 -0.9869604401089358
-1.23 0.13476793782184693 -0.9869604401089358
-1.2199999999999998 0.13700050371552314 -0.9869604401089358
-1.21 0.13923946697587064 -0.9869604401089358
-1.1999999999999997 0.14148454624056123 -0.9869604401089358
-1.19 0.14374034526160023 -0.9869604401089358
-1.1799999999999997 0.14600468055104818 -0.9869604401089358
-1.17 0.1482882809695558 -0.9869604401089358
-1.1600000000000001 0.1505895314896002 -0.9869604401089358
-1.15 0.15290577135894678 -0.9869604401089358
-1.1400000000000001 0.15525618849367512 -0.9869604401089358
-1.13 0.157642605701406 -0.9869604401089358
-1.12 0.16005381558804382 -0.9869604401089358
-1.1099999999999999 0.1624949848442626 -0.9869604401089358
-1.1 0.16497258966626424 -0.9869604401089358
-1.0899999999999999 0.16749360493531185 -0.9869604401089358
-1.08 0.17007158679554918 -0.9869604401089358
-1.0699999999999998 0.17270363615871792 -0.9869604401089358
-1.06 0.1753749870646909 -0.9869604401089358
-1.0499999999999998 0.17808954968288118 0.0
-1.04 0.18120571300197214 0.0
-1.0299999999999998 0.18473345775459962 0.0
-1.02 0.18867702429468658 0.0
-1.0099999999999998 0.19304094601939656 0.0
-1.0 0.19782679984365859 -0.9869604401089358
-0.9900000000000002 0.2026644908528799 -0.9869604401089358
-0.9799999999999995 0.20754888149081036 -0.9869604401089358
-0.9699999999999998 0.21245610397597747 -0.9869604401089358
-0.96 0.21737238516470025 -0.9869604401089358
-0.9500000000000002 0.22228577482766912 -0.9869604401089358
-0.9399999999999995 0.22720072724675536 -0.9869604401089358
-0.9299999999999997 0.23212043766846746 -0.9869604401089358
-0.9199999999999999 0.23703434276433014 -0.9869604401089358
-0.9100000000000001 0.2419256446751139 -0.9869604401089358
-0.9000000000000004 0.24678245903760312 -0.9869604401089358
-0.8899999999999997 0.25160198191442895 -0.9869604401089358
-0.8799999999999999 0.25640638453356923 -0.9869604401089358
-0.8700000000000001 0.26119317324074004 -0.9869604401089358
-0.8600000000000003 0.26595232750370024 -0.9869604401089358
-0.8499999999999996 0.27069564261480356 -0.9869604401089358
-0.8399999999999999 0.27541203739730774 -0.9869604401089358
-0.8300000000000001 0.2801059777710957 -0.9869604401089358
-0.8200000000000003 0.2847854497121879 -0.9869604401089358
-0.8099999999999996 0.2894466634993822 -0.9869604401089358
-0.7999999999999998 0.2940820982211005 -0.9869604401089358
-0.79 0.2987062797213198 -0.9869604401089358
-0.7800000000000002 0.30332424497856736 -0.9869604401089358
-0.7699999999999996 0.30793828124383443 -0.9869604401089358
-0.7599999999999998 0.31254360159430294 -0.9869604401089358
-0.75 0.31712500472071414 -0.9869604401089358
-0.7400000000000002 0.32169242431510525 -0.9869604401089358
-0.7299999999999995 0.3262399784055283 -0.9869604401089358
-0.7199999999999998 0.33078209634843475 -0.9869604401089358
-0.71 0.335328302334724 -0.9869604401089358
-0.7000000000000002 0.3398620800551509 -0.9869604401089358
-0.6899999999999995 0.3443668303571106 -0.9869604401089358
-0.6799999999999997 0.3488596996362892 -0.9869604401089358
-0.6699999999999999 0.3533504406612203 -0.9869604401089358
-0.6600000000000001 0.3578366925405939 -0.9869604401089358
-0.6499999999999995 0.36234608337981894 -0.9869604401089358
-0.6399999999999997 0.3668490396658385 -0.9869604401089358
-0.6299999999999999 0.37133304601871764 -0.9869604401089358
-0.6200000000000001 0.3757934988825162 -0.9869604401089358
-0.6100000000000003 0.3802366639831569 -0.9869604401089358
-0.5999999999999996 0.3846454876409814 -0.9869604401089358
-0.5899999999999999 0.3890207430622411 -0.9869604401089358
-0.5800000000000001 0.3933495189833722 -0.9869604401089358
-0.5700000000000003 0.39763850609113016 -0.9869604401089358
-0.5599999999999996 0.40186295435222513 -0.9869604401089358
-0.5499999999999998 0.4060245547347822 -0.9869604401089358
-0.54 0.410105874154385 -0.9869604401089358
-0.5300000000000002 0.41408296954084867 -0.9869604401089358
-0.5199999999999996 0.41796944830484006 -0.9869604401089358
-0.5099999999999998 0.4217834064963749 -0.9869604401089358
-0.5 0.4255060361441199 -0.9869604401089358
-0.4900000000000002 0.42913651848197687 -0.9869604401089358
-0.47999999999999954 0.43266899477431614 -0.9869604401089358
-0.46999999999999975 0.4360966243286309 -0.9869604401089358
-0.45999999999999996 0.4394362974388576 -0.9869604401089358
-0.4500000000000002 0.4427079320544424 -0.9869604401089358
-0.4399999999999995 0.44590302124930103 -0.9869604401089358
-0.4299999999999997 0.449020904464394 -0.9869604401089358
-0.41999999999999993 0.4520589817547112 -0.9869604401089358
-0.41000000000000014 0.4550254695105869 -0.9869604401089358
-0.39999999999999947 0.45792633617080897 -0.9869604401089358
-0.3899999999999997 0.4607735763296984 -0.9869604401089358
-0.3799999999999999 0.4635724625109067 -0.9869604401089358
-0.3700000000000001 0.4663198701383228 -0.9869604401089358
-0.3600000000000003 0.4690101364802983 -0.9869604401089358
-0.34999999999999964 0.47163176099337933 -0.9869604401089358
-0.33999999999999986 0.4741755882156429 -0.9869604401089358
-0.33000000000000007 0.47663624989411013 -0.9869604401089358
-0.3200000000000003 0.4790284196356527 -0.9869604401089358
-0.3099999999999996 0.4813487794932473 -0.9869604401089358
-0.2999999999999998 0.48360304433293627 -0.9869604401089358
-0.29000000000000004 0.4857956738338271 -0.9869604401089358
-0.28000000000000025 0.4879117408285583 -0.9869604401089358
-0.2699999999999996 0.48996481249423995 -0.9869604401089358
-0.2599999999999998 0.4919549250844555 -0.9869604401089358
-0.25 0.4938793142731936 -0.9869604401089358
-0.2400000000000002 0.4957437259055982 -0.9869604401089358
-0.22999999999999954 0.4975639045574327 -0.9869604401089358
-0.21999999999999975 0.49931624381595885 -0.9869604401089358
-0.20999999999999996 0.5010102685561156 -0.9869604401089358
-0.20000000000000018 0.5026269695888977 -0.9869604401089358
-0.1899999999999995 0.5041762718670433 -0.9869604401089358
-0.17999999999999972 0.5056588325549967 -0.9869604401089358
-0.16999999999999993 0.5070955497439948 -0.9869604401089358
-0.16000000000000014 0.508463215894198 -0.9869604401089358
-0.14999999999999947 0.5097445386405852 -0.9869604401089358
-0.13999999999999968 0.510923677176785 -0.9869604401089358
-0.1299999999999999 0.5120186999877598 -0.9869604401089358
-0.1200000000000001 0.5130271220899324 -0.9869604401089358
-0.11000000000000032 0.5139567962359098 -0.9869604401089358
-0.09999999999999964 0.5148059807916061 -0.9869604401089358
-0.08999999999999986 0.5155512014065432 -0.9869604401089358
-0.08000000000000007 0.516194788436039 -0.9869604401089358
-0.07000000000000028 0.5167586853412118 -0.9869604401089358
-0.05999999999999961 0.517228226019314 -0.9869604401089358
-0.04999999999999982 0.51760071879689 -0.9869604401089358
-0.040000000000000036 0.5178975709567862 -0.9869604401089358
-0.03000000000000025 0.5181208511997245 -0.9869604401089358
-0.019999999999999574 0.5182811009145752 -0.9869604401089358
-0.009999999999999787 0.5183905795266696 -0.9869604401089358
0.0 0.51842474942745 -0.9869604401089358
0.009999999999999787 0.5183792641733914 -0.9869604401089358
0.020000000000000462 0.5182720691045866 -0.9869604401089358
0.03000000000000025 0.5181177998066213 -0.9869604401089358
0.040000000000000036 0.5179036148082288 -0.9869604401089358
0.04999999999999982 0.5176078097096697 -0.9869604401089358
0.0600000000000005 0.5172132328586224 -0.9869604401089358
0.07000000000000028 0.5167165299165782 -0.9869604401089358
0.08000000000000007 0.5161269853723414 -0.9869604401089358
0.08999999999999986 0.5154674788188389 -0.9869604401089358
0.10000000000000053 0.5147259962210611 -0.9869604401089358
0.11000000000000032 0.5138838287428734 -0.9869604401089358
0.1200000000000001 0.5129517174331771 -0.9869604401089358
0.1299999999999999 0.5119359503827904 -0.9869604401089358
0.13999999999999968 0.5108213689836341 -0.9869604401089358
0.15000000000000036 0.5096283509960482 -0.9869604401089358
0.16000000000000014 0.5083477387072881 -0.9869604401089358
0.16999999999999993 0.5069845972218201 -0.9869604401089358
0.17999999999999972 0.5055546576938471 -0.9869604401089358
0.1900000000000004 0.5040706939150051 -0.9869604401089358
0.20000000000000018 0.5025056901021057 -0.9869604401089358
0.20999999999999996 0.5008778252863104 -0.9869604401089358
0.21999999999999975 0.49918482656125807 -0.9869604401089358
0.23000000000000043 0.4974493575070699 -0.9869604401089358
0.2400000000000002 0.4956662437290692 -0.9869604401089358
0.25 0.49383755353697384 -0.9869604401089358
0.2599999999999998 0.4919409907809495 -0.9869604401089358
0.27000000000000046 0.48997292004176757 -0.9869604401089358
0.28000000000000025 0.4879362361749848 -0.9869604401089358
0.29000000000000004 0.48584529491642664 -0.9869604401089358
0.2999999999999998 0.48369078884758954 -0.9869604401089358
0.3100000000000005 0.48147249669717906 -0.9869604401089358
0.3200000000000003 0.479185486110083 -0.9869604401089358
0.33000000000000007 0.47681070584139523 -0.9869604401089358
0.33999999999999986 0.4743550092904063 -0.9869604401089358
0.35000000000000053 0.47181992054390964 -0.9869604401089358
0.3600000000000003 0.46921401915846356 -0.9869604401089358
0.3700000000000001 0.4665485635741421 -0.9869604401089358
0.3799999999999999 0.4638292138574167 -0.9869604401089358
0.3899999999999997 0.46104145641744154 -0.9869604401089358
0.40000000000000036 0.4581869701933292 -0.9869604401089358
0.41000000000000014 0.4552650005454491 -0.9869604401089358
0.41999999999999993 0.4522668109289691 -0.9869604401089358
0.4299999999999997 0.449204278707856 -0.9869604401089358
0.4400000000000004 0.4460631531341096 -0.9869604401089358
0.4500000000000002 0.44283662771376425 -0.9869604401089358
0.45999999999999996 0.4395243265372283 -0.9869604401089358
0.46999999999999975 0.43612605800460313 -0.9869604401089358
0.4800000000000004 0.4326329541491006 -0.9869604401089358
0.4900000000000002 0.42904726713356844 -0.9869604401089358
0.5 0.4253719233049493 -0.9869604401089358
0.5099999999999998 0.4216203700366423 -0.9869604401089358
0.5200000000000005 0.4177802416706564 -0.9869604401089358
0.5300000000000002 0.4138552907677413 -0.9869604401089358
0.54 0.4098350990209938 -0.9869604401089358
0.5499999999999998 0.40571069603889737 -0.9869604401089358
0.5600000000000005 0.4015136552883519 -0.9869604401089358
0.5700000000000003 0.39727885520523604 -0.9869604401089358
0.5800000000000001 0.3929921494245997 -0.9869604401089358
0.5899999999999999 0.38866936518067413 -0.9869604401089358
0.6000000000000005 0.3843059653839529 -0.9869604401089358
0.6100000000000003 0.3799018946172982 -0.9869604401089358
0.6200000000000001 0.37547371657286227 -0.9869604401089358
0.6299999999999999 0.3710510209858865 -0.9869604401089358
0.6399999999999997 0.3666180770415384 -0.9869604401089358
0.6500000000000004 0.36218410160057746 -0.9869604401089358
0.6600000000000001 0.3577457880629484 -0.9869604401089358
0.6699999999999999 0.35331430302141337 -0.9869604401089358
0.6799999999999997 0.348876224165556 -0.9869604401089358
0.6900000000000004 0.3444315060404607 -0.9869604401089358
0.7000000000000002 0.3399778191651992 -0.9869604401089358
0.71 0.33551052752821636 -0.9869604401089358
0.7199999999999998 0.33102914172044107 -0.9869604401089358
0.7300000000000004 0.3265405712613385 -0.9869604401089358
0.7400000000000002 0.3220383473337339 -0.9869604401089358
0.75 0.3174939740714451 -0.9869604401089358
0.7599999999999998 0.31292939234931993 -0.9869604401089358
0.7700000000000005 0.3083459042556711 -0.9869604401089358
0.7800000000000002 0.303745738900715 -0.9869604401089358
0.79 0.29914084922709977 -0.9869604401089358
0.7999999999999998 0.2945157208155192 -0.9869604401089358
0.8100000000000005 0.2898517964045276 -0.9869604401089358
0.8200000000000003 0.2851501070579713 -0.9869604401089358
0.8300000000000001 0.2804188019946172 -0.9869604401089358
0.8399999999999999 0.2756669963509014 -0.9869604401089358
0.8500000000000005 0.2709015136133214 -0.9869604401089358
0.8600000000000003 0.26610468965130907 -0.9869604401089358
0.8700000000000001 0.2612833528994636 -0.9869604401089358
0.8799999999999999 0.2564312892466281 -0.9869604401089358
0.8899999999999997 0.2515505742553532 -0.9869604401089358
0.9000000000000004 0.24665558543238325 -0.9869604401089358
0.9100000000000001 0.24173704478050614 -0.9869604401089358
0.9199999999999999 0.2367890701340763 -0.9869604401089358
0.9299999999999997 0.23183058557445094 -0.9869604401089358
0.9400000000000004 0.2268738247058871 -0.9869604401089358
0.9500000000000002 0.22191865883452228 -0.9869604401089358
0.96 0.21697282945962423 -0.9869604401089358
0.9699999999999998 0.2120330920350781 -0.9869604401089358
0.9800000000000004 0.20711231556269868 -0.9869604401089358
0.9900000000000002 0.20223401320062298 -0.9869604401089358
1.0 0.1974158850004146 -0.9869604401089358
1.0099999999999998 0.1926562624809493 0.0
1.0200000000000005 0.18832747041368875 0.0
1.0300000000000002 0.18442103598255127 0.0
1.04 0.18093288799372256 0.0
1.0499999999999998 0.17786717256515908 0.0
1.0600000000000005 0.17520818376394492 -0.9869604401089358
1.0700000000000003 0.1725986996616935 -0.9869604401089358
1.08 0.1700344924894773 -0.9869604401089358
1.0899999999999999 0.16752018888160441 -0.9869604401089358
1.1000000000000005 0.16505797625144736 -0.9869604401089358
1.1100000000000003 0.16263588306643806 -0.9869604401089358
1.12 0.16024214378219734 -0.9869604401089358
1.13 0.15787589540711597 -0.9869604401089358
1.1400000000000006 0.1555336445888067 -0.9869604401089358
1.1500000000000004 0.15321993195898936 -0.9869604401089358
1.1600000000000001 0.1509345115276993 -0.9869604401089358
1.17 0.14865427862137975 -0.9869604401089358
1.1799999999999997 0.1463762443567112 -0.9869604401089358
1.1900000000000004 0.1441090013829142 -0.9869604401089358
1.2000000000000002 0.14184313540008914 -0.9869604401089358
1.21 0.13958131360521042 -0.9869604401089358
1.2199999999999998 0.13732535612466637 -0.9869604401089358
1.2300000000000004 0.13506901956886905 -0.9869604401089358
1.2400000000000002 0.13280995397750547 -0.9869604401089358
1.25 0.13055514616838987 -0.9869604401089358
1.2599999999999998 0.12829916806491282 -0.9869604401089358
1.2700000000000005 0.12603532483692137 -0.9869604401089358
1.2800000000000002 0.12377353011503135 -0.9869604401089358
1.29 0.12151546084660947 -0.9869604401089358
1.2999999999999998 0.11926086175819857 -0.9869604401089358
1.3100000000000005 0.11700369930873118 -0.9869604401089358
1.3200000000000003 0.11474376628828302 -0.9869604401089358
1.33 0.11247969699235127 -0.9869604401089358
1.3399999999999999 0.11021786078073079 -0.9869604401089358
1.3500000000000005 0.10796475806949073 -0.9869604401089358
1.3600000000000003 0.10572660772477087 -0.9869604401089358
1.37 0.10350236169023985 -0.9869604401089358
1.38 0.10129299721121603 -0.9869604401089358
1.3900000000000006 0.09910182370987441 -0.9869604401089358
1.4000000000000004 0.09692936671373131 -0.9869604401089358
1.4100000000000001 0.09478381855169402 -0.9869604401089358
1.42 0.09266922307594984 -0.9869604401089358
1.4299999999999997 0.09059738082467617 -0.9869604401089358
1.4400000000000004 0.08857832319594276 -0.9869604401089358
1.4500000000000002 0.08660974434571703 -0.9869604401089358
1.46 0.08469502904377584 -0.9869604401089358
1.4699999999999998 0.08283466744399541 -0.9869604401089358
1.4800000000000004 0.08101925655830368 -0.9869604401089358
1.4900000000000002 0.07925520180804986 -0.9869604401089358
1.5 0.0775472768296896 -0.9869604401089358
1.5099999999999998 0.07589145308173496 -0.9869604401089358
1.5200000000000005 0.0742798630751378 -0.9869604401089358
1.5300000000000002 0.0727050527115907 -0.9869604401089358
1.54 0.0711576062911076 -0.9869604401089358
1.5499999999999998 0.06964049292565269 -0.9869604401089358
1.5600000000000005 0.0681530496217248 -0.9869604401089358
1.5700000000000003 0.06669621812278126 -0.9869604401089358
1.58 0.06526013888888917 -0.9869604401089358
1.5899999999999999 0.06383540396226378 -0.9869604401089358
1.6000000000000005 0.062430276522507835 -0.9869604401089358
1.6100000000000003 0.061044932999065965 -0.9869604401089358
1.62 0.05967935778213597 -0.9869604401089358
1.63 0.058334750796427755 -0.9869604401089358
1.6400000000000006 0.05700530113455367 -0.9869604401089358
1.6500000000000004 0.055694547296390645 -0.9869604401089358
1.6600000000000001 0.054409606749784234 -0.9869604401089358
1.67 0.053143336106420545 -0.9869604401089358
1.6799999999999997 0.05189200417358086 -0.9869604401089358
1.6900000000000004 0.050655135746100075 -0.9869604401089358
1.7000000000000002 0.04943354018736422 -0.9869604401089358
1.71 0.048238036398582713 -0.9869604401089358
1.7199999999999998 0.04706684730162945 -0.9869604401089358
1.7300000000000004 0.045915481839069794 -0.9869604401089358
1.7400000000000002 0.04477349402544587 -0.9869604401089358
1.75 0.043644644682242106 -0.9869604401089358
1.7599999999999998 0.04252803325150065 -0.9869604401089358
1.7700000000000005 0.04142922053267638 -0.9869604401089358
1.7800000000000002 0.040341061362187375 -0.9869604401089358
1.79 0.0392666801855141 -0.9869604401089358
1.7999999999999998 0.038204091234496564 -0.9869604401089358
1.8100000000000005 0.03715960038233836 -0.9869604401089358
1.8200000000000003 0.03613318319845092 -0.9869604401089358
1.83 0.03513439786505439 -0.9869604401089358
1.8399999999999999 0.03415543131910744 -0.9869604401089358
1.8500000000000005 0.033198913176580976 -0.9869604401089358
1.8600000000000003 0.032268076615190044 -0.9869604401089358
1.87 0.031366543253111605 -0.9869604401089358
1.88 0.030491493052310508 -0.9869604401089358
1.8900000000000006 0.029648655824631467 -0.9869604401089358
1.9000000000000004 0.028834460572697947 -0.9869604401089358
1.9100000000000001 0.028043093836016532 -0.9869604401089358
1.92 0.027273417250136312 -0.9869604401089358
1.9299999999999997 0.02652633738090433 -0.9869604401089358
1.9400000000000004 0.025794890204252956 -0.9869604401089358
1.9500000000000002 0.02507903167172028 -0.9869604401089358
1.96 0.024381352647440176 -0.9869604401089358
1.9699999999999998 0.023699835254812725 -0.9869604401089358
1.9800000000000004 0.0230391815905772 -0.9869604401089358
1.9900000000000002 0.022396179503027847 -0.9869604401089358
2.0 0.021769340440173517 -0.9869604401089358
2.01 0.021159851418067418 -0.9869604401089358
2.0200000000000005 0.020568965347992497 -0.9869604401089358
2.0300000000000002 0.019997463614554643 -0.9869604401089358
2.04 0.019447317888139477 -0.9869604401089358
2.05 0.018916399909317743 -0.9869604401089358
2.0600000000000005 0.018405156263437316 -0.9869604401089358
2.0700000000000003 0.01791683624202395 -0.9869604401089358
2.08 0.01745121330354092 -0.9869604401089358
2.09 0.017007321165323216 -0.9869604401089358
2.1000000000000005 0.016583593147366904 -0.9869604401089358
2.1100000000000003 0.016179795085240433 -0.9869604401089358
2.12 0.01579499411846028 -0.9869604401089358
2.13 0.01542536560643846 -0.9869604401089358
2.1400000000000006 0.01506822084015002 -0.9869604401089358
2.1500000000000004 0.014722788247775759 -0.9869604401089358
2.16 0.014390108740985924 -0.9869604401089358
2.17 0.014069930511061337 -0.9869604401089358
2.1799999999999997 0.013762395747196877 -0.9869604401089358
2.1900000000000004 0.013459683863573232 -0.9869604401089358
2.2 0.013162516855830048 -0.9869604401089358
2.21 0.012868318564412309 -0.9869604401089358
2.2199999999999998 0.012577669366649762 -0.9869604401089358
2.2300000000000004 0.012291430654337396 -0.9869604401089358
2.24 0.012012154700436484 -0.9869604401089358
2.25 0.01173563828381782 -0.9869604401089358
2.26 0.01146553640530298 -0.9869604401089358
2.2700000000000005 0.011201486525703554 -0.9869604401089358
2.2800000000000002 0.010940398148996127 -0.9869604401089358
2.29 0.010681158382374758 -0.9869604401089358
2.3 0.010424093241579937 -0.9869604401089358
2.3100000000000005 0.010165968522592054 -0.9869604401089358
2.3200000000000003 0.009906456742255886 -0.9869604401089358
2.33 0.009649348201160445 -0.9869604401089358
2.34 0.00939518272895741 -0.9869604401089358
2.3500000000000005 0.00914425495638334 -0.9869604401089358
2.3600000000000003 0.008895300956834853 -0.9869604401089358
2.37 0.008648340448086916 -0.9869604401089358
2.38 0.00840389616773121 -0.9869604401089358
2.3900000000000006 0.008164476134840705 -0.9869604401089358
2.4000000000000004 0.007931927384168402 -0.9869604401089358
2.41 0.007708185180386959 -0.9869604401089358
2.42 0.0074937264132680466 -0.9869604401089358
2.4299999999999997 0.007287998245775946 -0.9869604401089358
2.4400000000000004 0.007092345392483905 -0.9869604401089358
2.45 0.0069077831002113095 -0.9869604401089358
2.46 0.006734593507686037 -0.9869604401089358
2.4699999999999998 0.0065732117671794795 -0.9869604401089358
2.4800000000000004 0.006423808797668277 -0.9869604401089358
2.49 0.006284438981358907 -0.9869604401089358
2.5 0.006154928333377816 -0.9869604401089358
2.51 0.0060355430542933216 -0.9869604401089358
2.5200000000000005 0.005926107489133994 -0.9869604401089358
2.5300000000000002 0.005826170600732212 -0.9869604401089358
2.54 0.005736088080582709 -0.9869604401089358
2.55 0.005656955766850325 -0.9869604401089358
2.5600000000000005 0.005589321275128263 -0.9869604401089358
2.5700000000000003 0.005531414638687469 -0.9869604401089358
2.58 0.005479634120010348 -0.9869604401089358
2.59 0.0054317720961766305 -0.9869604401089358
2.6000000000000005 0.005388772096542738 -0.9869604401089358
2.6100000000000003 0.005353143744895721 -0.9869604401089358
2.62 0.005324514272134308 -0.9869604401089358
2.63 0.0053000529891047 -0.9869604401089358
2.6400000000000006 0.005276382422775211 -0.9869604401089358
2.6500000000000004 0.00525198298678604 -0.9869604401089358
2.66 0.005226193879402851 -0.9869604401089358
2.67 0.005198606329351612 -0.9869604401089358
2.6799999999999997 0.005170483686243062 -0.9869604401089358
2.6900000000000004 0.005138583488717654 -0.9869604401089358
2.7 0.005101025934868165 -0.9869604401089358
2.71 0.005056986793737628 -0.9869604401089358
2.7199999999999998 0.005006505947718403 -0.9869604401089358
2.7300000000000004 0.004948260287965267 -0.9869604401089358
2.74 0.004883562446899203 -0.9869604401089358
2.75 0.0048130859522434065 -0.9869604401089358
2.76 0.004737464431814715 -0.9869604401089358
2.7700000000000005 0.004656729943511367 -0.9869604401089358
2.7800000000000002 0.004572074106030078 -0.9869604401089358
2.79 0.004483092458271529 -0.9869604401089358
2.8 0.004390052772839398 -0.9869604401089358
2.8100000000000005 0.004295872505465516 -0.9869604401089358
2.8200000000000003 0.004200679906957859 -0.9869604401089358
2.83 0.004106312187113773 -0.9869604401089358
2.84 0.00401252413336857 -0.9869604401089358
2.8500000000000005 0.003917818441750523 -0.9869604401089358
2.8600000000000003 0.003823685175046996 -0.9869604401089358
2.87 0.0037308055026994418 -0.9869604401089358
2.88 0.003637313153086818 -0.9869604401089358
2.8900000000000006 0.0035450851795651153 -0.9869604401089358
2.9000000000000004 0.003454738097515658 -0.9869604401089358
2.91 0.003365163137409706 -0.9869604401089358
2.92 0.0032788606972524474 -0.9869604401089358
2.9300000000000006 0.003195802173362948 -0.9869604401089358
2.9400000000000004 0.003116198756485917 -0.9869604401089358
2.95 0.003042492456544352 -0.9869604401089358
2.96 0.002975803103493216 -0.9869604401089358
2.9699999999999998 0.0029149421252264054 -0.9869604401089358
2.9800000000000004 0.002860829263379184 -0.9869604401089358
2.99 0.0028140447268367643 -0.9869604401089358
3.0 0.002774888786531631 -0.9869604401089358
3.01 0.00274371518098718 -0.9869604401089358
3.0199999999999996 0.0027214176066356925 -0.9869604401089358
3.0299999999999994 0.0027068802274481246 -0.9869604401089358
3.040000000000001 0.0026989446087893098 -0.9869604401089358
3.0500000000000007 0.0026969660063039806 -0.9869604401089358
3.0600000000000005 0.0026980224741861305 -0.9869604401089358
3.0700000000000003 0.0027022525796820047 -0.9869604401089358
3.08 0.0027087658733963627 -0.9869604401089358
3.09 0.0027151009569193396 -0.9869604401089358
3.0999999999999996 0.002721250570567398 -0.9869604401089358
3.1099999999999994 0.0027267051138005045 -0.9869604401089358
3.120000000000001 0.0027277663865861086 -0.9869604401089358
3.130000000000001 0.0027257748979796197 -0.9869604401089358
3.1400000000000006 0.0027199919016588337 -0.9869604401089358
3.1500000000000004 0.00270916683372169 -0.9869604401089358
3.16 0.002693961316541832 -0.9869604401089358
3.17 0.0026735927664732835 -0.9869604401089358
3.1799999999999997 0.002647856481640806 -0.9869604401089358
3.1899999999999995 0.0026178906119008897 -0.9869604401089358
3.1999999999999993 0.002584570017334458 -0.9869604401089358
3.210000000000001 0.0025471107363815378 -0.9869604401089358
3.2200000000000006 0.0025053996788777177 -0.9869604401089358
3.2300000000000004 0.0024591823295794708 -0.9869604401089358
3.24 0.0024097579905204593 -0.9869604401089358
3.25 0.0023583029886988997 -0.9869604401089358
3.26 0.0023044879448435147 -0.9869604401089358
3.2699999999999996 0.0022471822727360654 -0.9869604401089358
3.2799999999999994 0.002186078366251905 -0.9869604401089358
3.290000000000001 0.0021221321123247724 -0.9869604401089358
3.3000000000000007 0.002055781463333757 -0.9869604401089358
3.3100000000000005 0.001988611928794442 -0.9869604401089358
3.3200000000000003 0.0019201269089487803 -0.9869604401089358
3.33 0.001849112413217228 -0.9869604401089358
3.34 0.001775948957918276 -0.9869604401089358
3.3499999999999996 0.0017024485461748604 -0.9869604401089358
3.3599999999999994 0.00162932634726517 -0.9869604401089358
3.370000000000001 0.0015589820187269802 -0.9869604401089358
3.380000000000001 0.0014920599604372929 -0.9869604401089358
3.3900000000000006 0.00142937747074671 -0.9869604401089358
3.4000000000000004 0.0013716171574341797 -0.9869604401089358
3.41 0.0013186435943160562 -0.9869604401089358
3.42 0.00127107286569223 -0.9869604401089358
3.4299999999999997 0.0012292673986837692 -0.9869604401089358
3.4399999999999995 0.0011931454615401005 -0.9869604401089358
3.4499999999999993 0.0011631557516547399 -0.9869604401089358
3.460000000000001 0.00113958077004194 -0.9869604401089358
3.4700000000000006 0.0011211826065589726 -0.9869604401089358
3.4800000000000004 0.0011071405860894445 -0.9869604401089358
3.49 0.001095862906591703 -0.9869604401089358
3.5 0.0010866217789051778 -0.9869604401089358
3.51 0.0010786921681109954 -0.9869604401089358
3.5199999999999996 0.0010725949998348417 -0.9869604401089358
3.5299999999999994 0.0010682101689778799 -0.9869604401089358
3.540000000000001 0.0010647795107265262 -0.9869604401089358
3.5500000000000007 0.0010610084213354108 -0.9869604401089358
3.5600000000000005 0.001055654965602859 -0.9869604401089358
3.5700000000000003 0.0010493974506146809 -0.9869604401089358
3.58 0.001042289268647828 -0.9869604401089358
3.59 0.001034693656736101 -0.9869604401089358
3.5999999999999996 0.0010263324528097875 -0.9869604401089358
3.6099999999999994 0.0010164749913496298 -0.9869604401089358
3.620000000000001 0.0010047878827503488 -0.9869604401089358
3.630000000000001 0.0009921867989279368 -0.9869604401089358
3.6400000000000006 0.0009796319164306184 -0.9869604401089358
3.6500000000000004 0.0009668749401441542 -0.9869604401089358
3.66 0.000953977081459947 -0.9869604401089358
3.67 0.0009403230016139034 -0.9869604401089358
3.6799999999999997 0.0009257328183883016 -0.9869604401089358
3.6899999999999995 0.0009100028431780904 -0.9869604401089358
3.700000000000001 0.0008925873002932313 -0.9869604401089358
3.710000000000001 0.000873283760171131 -0.9869604401089358
3.7200000000000006 0.000852230383986078 -0.9869604401089358
3.7300000000000004 0.0008291556438167826 -0.9869604401089358
3.74 0.000803925458824983 -0.9869604401089358
3.75 0.0007771348774310569 -0.9869604401089358
3.76 0.0007483264660833984 -0.9869604401089358
3.7699999999999996 0.0007180587183582407 -0.9869604401089358
3.7799999999999994 0.0006867879301726861 -0.9869604401089358
3.790000000000001 0.0006549995372384034 -0.9869604401089358
3.8000000000000007 0.0006223454971714108 -0.9869604401089358
3.8100000000000005 0.0005903115107572592 -0.9869604401089358
3.8200000000000003 0.0005588732420309506 -0.9869604401089358
3.83 0.0005288862104855524 -0.9869604401089358
3.84 0.000500213540269079 -0.9869604401089358
3.8499999999999996 0.000472797828362913 -0.9869604401089358
3.8599999999999994 0.00044622990887859475 -0.9869604401089358
3.870000000000001 0.000420962832522207 -0.9869604401089358
3.880000000000001 0.00039627096356217514 -0.9869604401089358
3.8900000000000006 0.000372864766421524 -0.9869604401089358
3.9000000000000004 0.0003508576289857486 -0.9869604401089358
3.91 0.0003300214211097493 -0.9869604401089358
3.92 0.0003102146589940471 -0.9869604401089358
3.9299999999999997 0.00029132542268664094 -0.9869604401089358
3.9399999999999995 0.0002730348976555979 -0.9869604401089358
3.950000000000001 0.0002555272697934473 -0.9869604401089358
3.960000000000001 0.00023949473996667274 -0.9869604401089358
3.9700000000000006 0.00022482984136640934 -0.9869604401089358
3.9800000000000004 0.00021166780670978685 -0.9869604401089358
3.99 0.0001999881153430447 -0.9869604401089358
4.0 0.00018967380528966743 -0.9869604401089358
4.01 0.00018094597645664447 -0.9869604401089358
4.02 0.00017391593374050686 -0.9869604401089358
4.029999999999999 0.00016836090705691048 -0.9869604401089358
4.040000000000001 0.00016467192319691117 -0.9869604401089358
4.050000000000001 0.00016319349102614656 -0.9869604401089358
4.0600000000000005 0.00016366398039615226 -0.9869604401089358
4.07 0.0001660556916261769 -0.9869604401089358
4.08 0.00017014954418077718 -0.9869604401089358
4.09 0.00017545833988685277 -0.9869604401089358
4.1 0.00018210054586770556 -0.9869604401089358
4.109999999999999 0.00019016206294466805 -0.9869604401089358
4.120000000000001 0.00019933260853711196 -0.9869604401089358
4.130000000000001 0.0002090844867129123 -0.9869604401089358
4.140000000000001 0.00021924388399326044 -0.9869604401089358
4.15 0.00022920309070633774 -0.9869604401089358
4.16 0.00023924372731567292 -0.9869604401089358
4.17 0.00024922588178763575 -0.9869604401089358
4.18 0.0002588685008914603 -0.9869604401089358
4.1899999999999995 0.00026791559159085044 -0.9869604401089358
4.200000000000001 0.0002765717187056813 -0.9869604401089358
4.210000000000001 0.000283832677892318 -0.9869604401089358
4.220000000000001 0.00029035281494156417 -0.9869604401089358
4.23 0.0002961072012239574 -0.9869604401089358
4.24 0.00030088157006307093 -0.9869604401089358
4.25 0.0003043051017663938 -0.9869604401089358
4.26 0.0003061900368736868 -0.9869604401089358
4.27 0.000305868419677863 -0.9869604401089358
4.279999999999999 0.0003038178033331838 -0.9869604401089358
4.290000000000001 0.0002996700558003244 -0.9869604401089358
4.300000000000001 0.000293368749358393 -0.9869604401089358
4.3100000000000005 0.0002847093212945779 -0.9869604401089358
4.32 0.0002738978098570802 -0.9869604401089358
4.33 0.0002612870669991069 -0.9869604401089358
4.34 0.00024763625211971576 -0.9869604401089358
4.35 0.0002331199105707267 -0.9869604401089358
4.359999999999999 0.00021780820166590067 -0.9869604401089358
4.370000000000001 0.00020196445804559048 -0.9869604401089358
4.380000000000001 0.00018583742767565298 -0.9869604401089358
4.390000000000001 0.00016959783958462145 -0.9869604401089358
4.4 0.00015345228957559673 -0.9869604401089358
4.41 0.00013769734095116253 -0.9869604401089358
4.42 0.0001221097918558328 -0.9869604401089358
4.43 0.00010667199583284028 -0.9869604401089358
4.4399999999999995 9.148041730625911e-05 -0.9869604401089358
4.450000000000001 7.692421672328318e-05 -0.9869604401089358
4.460000000000001 6.340838231227864e-05 -0.9869604401089358
4.470000000000001 5.102031383074308e-05 -0.9869604401089358
4.48 3.977195687758864e-05 -0.9869604401089358
4.49 2.9837988568391547e-05 -0.9869604401089358
4.5 2.1459573874702525e-05 -0.9869604401089358
4.51 1.503285652016489e-05 -0.9869604401089358
4.52 1.0961020584549553e-05 -0.9869604401089358
4.529999999999999 9.463648051245886e-06 -0.9869604401089358
4.540000000000001 1.0740787834628241e-05 -0.9869604401089358
4.550000000000001 1.4860104298145824e-05 -0.9869604401089358
4.5600000000000005 2.199361766058118e-05 -0.9869604401089358
4.57 3.219566860114665e-05 -0.9869604401089358
4.58 4.5469613803587074e-05 -0.9869604401089358
4.59 6.169735696185942e-05 -0.9869604401089358
4.6 8.094210344326143e-05 -0.9869604401089358
4.609999999999999 0.00010277359695063291 -0.9869604401089358
4.620000000000001 0.00012713641649979757 -0.9869604401089358
4.630000000000001 0.00015308654107150474 -0.9869604401089358
4.640000000000001 0.0001800488474810156 -0.9869604401089358
4.65 0.00020774911869326265 -0.9869604401089358
4.66 0.0002355920416631071 -0.9869604401089358
4.67 0.0002628719771432215 -0.9869604401089358
4.68 0.0002891351108902094 -0.9869604401089358
4.6899999999999995 0.0003133275446338118 -0.9869604401089358
4.700000000000001 0.0003348274443170569 -0.9869604401089358
4.710000000000001 0.00035315218067978534 -0.9869604401089358
4.720000000000001 0.00036841966312142104 -0.9869604401089358
4.73 0.00038090539412258067 -0.9869604401089358
4.74 0.0003908495617236102 -0.9869604401089358
4.75 0.0003977764494694643 -0.9869604401089358
4.76 0.00040156022161414096 -0.9869604401089358
4.77 0.0004024891426444807 -0.9869604401089358
4.779999999999999 0.00040045427733561304 -0.9869604401089358
4.790000000000001 0.0003955739440636593 -0.9869604401089358
4.800000000000001 0.0003878985166531004 -0.9869604401089358
4.8100000000000005 0.00037765525448402447 -0.9869604401089358
4.82 0.0003648026283618669 -0.9869604401089358
4.83 0.0003497790978080272 -0.9869604401089358
4.84 0.00033266115666948554 -0.9869604401089358
4.85 0.0003133904056834822 -0.9869604401089358
4.859999999999999 0.0002918481585828773 -0.9869604401089358
4.870000000000001 0.00026782632631036125 -0.9869604401089358
4.880000000000001 0.00024170138248673893 -0.9869604401089358
4.890000000000001 0.00021431798811770745 -0.9869604401089358
4.9 0.00018645731876265595 -0.9869604401089358
4.91 0.00015862265226694917 -0.9869604401089358
4.92 0.00013133687246520652 -0.9869604401089358
4.93 0.00010485962519134224 -0.9869604401089358
4.9399999999999995 7.980796873512771e-05 -0.9869604401089358
4.950000000000001 5.702647217615617e-05 -0.9869604401089358
4.960000000000001 3.7292953522915785e-05 -0.9869604401089358
4.970000000000001 2.1347387324897535e-05 -0.9869604401089358
4.98 9.602110765959153e-06 -0.9869604401089358
4.99 2.4224547088420597e-06 -0.9869604401089358
