-2.0 0.00023068815258820487 0.8
-1.99 0.0009208675020941816 0.8
-1.98 0.002076274804599733 0.8
-1.97 0.0036833809097786686 0.8
-1.96 0.005767682436006897 0.8
-1.95 0.00829118007241415 0.8
-1.94 0.011312277814447108 0.8
-1.93 0.014754787767910288 0.8
-1.92 0.018720534665689983 0.8
-1.91 0.02308559837167512 0.8
-1.9 0.027999709520443113 0.8
-1.89 0.033280407517373545 0.8
-1.88 0.03912713481606583 0.8
-1.87 0.045314490121371245 0.8
-1.8599999999999999 0.05208002360378128 0.8
-1.85 0.059131055159703697 0.8
-1.84 0.06673331630497717 0.8
-1.83 0.07464382242328306 0.8
-1.82 0.08309252188084747 0.8
-1.81 0.09170353741983327 0.8
-1.8 0.10070951254648881 0.8
-1.79 0.11014553983947921 0.8
-1.78 0.11995336463551506 0.8
-1.77 0.12959340015968907 0.8
-1.76 0.1391945516358778 0.8
-1.75 0.14990736524837028 0.8
-1.74 0.1606393533158578 0.8
-1.73 0.1700229144841642 0.8
-1.72 0.17860201734554423 0.8
-1.71 0.19067549940498554 0.8
-1.7 0.20211531155818455 0.8
-1.69 0.20842581553948888 0.8
-1.68 0.21325595699226857 0.8
-1.67 0.22807697961750614 0.8
-1.66 0.2405955420692491 0.8
-1.65 0.2384152998620068 0.8
-1.6400000000000001 0.2358865646635895 0.8
-1.63 0.2570057527022939 0.8
-1.62 0.2712070560053806 0.8
-1.6099999999999999 0.25298395381360855 0.8
-1.6 0.24051408709688477 0.8
-1.5899999999999999 0.2717616927608045 0.8
-1.58 0.2866014268872886 0.8
-1.57 0.24819318701685347 0.8
-1.56 0.22715630968218545 0.8
-1.55 0.26474747775161134 0.8
-1.54 0.27585163517323225 0.8
-1.53 0.22720229681440954 0.8
-1.52 0.20361604151626517 0.8
-1.51 0.22919423246531656 0.8
-1.5 0.23189013156710858 0.8
-1.49 0.198919611137207 0.8
-1.48 0.18034390664793554 0.8
-1.47 0.17373963295665174 0.8
-1.46 0.1675043330650358 0.8
-1.45 0.16809053733326468 0.8
-1.44 0.16134008796362298 0.8
-1.43 0.1300756574372269 0.8
-1.42 0.11714398626896072 0.8
-1.4100000000000001 0.13426980797255775 0.8
-1.4 0.1409129064712155 0.8
-1.3900000000000001 0.12225390122307506 0.8
-1.38 0.11456381019313348 0.8
-1.37 0.11803002380622593 0.8
-1.3599999999999999 0.1245592952484446 0.8
-1.35 0.14297515314573306 0.8
-1.3399999999999999 0.1613322261261456 0.8
-1.33 0.15191186531517442 0.8
-1.3199999999999998 0.14769278550706502 0.8
-1.31 0.17672529017796604 0.8
-1.2999999999999998 0.2037516018033077 0.8
-1.29 0.2168095554499355 0.8
-1.28 0.2281491223626812 0.8
-1.27 0.22566556109899658 0.8
-1.26 0.22368982929322426 0.8
-1.25 0.2605014831516892 0.8
-1.24 0.2843240191747981 0.8
-1.23 0.2749983116766397 0.8
-1.22 0.26477935665928465 0.8
-1.21 0.25799133315742045 0.8
-1.2 0.2517139585778844 0.8
-1.19 0.27207258827213876 0.8
-1.18 0.27530972956245375 0.8
-1.17 0.2425162973654782 0.8
-1.1600000000000001 0.22056376620301288 0.8
-1.15 0.2075537383196455 0.8
-1.1400000000000001 0.19948744304946314 0.8
-1.13 0.20761004161872007 0.8
-1.12 0.20878128812620902 0.8
-1.1099999999999999 0.18201373702389761 0.8
-1.1 0.16986039154340357 0.8
-1.0899999999999999 0.16804415849606488 0.8
-1.08 0.1731031484664678 0.8
-1.0699999999999998 0.19755798234667077 0.8
-1.06 0.22135450099331702 0.8
-1.0499999999999998 0.21873915163794488 0.8
-1.04 0.22123904105973982 0.8
-1.03 0.23177449750221674 0.8
-1.02 0.2422175986469364 0.8
-1.01 0.2812438283369395 0.8
-1.0 0.3078243560587151 0.8
-0.99 0.30571389955273515 0.8
-0.98 0.29862416851952794 0.8
-0.97 0.287549409999647 0.8
-0.96 0.27674503470187245 0.8
-0.95 0.2958314485737485 0.8
-0.94 0.2997773386651246 0.8
-0.9299999999999999 0.283012938990323 0.8
-0.9199999999999999 0.26759565203959107 0.8
-0.9099999999999999 0.2331817949978542 0.8
-0.8999999999999999 0.21518155155601243 0.8
-0.8899999999999999 0.2208275091270113 0.8
-0.8799999999999999 0.22893062016054647 0.8
-0.8699999999999999 0.23911346350484616 0.8
-0.8599999999999999 0.25365168157366746 0.8
-0.8499999999999999 0.2439722845859003 0.8
-0.8400000000000001 0.2439990745760893 0.8
-0.8300000000000001 0.25928246570519997 0.8
-0.8200000000000001 0.2746824129687472 0.8
-0.81 0.31584017353932897 0.8
-0.8 0.34325313305090344 0.8
-0.79 0.3464618241631763 0.8
-0.78 0.3405574926852648 0.8
-0.77 0.3215481969814124 0.8
-0.76 0.30340388223787024 0.8
-0.75 0.311685431821581 0.8
-0.74 0.3115865096274746 0.8
-0.73 0.3090143663136678 0.8
-0.72 0.30472755845254756 0.8
-0.71 0.27231406105989364 0.8
-0.7 0.2580888083879779 0.8
-0.69 0.24996942770168573 0.8
-0.6799999999999999 0.2548778489109809 0.8
-0.6699999999999999 0.28684606379447186 0.8
-0.6599999999999999 0.31833702722890084 0.8
-0.6499999999999999 0.3426613984589729 0.8
-0.6399999999999999 0.36116564411238866 0.8
-0.6299999999999999 0.356223402080451 0.8
-0.6199999999999999 0.34603350884873096 0.8
-0.6099999999999999 0.3531487193346531 0.8
-0.5999999999999999 0.3510469454317766 0.8
-0.5900000000000001 0.36930213818410546 0.8
-0.5800000000000001 0.3723365399659187 0.8
-0.5700000000000001 0.3531951739732482 0.8
-0.56 0.3394302287378439 0.8
-0.55 0.3038207765065559 0.8
-0.54 0.2892644748396301 0.8
-0.53 0.29117620211184503 0.8
-0.52 0.3048806337312437 0.8
-0.51 0.34240493351677 0.8
-0.5 0.37735781268548063 0.8
-0.49 0.40059703984385153 0.8
-0.48 0.41358412833161207 0.8
-0.47 0.40471667830805386 0.8
-0.45999999999999996 0.38767015849657377 0.8
-0.44999999999999996 0.38464074979766394 0.8
-0.43999999999999995 0.3753904920645895 0.8
-0.42999999999999994 0.3846923611511583 0.8
-0.41999999999999993 0.3878145230919128 0.8
-0.4099999999999999 0.37687425629102006 0.8
-0.3999999999999999 0.37744800159171404 0.8
-0.3899999999999999 0.3549899041930063 0.8
-0.3799999999999999 0.35278280761731756 0.8
-0.3699999999999999 0.3579113072061713 0.8
-0.3599999999999999 0.3693321625376156 0.8
-0.34999999999999987 0.4118635188486461 0.8
-0.33999999999999986 0.4389918897695439 0.8
-0.33000000000000007 0.47185461176675725 0.8
-0.32000000000000006 0.480100233486427 0.8
-0.31000000000000005 0.4581140661477168 0.8
-0.30000000000000004 0.43291510127148014 0.8
-0.29000000000000004 0.3920634359564464 0.8
-0.28 0.36957265465950906 0.8
-0.27 0.36409507696533744 0.8
-0.26 0.375345605775504 0.8
-0.25 0.4079998470105549 0
-0.24 0.44454295289566603 0
-0.22999999999999998 0.47557368837060754 0
-0.21999999999999997 0.49516919950173005 0
-0.20999999999999996 0.4913189396533969 0
-0.19999999999999996 0.4721417540455035 0
-0.18999999999999995 0.4516590819386251 0
-0.17999999999999994 0.42783535180190574 0
-0.16999999999999993 0.4220720724523485 0
-0.15999999999999992 0.42251615553282484 0
-0.1499999999999999 0.43133437736364216 0
-0.1399999999999999 0.4533594558490322 0
-0.1299999999999999 0.46339638901571334 0
-0.11999999999999988 0.4828290911836279 0
-0.10999999999999988 0.48478684621632034 0
-0.09999999999999987 0.47796248471119385 0
-0.08999999999999986 0.476620302295475 0
-0.08000000000000007 0.45972612370234534 0
-0.07000000000000006 0.46313127762006057 0
-0.06000000000000005 0.4586328301970088 0
-0.050000000000000044 0.458777965259746 0
-0.040000000000000036 0.46836220894077113 0
-0.030000000000000027 0.4640302837903356 0
-0.020000000000000018 0.4792435633487004 0
-0.010000000000000009 0.47754489757267365 0
0.0 0.4775454067966185 0
0.010000000000000231 0.47922631052066056 0
0.020000000000000018 0.4640879266249737 0
0.03000000000000025 0.46857912989315625 0
0.040000000000000036 0.4591973554146963 0
0.04999999999999982 0.45935525965574703 0
0.06000000000000005 0.46409430253364875 0
0.06999999999999984 0.46091824381316476 0
0.08000000000000007 0.477966401121223 0
0.08999999999999986 0.4793437496839724 0
0.10000000000000009 0.4862015407791509 0
0.10999999999999988 0.4841937733209775 0
0.1200000000000001 0.4647759539152158 0
0.1299999999999999 0.45480266170725303 0
0.14000000000000012 0.4328739027847382 0
0.1499999999999999 0.42429005328939445 0
0.16000000000000014 0.42404835234997434 0
0.16999999999999993 0.43008237482809525 0
0.18000000000000016 0.4541195295975157 0
0.18999999999999995 0.4747419312333354 0
0.20000000000000018 0.49405533132539353 0
0.20999999999999996 0.49789339871980237 0
0.2200000000000002 0.4783077381785072 0
0.22999999999999998 0.44722117580218734 0
0.2400000000000002 0.4106467142947234 0
0.25 0.3780351886600246 0
0.26000000000000023 0.36676938880499854 0.8
0.27 0.3723624564422616 0.8
0.28000000000000025 0.3949541898501743 0.8
0.29000000000000004 0.4359713351100329 0.8
0.30000000000000027 0.4612971396721421 0.8
0.31000000000000005 0.48335115023460434 0.8
0.31999999999999984 0.47515160298073694 0.8
0.33000000000000007 0.4422117571536283 0.8
0.33999999999999986 0.41501848817088816 0.8
0.3500000000000001 0.37233312146179676 0.8
0.3599999999999999 0.3607814682579365 0.8
0.3700000000000001 0.3555397890283244 0.8
0.3799999999999999 0.3576560147999179 0.8
0.3900000000000001 0.38012855051039107 0.8
0.3999999999999999 0.3795696656782165 0.8
0.41000000000000014 0.3906358661093026 0.8
0.41999999999999993 0.3876040983777864 0.8
0.43000000000000016 0.3784292514020921 0.8
0.43999999999999995 0.3877769186688934 0.8
0.4500000000000002 0.3908257718640998 0.8
0.45999999999999996 0.4078780503990727 0.8
0.4700000000000002 0.41663560204464994 0.8
0.48 0.40355060070385285 0.8
0.4900000000000002 0.380145877087518 0.8
0.5 0.34505054542924307 0.8
0.5100000000000002 0.3074115061751578 0.8
0.52 0.29361593963496835 0.8
0.5300000000000002 0.2917026210243784 0.8
0.54 0.30626861324853827 0.8
0.5500000000000003 0.34198681217579346 0.8
0.56 0.35583732568069476 0.8
0.5699999999999998 0.3751024354363319 0.8
0.5800000000000001 0.3721514551749104 0.8
0.5899999999999999 0.3539430376165726 0.8
0.6000000000000001 0.356074875599942 0.8
0.6099999999999999 0.34888987547355793 0.8
0.6200000000000001 0.359011143049578 0.8
0.6299999999999999 0.36380047107399316 0.8
0.6400000000000001 0.34516117870290486 0.8
0.6499999999999999 0.3206649663720796 0.8
0.6600000000000001 0.2890356354421543 0.8
0.6699999999999999 0.2569685337893694 0.8
0.6800000000000002 0.25198255861091123 0.8
0.69 0.26009827231195604 0.8
0.7000000000000002 0.2743202434378054 0.8
0.71 0.3068170577255712 0.8
0.7200000000000002 0.31117588515353706 0.8
0.73 0.3138557530110951 0.8
0.7400000000000002 0.3140362423763872 0.8
0.75 0.305825332583811 0.8
0.7600000000000002 0.32402001697430954 0.8
0.77 0.3430187789310369 0.8
0.7800000000000002 0.34891349135095756 0.8
0.79 0.34561534155717016 0.8
0.8000000000000003 0.3181280034182333 0.8
0.81 0.2768425286468766 0.8
0.8199999999999998 0.26133160283126317 0.8
0.8300000000000001 0.24592142126747213 0.8
0.8399999999999999 0.2457864812310319 0.8
0.8500000000000001 0.2553959027984769 0.8
0.8599999999999999 0.24080690816691297 0.8
0.8700000000000001 0.23063169301687259 0.8
0.8799999999999999 0.22253721869210752 0.8
0.8900000000000001 0.21696506653333145 0.8
0.8999999999999999 0.23502632688736705 0.8
0.9100000000000001 0.26954975977908924 0.8
0.9199999999999999 0.28505721008432744 0.8
0.9300000000000002 0.30191875813597213 0.8
0.94 0.29804710910236165 0.8
0.9500000000000002 0.2790123660802027 0.8
0.96 0.2898523967428669 0.8
0.9700000000000002 0.3009076876935997 0.8
0.98 0.3079743063746504 0.8
0.9900000000000002 0.3099954600428405 0.8
1.0 0.28333561781874766 0.8
1.0100000000000002 0.24418444946236678 0.8
1.02 0.23363293360693468 0.8
1.0300000000000002 0.22296832847787296 0.8
1.04 0.22034910105061412 0.8
1.0500000000000003 0.22285726746514897 0.8
1.06 0.19897432123200626 0.8
1.0700000000000003 0.17447161151912732 0.8
1.08 0.1693742158095576 0.8
1.0899999999999999 0.17119471922723956 0.8
1.1 0.18335627482059783 0.8
1.1099999999999999 0.2101795820092588 0.8
1.12 0.20906240668024428 0.8
1.13 0.2010372886175877 0.8
1.1400000000000001 0.20918954640908077 0.8
1.15 0.22230205513180118 0.8
1.1600000000000001 0.2443411763428392 0.8
1.17 0.2772173825364565 0.8
1.1800000000000002 0.27404724816280873 0.8
1.19 0.2537380620258146 0.8
1.2000000000000002 0.26005173631727013 0.8
1.21 0.2668343796488162 0.8
1.2200000000000002 0.2770431770733533 0.8
1.23 0.28631299102927094 0.8
1.2400000000000002 0.26243858930513353 0.8
1.25 0.2255396452973383 0.8
1.2600000000000002 0.22743457353303934 0.8
1.27 0.22981101947008886 0.8
1.2800000000000002 0.2183714484262744 0.8
1.29 0.2051986269210141 0.8
1.3000000000000003 0.1780699676955502 0.8
1.31 0.14893821192342527 0.8
1.3200000000000003 0.15306987238022784 0.8
1.33 0.16241662716373226 0.8
1.3399999999999999 0.1439935816865399 0.8
1.35 0.1255311765139182 0.8
1.3599999999999999 0.11896109847782783 0.8
1.37 0.1154811886222398 0.8
1.38 0.12316365994560033 0.8
1.3900000000000001 0.14184499889525642 0.8
1.4 0.1352270053997123 0.8
1.4100000000000001 0.11815282419063246 0.8
1.42 0.1311342424335278 0.8
1.4300000000000002 0.1624711606566795 0.8
1.44 0.1692869549059276 0.8
1.4500000000000002 0.1687849533029401 0.8
1.46 0.17509576084278378 0.8
1.4700000000000002 0.18178462066161247 0.8
1.48 0.2004341400419938 0.8
1.4900000000000002 0.2334794196200426 0.8
1.5 0.23084894958741115 0.8
1.5100000000000002 0.2053351545426134 0.8
1.52 0.2289774352522121 0.8
1.5300000000000002 0.2776803338349077 0.8
1.54 0.2666238590863548 0.8
1.5500000000000003 0.22906960507706897 0.8
1.56 0.2501417257207007 0.8
1.5700000000000003 0.2885643643598306 0.8
1.58 0.27374101671487094 0.8
1.5899999999999999 0.24248939753987195 0.8
1.6 0.2549528198776216 0.8
1.6099999999999999 0.2731487044859404 0.8
1.62 0.25891618069323674 0.8
1.63 0.2377449305730125 0.8
1.6400000000000001 0.24022694924821295 0.8
1.65 0.24234582465289628 0.8
1.6600000000000001 0.22977400152280447 0.8
1.67 0.21488921959364435 0.8
1.6800000000000002 0.21000141743533604 0.8
1.69 0.20362154767960097 0.8
1.7000000000000002 0.19211757612990676 0.8
1.71 0.17996841863410348 0.8
1.7200000000000002 0.17131374100919197 0.8
1.73 0.16184996979678595 0.8
1.7400000000000002 0.15103748817860546 0.8
1.75 0.14024641397812468 0.8
1.7600000000000002 0.13057009850353077 0.8
1.77 0.12085700917147789 0.8
1.7800000000000002 0.11097771694703988 0.8
1.79 0.10147106310715184 0.8
1.8000000000000003 0.0923961957453247 0.8
1.81 0.08371848301685614 0.8
1.8200000000000003 0.07520588602993773 0.8
1.83 0.06723581883029646 0.8
1.8399999999999999 0.05957558156664961 0.8
1.85 0.05247165479157739 0.8
1.8599999999999999 0.04565698877303402 0.8
1.87 0.03942413700243304 0.8
1.88 0.03353368459253519 0.8
1.8900000000000001 0.028212639782697713 0.8
1.9 0.02326029611118994 0.8
1.9100000000000001 0.018861922172234254 0.8
1.92 0.014865636529796443 0.8
1.9300000000000002 0.0113968482004203 0.8
1.94 0.008353048131792024 0.8
1.9500000000000002 0.005810967259349022 0.8
1.96 0.003711291924795664 0.8
1.9700000000000002 0.0020919713098902417 0.8
1.98 0.0009279586765826495 0.8
1.9900000000000002 0.0002325144169382207 0.8
