-5.0 8.712789896498236e-07 0.8
-4.99 3.4808883861361694e-06 0.8
-4.98 7.854083621228638e-06 0.8
-4.97 1.3958326718426765e-05 0.8
-4.96 2.1882082627410087e-05 0.8
-4.95 3.152561640865889e-05 0.8
-4.94 4.3057520514738616e-05 0.8
-4.93 5.630110544743616e-05 0.8
-4.92 7.147687233753621e-05 0.8
-4.91 8.837117876175995e-05 0.8
-4.9 0.00010716149156468097 0.8
-4.89 0.0001277086930422166 0.8
-4.88 0.0001499647504011892 0.8
-4.87 0.00017406704947891215 0.8
-4.86 0.00019945815192581003 0.8
-4.85 0.00022685306464078237 0.8
-4.84 0.00025480292505310415 0.8
-4.83 0.00028498705570884444 0.8
-4.82 0.0003146195839897342 0.8
-4.81 0.00034676644419003613 0.8
-4.8 0.0003768756322135774 0.8
-4.79 0.00040975950430136834 0.8
-4.78 0.00043882023771764665 0.8
-4.77 0.00047076738910071153 0.8
-4.76 0.0004970027875910375 0.8
-4.75 0.0005259023604006599 0.8
-4.74 0.0005474173834948423 0.8
-4.73 0.0005708332654826198 0.8
-4.72 0.0005858142707757012 0.8
-4.71 0.0006012390026459445 0.8
-4.7 0.0006082075726140432 0.8
-4.69 0.0006134801114418424 0.8
-4.68 0.0006115811225957463 0.8
-4.67 0.0006054440473032185 0.8
-4.66 0.0005947447898652981 0.8
-4.65 0.0005774451929395983 0.8
-4.64 0.0005592188245590244 0.8
-4.63 0.0005329813214410426 0.8
-4.62 0.0005099285473075464 0.8
-4.61 0.00047908912720228455 0.8
-4.6 0.00045540054424827883 0.8
-4.59 0.00042603028626281476 0.8
-4.58 0.000407116811143066 0.8
-4.57 0.0003860967579803831 0.8
-4.56 0.0003777789377496345 0.8
-4.55 0.0003714601740318872 0.8
-4.54 0.00037851882385321985 0.8
-4.53 0.000391216354567901 0.8
-4.52 0.0004155435823100739 0.8
-4.51 0.0004481127853486306 0.8
-4.5 0.00048716789944124847 0.8
-4.49 0.0005358885495872917 0.8
-4.48 0.0005824212069980149 0.8
-4.47 0.0006385651863035843 0.8
-4.46 0.000682229483522435 0.8
-4.45 0.0007330382636171739 0.8
-4.4399999999999995 0.0007635793952348722 0.8
-4.43 0.0007954636625633212 0.8
-4.42 0.0008062493840770999 0.8
-4.41 0.0008101090973211246 0.8
-4.4 0.0008007044657627429 0.8
-4.39 0.00077732809363065 0.8
-4.38 0.0007545075123842305 0.8
-4.37 0.0007165589342219465 0.8
-4.36 0.0006934640098366163 0.8
-4.35 0.0006616599878001018 0.8
-4.34 0.0006541924148619215 0.8
-4.33 0.0006488062590447934 0.8
-4.32 0.000668578119153473 0.8
-4.31 0.0007002278140290754 0.8
-4.3 0.0007466098827252304 0.8
-4.29 0.0008099963608982094 0.8
-4.28 0.0008676087526621596 0.8
-4.27 0.0009406716878560807 0.8
-4.26 0.0009867141871832893 0.8
-4.25 0.0010382662341140117 0.8
-4.24 0.00105576572068383 0.8
-4.23 0.0010627351732801528 0.8
-4.22 0.001050655445706272 0.8
-4.21 0.0010163444572801345 0.8
-4.2 0.0009915142418165652 0.8
-4.1899999999999995 0.0009482666722142016 0.8
-4.18 0.0009384925355498368 0.8
-4.17 0.0009280882342486776 0.8
-4.16 0.0009555074035418074 0.8
-4.15 0.001000756779295636 0.8
-4.14 0.0010621475018337755 0.8
-4.13 0.001148678710216471 0.8
-4.12 0.001213053429842813 0.8
-4.11 0.0012929870660570806 0.8
-4.1 0.0013258221546016725 0.8
-4.09 0.0013497689556838798 0.8
-4.08 0.0013419439499709471 0.8
-4.07 0.0013047233327232865 0.8
-4.06 0.0012811035602650607 0.8
-4.05 0.0012348204006164259 0.8
-4.04 0.0012380896114320293 0.8
-4.03 0.0012482187909823633 0.8
-4.02 0.0013019153747402118 0.8
-4.01 0.0013864661571417183 0.8
-4.0 0.0014647123234870134 0.8
-3.99 0.0015708307415031588 0.8
-3.98 0.0016204575276420755 0.8
-3.9699999999999998 0.0016657357386212445 0.8
-3.96 0.0016636560027487215 0.8
-3.95 0.0016249129131188332 0.8
-3.94 0.001603589341625156 0.8
-3.9299999999999997 0.0015554105006869872 0.8
-3.92 0.0015737724136522162 0.8
-3.91 0.0016087471400170333 0.8
-3.9 0.001685847299795193 0.8
-3.8899999999999997 0.0018054644200693186 0.8
-3.88 0.0018866610411982423 0.8
-3.87 0.001987214370500595 0.8
-3.86 0.0020114955922717506 0.8
-3.8499999999999996 0.0020028687169608016 0.8
-3.84 0.0019837194608986206 0.8
-3.83 0.0019213018799441827 0.8
-3.8200000000000003 0.0019335671533886787 0.8
-3.81 0.0019556779971791373 0.8
-3.8 0.002039357836230291 0.8
-3.79 0.0021749226166894084 0.8
-3.7800000000000002 0.0022658117225955576 0.8
-3.77 0.002378646833998677 0.8
-3.76 0.0024005259761167605 0.8
-3.75 0.0023763298253654712 0.8
-3.74 0.0023603204952709128 0.8
-3.73 0.002301709619200254 0.8
-3.7199999999999998 0.002344625281906438 0.8
-3.71 0.002421963798758222 0.8
-3.7 0.002532515913341563 0.8
-3.69 0.0027020243059708684 0.8
-3.6799999999999997 0.002771333198531887 0.8
-3.67 0.0028238266921770897 0.8
-3.66 0.002816630252936264 0.8
-3.65 0.0027412312876625893 0.8
-3.6399999999999997 0.0027626886578109677 0.8
-3.63 0.0027937625749304266 0.8
-3.62 0.00290740820233672 0.8
-3.61 0.0030960986204257982 0.8
-3.5999999999999996 0.0031895305214744377 0.8
-3.59 0.0032820405103535133 0.8
-3.58 0.0032835827607260526 0.8
-3.5700000000000003 0.0032040985138133415 0.8
-3.56 0.0032315449817628384 0.8
-3.55 0.003268179601306413 0.8
-3.54 0.0033979045661359777 0.8
-3.5300000000000002 0.0036150691933411216 0.8
-3.52 0.0037059397844634925 0.8
-3.51 0.0037766435709162996 0.8
-3.5 0.003775277305797346 0.8
-3.49 0.003685577842875882 0.8
-3.48 0.003753275504737623 0.8
-3.4699999999999998 0.003872756890599733 0.8
-3.46 0.00402369153478826 0.8
-3.45 0.004254301596380986 0.8
-3.44 0.004304953682509615 0.8
-3.4299999999999997 0.004270134365878835 0.8
-3.42 0.004287424583456886 0.8
-3.41 0.004264258606042858 0.8
-3.4 0.004411349534772922 0.8
-3.3899999999999997 0.004676078317040708 0.8
-3.38 0.004790196314407993 0.8
-3.37 0.004880760073650455 0.8
-3.36 0.004890040222037425 0.8
-3.3499999999999996 0.004792609974680391 0.8
-3.34 0.004919925780415415 0.8
-3.33 0.005157791957838367 0.8
-3.3200000000000003 0.0053124747960852274 0.8
-3.31 0.005496803938890195 0.8
-3.3 0.005515280230977583 0.8
-3.29 0.0053937812011635436 0.8
-3.2800000000000002 0.0055206797056490614 0.8
-3.27 0.005755919871905896 0.8
-3.26 0.005928687858824977 0.8
-3.25 0.0061465261232514804 0.8
-3.24 0.006170368206460949 0.8
-3.23 0.006034964111825385 0.8
-3.2199999999999998 0.006194412999902491 0.8
-3.21 0.006499344292154573 0.8
-3.2 0.006662444810279021 0.8
-3.19 0.006822233800054855 0.8
-3.1799999999999997 0.006855606376866424 0.8
-3.17 0.006745733174071038 0.8
-3.16 0.006968727194221672 0.8
-3.15 0.007403949858221593 0.8
-3.1399999999999997 0.007505186096915454 0.8
-3.13 0.007455523382443835 0.8
-3.12 0.007562384592428832 0.8
-3.11 0.007685069433725975 0.8
-3.0999999999999996 0.007927460500198227 0.8
-3.09 0.008316790225469587 0.8
-3.08 0.008350093627005919 0.8
-3.0700000000000003 0.008127065911417982 0.8
-3.06 0.008408430303936532 0.8
-3.05 0.00900088627606472 0.8
-3.04 0.00906479493804091 0.8
-3.0300000000000002 0.008834045750192126 0.8
-3.02 0.009082153774364924 0.8
-3.01 0.009582899339765295 0.8
-3.0 0.00971071671806881 0.8
-2.9899999999999998 0.009655067123442438 0.8
-2.98 0.009872651858427686 0.8
-2.9699999999999998 0.01022173420238627 0.8
-2.96 0.010396741743140404 0.8
-2.95 0.010494783934064464 0.8
-2.94 0.010705488864350757 0.8
-2.93 0.010967404062483076 0.8
-2.92 0.011170715542326237 0.8
-2.91 0.011351912763168572 0.8
-2.9 0.011570981752968987 0.8
-2.89 0.011807917476171699 0.8
-2.88 0.012031774734527356 0.8
-2.87 0.012252726600593346 0.8
-2.86 0.012486335456087216 0.8
-2.85 0.01272834279006831 0.8
-2.84 0.012971238523199202 0.8
-2.83 0.013216512374080093 0.8
-2.82 0.013467905834087654 0.8
-2.81 0.013725136955023908 0.8
-2.8 0.013986754104027778 0.8
-2.79 0.014253340362540043 0.8
-2.78 0.01452530412968157 0.8
-2.77 0.01480180986437417 0.8
-2.76 0.015083234967155834 0.8
-2.75 0.015370621932730859 0.8
-2.7399999999999998 0.015663814443994957 0.8
-2.73 0.015962660835179797 0.8
-2.7199999999999998 0.016267107318510332 0.8
-2.71 0.016576624878879988 0.8
-2.6999999999999997 0.016891819248102118 0.8
-2.69 0.017213685047845206 0.8
-2.68 0.01754199700606037 0.8
-2.67 0.017876709344740473 0.8
-2.66 0.018217748002487395 0.8
-2.65 0.01856446674238631 0.8
-2.64 0.018917495224898825 0.8
-2.63 0.01927774022188946 0.8
-2.62 0.019645142673530014 0.8
-2.61 0.02002005015923677 0.8
-2.6 0.020402207850555017 0.8
-2.59 0.02079080657421303 0.8
-2.58 0.021186421874360085 0.8
-2.57 0.021589538380787344 0.8
-2.56 0.022000450336863472 0.8
-2.55 0.022420090440648133 0.8
-2.54 0.02284808506546586 0.8
-2.53 0.02328386472063423 0.8
-2.52 0.023727659283315883 0.8
-2.51 0.024179114001548475 0.8
-2.5 0.024638897313550272 0.8
-2.4899999999999998 0.025108089859515813 0.8
-2.48 0.02558662367478674 0.8
-2.4699999999999998 0.026074935972487844 0.8
-2.46 0.026572740415208088 0.8
-2.4499999999999997 0.027079215379210663 0.8
-2.44 0.027594869909290266 0.8
-2.43 0.028119775999106044 0.8
-2.42 0.028654548200630986 0.8
-2.41 0.02920041216892478 0.8
-2.4 0.029757195091408013 0.8
-2.39 0.03032516388253966 0.8
-2.38 0.030904089323261517 0.8
-2.37 0.0314931182398056 0.8
-2.36 0.03209281787427144 0.8
-2.35 0.032703257669557124 0.8
-2.34 0.03332513116868848 0.8
-2.33 0.0339597265857579 0.8
-2.32 0.03460697793746979 0.8
-2.31 0.03526745625836064 0.8
-2.3 0.03594084982509355 0.8
-2.29 0.03662638680187068 0.8
-2.28 0.03732446647130516 0.8
-2.27 0.038034697363149086 0.8
-2.26 0.03875793971901252 0.8
-2.25 0.039495268028890515 0.8
-2.2399999999999998 0.04024700948273883 0.8
-2.23 0.041014407477150024 0.8
-2.2199999999999998 0.04179714288614344 0.8
-2.21 0.04259509215334026 0.8
-2.1999999999999997 0.04340819613149607 0.8
-2.19 0.044235548375711746 0.8
-2.18 0.04507786983384408 0.8
-2.17 0.045935222299489396 0.8
-2.16 0.0468085028670243 0.8
-2.15 0.04769910394827845 0.8
-2.14 0.04860727245953642 0.8
-2.13 0.04953426655269933 0.8
-2.12 0.050479767274219565 0.8
-2.11 0.0514436483785315 0.8
-2.1 0.05242586498105298 0.8
-2.09 0.05342547373802848 0.8
-2.08 0.05444319879633407 0.8
-2.07 0.05547887024029139 0.8
-2.06 0.05653354591124805 0.8
-2.05 0.05760848373751413 0.8
-2.04 0.05870427277787717 0.8
-2.03 0.05982260976671307 0.8
-2.02 0.06096337543484882 0.8
-2.01 0.06212726255605298 0.8
-2.0 0.06331399613835577 0.8
-1.9899999999999998 0.06452293925528574 0.8
-1.98 0.06575438013983934 0.8
-1.9699999999999998 0.06700741572606385 0.8
-1.96 0.06828304860237364 0.8
-1.9499999999999997 0.06958142942520369 0.8
-1.94 0.07090374872589149 0.8
-1.9299999999999997 0.07225151876138541 0.8
-1.92 0.0736254478028778 0.8
-1.9100000000000001 0.07502748910751109 0.8
-1.9 0.07645766137442513 0.8
-1.8900000000000001 0.07791709327422171 0.8
-1.88 0.07940551447477649 0.8
-1.87 0.08092269937697387 0.8
-1.8599999999999999 0.0824687272701692 0.8
-1.85 0.08404259755228907 0.8
-1.8399999999999999 0.08564510073318198 0.8
-1.83 0.08727562893143224 0.8
-1.8199999999999998 0.0889355208811539 0.8
-1.81 0.09062542385350765 0.8
-1.7999999999999998 0.09234669541866014 0.8
-1.79 0.0941012193898914 0.8
-1.7799999999999998 0.09588986562626785 0.8
-1.77 0.09771493698539423 0.8
-1.7599999999999998 0.09957665680830428 0.8
-1.75 0.10147671105087944 0.8
-1.7399999999999998 0.10341493256111066 0.8
-1.73 0.10539177465673927 0.8
-1.7199999999999998 0.10740716439838631 0.8
-1.71 0.10946044026575039 0.8
-1.6999999999999997 0.11155204846002226 0.8
-1.69 0.11368093496966274 0.8
-1.6799999999999997 0.11584821452059527 0.8
-1.67 0.11805334389581158 0.8
-1.6600000000000001 0.12029793489334846 0.8
-1.65 0.12258258771320657 0.8
-1.6400000000000001 0.12490903353901169 0.8
-1.63 0.1272791183973011 0.8
-1.62 0.12969429839785304 0.8
-1.6099999999999999 0.132157249682558 0.8
-1.6 0.13466890772985016 0.8
-1.5899999999999999 0.1372320689738556 0.8
-1.58 0.13984712977204197 0.8
-1.5699999999999998 0.14251630454804717 0.8
-1.56 0.14523963818980293 0.8
-1.5499999999999998 0.14801831613961858 0.8
-1.54 0.1508523354070421 0.8
-1.5299999999999998 0.15374177769632486 0.8
-1.52 0.15668689951030076 0.8
-1.5099999999999998 0.15968695233824814 0.8
-1.5 0.16274267142078286 0.8
-1.4899999999999998 0.1658529754570374 0.8
-1.48 0.1690191618024658 0.8
-1.4699999999999998 0.17224037420141275 0.8
-1.46 0.17551841931345058 0.8
-1.4499999999999997 0.1788531374672908 0.8
-1.44 0.18224669074050373 0.8
-1.4299999999999997 0.18569990636843536 0.8
-1.42 0.1892150987870999 0.8
-1.4100000000000001 0.19279415868059668 0.8
-1.4 0.19643935171433685 0.8
-1.3900000000000001 0.2001535157573073 0.8
-1.38 0.20393870691536756 0.8
-1.37 0.20779845630290936 0.8
-1.3599999999999999 0.21173451077869967 0.8
-1.35 0.21575077101047738 0.8
-1.3399999999999999 0.21984863994772283 0.8
-1.33 0.2240320576823762 0.8
-1.3199999999999998 0.22830210495283765 0.8
-1.31 0.2326624727224648 0.8
-1.2999999999999998 0.2371139818859061 0.8
-1.29 0.24165985589622893 0.8
-1.2799999999999998 0.24630074084381695 0.8
-1.27 0.25103925499603125 0.8
-1.2599999999999998 0.2558759616093967 0.8
-1.25 0.26081281248710864 0.8
-1.2399999999999998 0.2658503728772209 0.8
-1.23 0.270989931725118 0.8
-1.2199999999999998 0.27623213005818403 0.8
-1.21 0.2815776413757757 0.8
-1.1999999999999997 0.2870272294035069 0.8
-1.19 0.2925810362860612 0.8
-1.1799999999999997 0.29823999898376535 0.8
-1.17 0.3040038059520701 0.8
-1.1600000000000001 0.30987354352210417 0.8
-1.15 0.31584857355859963 0.8
-1.1400000000000001 0.3219302308264494 0.8
-1.13 0.3281175548135198 0.8
-1.12 0.33441189820567313 0.8
-1.1099999999999999 0.3408122279940979 0.8
-1.1 0.3473203785636941 0.8
-1.0899999999999999 0.35393491981552366 0.8
-1.08 0.3606571484304585 0.8
-1.0699999999999998 0.367486037984741 0.8
-1.06 0.3744242736375643 0.8
-1.0499999999999998 0.3814698020215973 0.8
-1.04 0.38862305272115694 0.8
-1.0299999999999998 0.3958835533025429 0.8
-1.02 0.4032557244088101 0.8
-1.0099999999999998 0.41073631056463267 0.8
-1.0 0.4183235195740184 0
-0.9900000000000002 0.4259505415019334 0
-0.9799999999999995 0.4336221067989611 0
-0.9699999999999998 0.4413307293166572 0
-0.96 0.4490692247537565 0
-0.9500000000000002 0.45683686926868183 0
-0.9399999999999995 0.4646399739626296 0
-0.9299999999999997 0.4724701850619327 0
-0.9199999999999999 0.4803202878387705 0
-0.9100000000000001 0.4881881579391857 0
-0.9000000000000004 0.4960761720053114 0
-0.8899999999999997 0.5039783337489906 0
-0.8799999999999999 0.5118934897401121 0
-0.8700000000000001 0.5198150514709101 0
-0.8600000000000003 0.5277368920321535 0
-0.8499999999999996 0.5356565771369924 0
-0.8399999999999999 0.5435779257538836 0
-0.8300000000000001 0.551492412855551 0
-0.8200000000000003 0.5593929849471346 0
-0.8099999999999996 0.5672754159616812 0
-0.7999999999999998 0.575136332069409 0
-0.79 0.5829719577347588 0
-0.7800000000000002 0.5907834410691444 0
-0.7699999999999996 0.5985627902952106 0
-0.7599999999999998 0.6063004538067015 0
-0.75 0.6139942435357054 0
-0.7400000000000002 0.6216412515018288 0
-0.7299999999999995 0.6292387244721388 0
-0.7199999999999998 0.6367860406082604 0
-0.71 0.64427767465043 0
-0.7000000000000002 0.6517034180617824 0
-0.6899999999999995 0.6590639410996745 0
-0.6799999999999997 0.6663557572057089 0
-0.6699999999999999 0.6735798055813205 0
-0.6600000000000001 0.680736592933239 0
-0.6499999999999995 0.6878239584733827 0
-0.6399999999999997 0.6948336675257033 0
-0.6299999999999999 0.7017686431889493 0
-0.6200000000000001 0.7086250612469961 0
-0.6100000000000003 0.7154074190573384 0
-0.5999999999999996 0.722119762293024 0
-0.5899999999999999 0.7287615627746215 0
-0.5800000000000001 0.7353302040624227 0
-0.5700000000000003 0.7418261204276809 0
-0.5599999999999996 0.7482451090516898 0
-0.5499999999999998 0.7545900669490992 0
-0.54 0.7608660291539255 0
-0.5300000000000002 0.7670705304382097 0
-0.5199999999999996 0.7732072400743046 0
-0.5099999999999998 0.7792693579345327 0
-0.5 0.785251932678941 0
-0.4900000000000002 0.7911508581809089 0
-0.47999999999999954 0.7969639032690777 0
-0.46999999999999975 0.8026874347998239 0
-0.45999999999999996 0.8083247861148588 0
-0.4500000000000002 0.8138684117392475 0
-0.4399999999999995 0.8193154000650794 0
-0.4299999999999997 0.8246594710138212 0
-0.41999999999999993 0.8298909012313135 0
-0.41000000000000014 0.8350103059160008 0
-0.39999999999999947 0.840013344663743 0
-0.3899999999999997 0.8449035444516968 0
-0.3799999999999999 0.8496833601111846 0
-0.3700000000000001 0.854353953688002 0
-0.3600000000000003 0.8589145280403029 0
-0.34999999999999964 0.8633659506259449 0
-0.33999999999999986 0.8677031131153353 0
-0.33000000000000007 0.8719292372769345 0
-0.3200000000000003 0.8760442224592588 0
-0.3099999999999996 0.8800494940798742 0
-0.2999999999999998 0.8839515792522911 0
-0.29000000000000004 0.8877452530860299 0
-0.28000000000000025 0.8914337543018772 0
-0.2699999999999996 0.8950081315990751 0
-0.2599999999999998 0.8984626731628296 0
-0.25 0.9017920946185528 0
-0.2400000000000002 0.9049885351550518 0
-0.22999999999999954 0.9080529852134059 0
-0.21999999999999975 0.9109837624609674 0
-0.20999999999999996 0.9137843628073031 0
-0.20000000000000018 0.9164578431658605 0
-0.1899999999999995 0.9190063521370426 0
-0.17999999999999972 0.9214307345967264 0
-0.16999999999999993 0.9237316991867202 0
-0.16000000000000014 0.9259062783764259 0
-0.14999999999999947 0.9279547270849311 0
-0.13999999999999968 0.9298752577064202 0
-0.1299999999999999 0.931666649762946 0
-0.1200000000000001 0.9333315121890993 0
-0.11000000000000032 0.9348658540477051 0
-0.09999999999999964 0.9362731071829447 0
-0.08999999999999986 0.9375484074691682 0
-0.08000000000000007 0.9386904895049646 0
-0.07000000000000028 0.9396979924538489 0
-0.05999999999999961 0.9405649955436567 0
-0.04999999999999982 0.9412955918924973 0
-0.040000000000000036 0.9418851892422613 0
-0.03000000000000025 0.9423397590879468 0
-0.019999999999999574 0.9426610597693089 0
-0.009999999999999787 0.9428508925042239 0
0.0 0.9429156748765061 0
0.009999999999999787 0.9428508925045445 0
0.020000000000000462 0.9426610597697486 0
0.03000000000000025 0.9423397590886282 0
0.040000000000000036 0.9418851892427992 0
0.04999999999999982 0.9412955918931669 0
0.0600000000000005 0.9405649955442863 0
0.07000000000000028 0.939697992454545 0
0.08000000000000007 0.9386904895055702 0
0.08999999999999986 0.9375484074695523 0
0.10000000000000053 0.9362731071830707 0
0.11000000000000032 0.9348658540470507 0
0.1200000000000001 0.9333315121877492 0
0.1299999999999999 0.9316666497607881 0
0.13999999999999968 0.9298752577036588 0
0.15000000000000036 0.9279547270822369 0
0.16000000000000014 0.9259062783745521 0
0.16999999999999993 0.9237316991864774 0
0.17999999999999972 0.9214307345986071 0
0.1900000000000004 0.9190063521408804 0
0.20000000000000018 0.9164578431709797 0
0.20999999999999996 0.913784362812727 0
0.21999999999999975 0.9109837624649638 0
0.23000000000000043 0.9080529852153457 0
0.2400000000000002 0.9049885351540015 0
0.25 0.9017920946147576 0
0.2599999999999998 0.89846267315731 0
0.27000000000000046 0.8950081315927546 0
0.28000000000000025 0.8914337542964832 0
0.29000000000000004 0.8877452530821355 0
0.2999999999999998 0.8839515792502836 0
0.3100000000000005 0.8800494940797192 0
0.3200000000000003 0.8760442224602186 0
0.33000000000000007 0.8719292372790369 0
0.33999999999999986 0.8677031131182964 0
0.35000000000000053 0.8633659506298667 0
0.3600000000000003 0.8589145280455525 0
0.3700000000000001 0.8543539536942594 0
0.3799999999999999 0.8496833601177751 0
0.3899999999999997 0.8449035444576688 0
0.40000000000000036 0.8400133446675816 0
0.41000000000000014 0.8350103059170769 0
0.41999999999999993 0.8298909012292452 0
0.4299999999999997 0.8246594710089644 0
0.4400000000000004 0.8193154000587951 0
0.4500000000000002 0.8138684117320204 0
0.45999999999999996 0.8083247861073953 0
0.46999999999999975 0.8026874347924362 0
0.4800000000000004 0.7969639032612642 0
0.4900000000000002 0.7911508581732123 0
0.5 0.7852519326719093 0
0.5099999999999998 0.7792693579292538 0
0.5200000000000005 0.7732072400720424 0
0.5300000000000002 0.7670705304392901 0
0.54 0.7608660291580502 0
0.5499999999999998 0.7545900669558788 0
0.5600000000000005 0.7482451090599123 0
0.5700000000000003 0.7418261204372137 0
0.5800000000000001 0.7353302040735303 0
0.5899999999999999 0.728761562787146 0
0.6000000000000005 0.7221197623068587 0
0.6100000000000003 0.7154074190716067 0
0.6200000000000001 0.7086250612600126 0
0.6299999999999999 0.7017686432000994 0
0.6399999999999997 0.6948336675344037 0
0.6500000000000004 0.6878239584796075 0
0.6600000000000001 0.6807365929375386 0
0.6699999999999999 0.6735798055831567 0
0.6799999999999997 0.6663557572041078 0
0.6900000000000004 0.6590639410942516 0
0.7000000000000002 0.6517034180521255 0
0.71 0.6442776746369338 0
0.7199999999999998 0.6367860405922101 0
0.7300000000000004 0.6292387244535387 0
0.7400000000000002 0.6216412514805362 0
0.75 0.6139942435116305 0
0.7599999999999998 0.606300453779924 0
0.7700000000000005 0.598562790266614 0
0.7800000000000002 0.5907834410402095 0
0.79 0.582971957705799 0
0.7999999999999998 0.5751363320401987 0
0.8100000000000005 0.5672754159324924 0
0.8200000000000003 0.559392984918524 0
0.8300000000000001 0.5514924128283865 0
0.8399999999999999 0.5435779257296641 0
0.8500000000000005 0.53565657711579 0
0.8600000000000003 0.5277368920133404 0
0.8700000000000001 0.5198150514550999 0
0.8799999999999999 0.5118934897284526 0
0.8899999999999997 0.5039783337420611 0
0.9000000000000004 0.49607617200352666 0
0.9100000000000001 0.48818815794266246 0
0.9199999999999999 0.4803202878469966 0
0.9299999999999997 0.47247018507564537 0
0.9400000000000004 0.4646399739834712 0
0.9500000000000002 0.4568368692963667 0
0.96 0.44906922478720374 0
0.9699999999999998 0.44133072935655576 0
0.9800000000000004 0.433622106846641 0
0.9900000000000002 0.42595054155739887 0
1.0 0.41832351963650166 0
1.0099999999999998 0.4107363106261976 0.8
1.0200000000000005 0.4032557244622822 0.8
1.0300000000000002 0.39588355334839687 0.8
1.04 0.388623052759355 0.8
1.0499999999999998 0.38146980205263104 0.8
1.0600000000000005 0.3744242736621592 0.8
1.0700000000000003 0.36748603800338014 0.8
1.08 0.3606571484433439 0.8
1.0899999999999999 0.3539349198231972 0.8
1.1000000000000005 0.3473203785666136 0.8
1.1100000000000003 0.3408122279927487 0.8
1.12 0.33441189820042766 0.8
1.13 0.32811755480478677 0.8
1.1400000000000006 0.3219302308147695 0.8
1.1500000000000004 0.3158485735443601 0.8
1.1600000000000001 0.30987354350577434 0.8
1.17 0.3040038059341284 0.8
1.1799999999999997 0.2982399989645324 0.8
1.1900000000000004 0.2925810362659724 0.8
1.2000000000000002 0.28702722938300984 0.8
1.21 0.2815776413551891 0.8
1.2199999999999998 0.27623213003795405 0.8
1.2300000000000004 0.27098993170555224 0.8
1.2400000000000002 0.26585037285868396 0.8
1.25 0.2608128124699039 0.8
1.2599999999999998 0.25587596159369735 0.8
1.2700000000000005 0.2510392549821319 0.8
1.2800000000000002 0.24630074083182113 0.8
1.29 0.24165985588634617 0.8
1.2999999999999998 0.23711398187815663 0.8
1.3100000000000005 0.23266247271684565 0.8
1.3200000000000003 0.22830210494937683 0.8
1.33 0.22403205768094642 0.8
1.3399999999999999 0.21984863994823936 0.8
1.3500000000000005 0.21575077101274848 0.8
1.3600000000000003 0.21173451078247083 0.8
1.37 0.20779845630795865 0.8
1.38 0.20393870692136049 0.8
1.3900000000000006 0.20015351576393012 0.8
1.4000000000000004 0.19643935172129587 0.8
1.4100000000000001 0.192794158687556 0.8
1.42 0.18921509879373039 0.8
1.4299999999999997 0.18569990637441972 0.8
1.4400000000000004 0.18224669074564026 0.8
1.4500000000000002 0.17885313747138845 0.8
1.46 0.17551841931633144 0.8
1.4699999999999998 0.1722403742030419 0.8
1.4800000000000004 0.16901916180285068 0.8
1.4900000000000002 0.16585297545621128 0.8
1.5 0.16274267141891877 0.8
1.5099999999999998 0.15968695233553545 0.8
1.5200000000000005 0.15668689950694767 0.8
1.5300000000000002 0.15374177769264077 0.8
1.54 0.15085233540330623 0.8
1.5499999999999998 0.1480183161361155 0.8
1.5600000000000005 0.14523963818676178 0.8
1.5700000000000003 0.14251630454573092 0.8
1.58 0.1398471297705329 0.8
1.5899999999999999 0.1372320689732655 0.8
1.6000000000000005 0.13466890773015977 0.8
1.6100000000000003 0.1321572496836912 0.8
1.62 0.1296942983996397 0.8
1.63 0.12727911839954192 0.8
1.6400000000000006 0.1249090335414154 0.8
1.6500000000000004 0.12258258771552397 0.8
1.6600000000000001 0.12029793489539045 0.8
1.67 0.11805334389728864 0.8
1.6799999999999997 0.1158482145214472 0.8
1.6900000000000004 0.11368093496979471 0.8
1.7000000000000002 0.1115520484594696 0.8
1.71 0.10946044026460998 0.8
1.7199999999999998 0.10740716439685398 0.8
1.7300000000000004 0.1053917746550606 0.8
1.7400000000000002 0.10341493255945176 0.8
1.75 0.10147671104953844 0.8
1.7599999999999998 0.09957665680741719 0.8
1.7700000000000005 0.09771493698509395 0.8
1.7800000000000002 0.09588986562652649 0.8
1.79 0.09410121939065687 0.8
1.7999999999999998 0.09234669541981806 0.8
1.8100000000000005 0.09062542385478908 0.8
1.8200000000000003 0.08893552088237891 0.8
1.83 0.08727562893236121 0.8
1.8399999999999999 0.08564510073372307 0.8
1.8500000000000005 0.08404259755232242 0.8
1.8600000000000003 0.08246872726971927 0.8
1.87 0.08092269937615333 0.8
1.88 0.07940551447376264 0.8
1.8900000000000006 0.07791709327326854 0.8
1.9000000000000004 0.07645766137364421 0.8
1.9100000000000001 0.07502748910713203 0.8
1.92 0.07362544780289694 0.8
1.9299999999999997 0.07225151876181983 0.8
1.9400000000000004 0.07090374872662923 0.8
1.9500000000000002 0.06958142942600859 0.8
1.96 0.06828304860313622 0.8
1.9699999999999998 0.06700741572652445 0.8
1.9800000000000004 0.06575438013993701 0.8
1.9900000000000002 0.064522939255014 0.8
2.0 0.06331399613780272 0.8
2.01 0.06212726255538353 0.8
2.0200000000000005 0.06096337543421381 0.8
2.0300000000000002 0.05982260976631757 0.8
2.04 0.05870427277779611 0.8
2.05 0.057608483737767585 0.8
2.0600000000000005 0.05653354591175075 0.8
2.0700000000000003 0.05547887024085583 0.8
2.08 0.05444319879681601 0.8
2.09 0.05342547373826892 0.8
2.1000000000000005 0.052425864980998535 0.8
2.1100000000000003 0.051443648378203324 0.8
2.12 0.05047976727373056 0.8
2.13 0.04953426655223804 0.8
2.1400000000000006 0.04860727245923974 0.8
2.1500000000000004 0.047699103948248806 0.8
2.16 0.046808502867276704 0.8
2.17 0.045935222299885926 0.8
2.1799999999999997 0.045077869834267724 0.8
2.1900000000000004 0.04423554837596716 0.8
2.2 0.043408196131522726 0.8
2.21 0.04259509215313481 0.8
2.2199999999999998 0.04179714288577221 0.8
2.2300000000000004 0.041014407476803766 0.8
2.24 0.040247009482530724 0.8
2.25 0.03949526802892285 0.8
2.26 0.038757939719255056 0.8
2.2700000000000005 0.038034697363471745 0.8
2.2800000000000002 0.037324466471601064 0.8
2.29 0.036626386801964825 0.8
2.3 0.03594084982498047 0.8
2.3100000000000005 0.03526745625809621 0.8
2.3200000000000003 0.03460697793716688 0.8
2.33 0.03395972658560458 0.8
2.34 0.03332513116871532 0.8
2.3500000000000005 0.032703257669756854 0.8
2.3600000000000003 0.032092817874557575 0.8
2.37 0.03149311823997842 0.8
2.38 0.03090408932328249 0.8
2.3900000000000006 0.03032516388238179 0.8
2.4000000000000004 0.02975719509115383 0.8
2.41 0.029200412168761927 0.8
2.42 0.028654548200602 0.8
2.4299999999999997 0.0281197759992449 0.8
2.4400000000000004 0.027594869909519978 0.8
2.45 0.027079215379353514 0.8
2.46 0.026572740415224085 0.8
2.4699999999999998 0.026074935972352185 0.8
2.4800000000000004 0.025586623674572116 0.8
2.49 0.025108089859396013 0.8
2.5 0.024638897313574312 0.8
2.51 0.024179114001716837 0.8
2.5200000000000005 0.023727659283502976 0.8
2.5300000000000002 0.023283864720593038 0.8
2.54 0.022848085065399867 0.8
2.55 0.02242009044087234 0.8
2.5600000000000005 0.022000450336686232 0.8
2.5700000000000003 0.021589538379404822 0.8
2.58 0.021186421874562288 0.8
2.59 0.02079080657927207 0.8
2.6000000000000005 0.020402207850401012 0.8
2.6100000000000003 0.0200200501420953 0.8
2.62 0.01964514267397765 0.8
2.63 0.019277740279212443 0.8
2.6400000000000006 0.018917495223568805 0.8
2.6500000000000004 0.018564466555302746 0.8
2.66 0.018217748004704975 0.8
2.67 0.017876709936258315 0.8
2.6799999999999997 0.017541997006666848 0.8
2.6900000000000004 0.017213683238324094 0.8
2.7 0.016891819223261318 0.8
2.71 0.016576630231872225 0.8
2.7199999999999998 0.016267107459047823 0.8
2.7300000000000004 0.015962645537935045 0.8
2.74 0.015663813849700024 0.8
2.75 0.015370664109725018 0.8
2.76 0.015083237145025213 0.8
2.7700000000000005 0.014801697811173771 0.8
2.7800000000000002 0.014525296902640992 0.8
2.79 0.01425362677421864 0.8
2.8 0.013986776304222067 0.8
2.8100000000000005 0.013724433804352607 0.8
2.8200000000000003 0.013467842046622778 0.8
2.83 0.013218167493877915 0.8
2.84 0.012971410835514379 0.8
2.8500000000000005 0.01272461590048087 0.8
2.8600000000000003 0.012485897080008372 0.8
2.87 0.012260736811438933 0.8
2.88 0.012032829547116349 0.8
2.8900000000000006 0.011791537203994817 0.8
2.9000000000000004 0.011568598632841811 0.8
2.91 0.01138370040047825 0.8
2.92 0.011175823338321724 0.8
2.9300000000000006 0.010909185696820582 0.8
2.9400000000000004 0.010695319415017834 0.8
2.95 0.010595182476809717 0.8
2.96 0.01041600611597738 0.8
2.9699999999999998 0.010060452510935519 0.8
2.9800000000000004 0.00983939975799579 0.8
2.99 0.009896000385155843 0.8
3.0 0.009765236794594196 0.8
3.01 0.009255029181007296 0.8
3.0199999999999996 0.009002522376781128 0.8
3.0299999999999994 0.009237634026974318 0.8
3.040000000000001 0.009172296171196302 0.8
3.0500000000000007 0.008568576693076537 0.8
3.0600000000000005 0.00828196631148536 0.8
3.0700000000000003 0.008509235302887528 0.8
3.08 0.008475232772178584 0.8
3.09 0.008078490139596705 0.8
3.0999999999999996 0.007831512322291727 0.8
3.1099999999999994 0.007706487834301248 0.8
3.120000000000001 0.0075975752831978684 0.8
3.130000000000001 0.007648184942095397 0.8
3.1400000000000006 0.007545026853189059 0.8
3.1500000000000004 0.0071015110618037666 0.8
3.16 0.0068742651647580606 0.8
3.17 0.006986231965807783 0.8
3.1799999999999997 0.006952224772708371 0.8
3.1899999999999995 0.006789391131748335 0.8
3.1999999999999993 0.00662318240171939 0.8
3.210000000000001 0.006312440976855858 0.8
3.2200000000000006 0.006149954140904865 0.8
3.2300000000000004 0.006287938219081829 0.8
3.24 0.006263641779395766 0.8
3.25 0.006041652834054511 0.8
3.26 0.00586559295697961 0.8
3.2699999999999996 0.005625870533180568 0.8
3.2799999999999994 0.005496554101289067 0.8
3.290000000000001 0.0056203681689146355 0.8
3.3000000000000007 0.005601539833019446 0.8
3.3100000000000005 0.005413698489710132 0.8
3.3200000000000003 0.005256068329664889 0.8
3.33 0.005013669859159957 0.8
3.34 0.004883928183166288 0.8
3.3499999999999996 0.004983214862756645 0.8
3.3599999999999994 0.004973757890692148 0.8
3.370000000000001 0.004881468532999703 0.8
3.380000000000001 0.004765176135659348 0.8
3.3900000000000006 0.004495403221249645 0.8
3.4000000000000004 0.004345509627553913 0.8
3.41 0.004369117008630064 0.8
3.42 0.004351497343903667 0.8
3.4299999999999997 0.004386980106448892 0.8
3.4399999999999995 0.00433536289738751 0.8
3.4499999999999993 0.004100358800442376 0.8
3.460000000000001 0.003946548253281771 0.8
3.4700000000000006 0.0038247902736517512 0.8
3.4800000000000004 0.003755802703118648 0.8
3.49 0.0038472112961882837 0.8
3.5 0.0038486035940654773 0.8
3.51 0.003776552620336027 0.8
3.5199999999999996 0.003683950584416506 0.8
3.5299999999999994 0.003462648110667611 0.8
3.540000000000001 0.003330451371294171 0.8
3.5500000000000007 0.003293118717112131 0.8
3.5600000000000005 0.0032651492852073887 0.8
3.5700000000000003 0.0033461480219270515 0.8
3.58 0.0033445763855673386 0.8
3.59 0.0032503037148644246 0.8
3.5999999999999996 0.0031550915659175607 0.8
3.6099999999999994 0.002962805847785238 0.8
3.620000000000001 0.0028469948209198805 0.8
3.630000000000001 0.0028153288225731318 0.8
3.6400000000000006 0.002793462604510954 0.8
3.6500000000000004 0.002870298218792273 0.8
3.66 0.002877631778706122 0.8
3.67 0.002824138076015094 0.8
3.6799999999999997 0.0027535085744449825 0.8
3.6899999999999995 0.0025807703753513603 0.8
3.700000000000001 0.0024681118049823605 0.8
3.710000000000001 0.002389299682980638 0.8
3.7200000000000006 0.0023455663068715047 0.8
3.7300000000000004 0.0024052939523434252 0.8
3.74 0.0024216083236009824 0.8
3.75 0.002446265506875735 0.8
3.76 0.0024239694804084324 0.8
3.7699999999999996 0.0023089844130784946 0.8
3.7799999999999994 0.002216363509603396 0.8
3.790000000000001 0.002078215682978843 0.8
3.8000000000000007 0.0019929414114598413 0.8
3.8100000000000005 0.0019704092684980673 0.8
3.8200000000000003 0.001957910293000185 0.8
3.83 0.0020215171761634267 0.8
3.84 0.0020410313014176396 0.8
3.8499999999999996 0.002049822552871841 0.8
3.8599999999999994 0.0020250786776187584 0.8
3.870000000000001 0.0019226094090004113 0.8
3.880000000000001 0.0018398656705392112 0.8
3.8900000000000006 0.0017179693702089635 0.8
3.9000000000000004 0.0016394001469219159 0.8
3.91 0.0016037590134560826 0.8
3.92 0.001585047233300299 0.8
3.9299999999999997 0.0016341440720393308 0.8
3.9399999999999995 0.001655873942049664 0.8
3.950000000000001 0.0016953552410278604 0.8
3.960000000000001 0.0016974746041037553 0.8
3.9700000000000006 0.0016513336638084876 0.8
3.9800000000000004 0.001600761290770462 0.8
3.99 0.0014926208964538745 0.8
4.0 0.001412883830632104 0.8
4.01 0.0013267220208428635 0.8
4.02 0.001272002304422008 0.8
4.029999999999999 0.0012616801238731572 0.8
4.040000000000001 0.001258348621639054 0.8
4.050000000000001 0.001305513658848298 0.8
4.0600000000000005 0.0013295834815501596 0.8
4.07 0.0013675132990166225 0.8
4.08 0.0013754874020866857 0.8
4.09 0.0013510843195633782 0.8
4.1 0.0013176235924869297 0.8
4.109999999999999 0.0012361669038074509 0.8
4.120000000000001 0.0011705655907216662 0.8
4.130000000000001 0.0010823856199876712 0.8
4.140000000000001 0.0010198251609592117 0.8
4.15 0.0009737136053233825 0.8
4.16 0.0009457719922224256 0.8
4.17 0.000956374536685387 0.8
4.18 0.0009663349093773861 0.8
4.1899999999999995 0.0010104065165235313 0.8
4.200000000000001 0.0010357098459661289 0.8
4.210000000000001 0.0010706745946564929 0.8
4.220000000000001 0.0010829844888969667 0.8
4.23 0.001075882240612748 0.8
4.24 0.001058049319488431 0.8
4.25 0.0010055150018145975 0.8
4.26 0.0009585952104557971 0.8
4.27 0.000884140136874156 0.8
4.279999999999999 0.0008254300007890018 0.8
4.290000000000001 0.0007608357590729334 0.8
4.300000000000001 0.0007135699282051349 0.8
4.3100000000000005 0.0006813171812485007 0.8
4.32 0.00066116858887008 0.8
4.33 0.0006666573722955551 0.8
4.34 0.0006742672320842541 0.8
4.35 0.000706677246745727 0.8
4.359999999999999 0.0007302122209408303 0.8
4.370000000000001 0.0007688838698663361 0.8
4.380000000000001 0.0007921392735980504 0.8
4.390000000000001 0.0008159610582332454 0.8
4.4 0.0008255448852817744 0.8
4.41 0.0008216116292065787 0.8
4.42 0.0008106203969637502 0.8
4.43 0.0007781286080166459 0.8
4.4399999999999995 0.0007470055468379074 0.8
4.450000000000001 0.0006952286581792719 0.8
4.460000000000001 0.0006507323831013796 0.8
4.470000000000001 0.000593518638549644 0.8
4.48 0.0005460993496543032 0.8
4.49 0.0004964503780934956 0.8
4.5 0.0004566511093427876 0.8
4.51 0.0004234613339485197 0.8
4.52 0.0003986705761343019 0.8
4.529999999999999 0.00038573110715274186 0.8
4.540000000000001 0.00037853796208614884 0.8
4.550000000000001 0.0003849771232874609 0.8
4.5600000000000005 0.00039345343094836346 0.8
4.57 0.00041487399940442284 0.8
4.58 0.0004341478511596093 0.8
4.59 0.000464077728923319 0.8
4.6 0.0004882176732357155 0.8
4.609999999999999 0.0005196447064781655 0.8
4.620000000000001 0.0005431367272928008 0.8
4.630000000000001 0.0005698741587968154 0.8
4.640000000000001 0.0005884478117067159 0.8
4.65 0.0006060770344937202 0.8
4.66 0.0006169801551755569 0.8
4.67 0.0006232341660664249 0.8
4.68 0.000625169338173362 0.8
4.6899999999999995 0.0006197963365905245 0.8
4.700000000000001 0.0006126949877546589 0.8
4.710000000000001 0.0005969763536293541 0.8
4.720000000000001 0.0005817099008304638 0.8
4.73 0.0005578478535171443 0.8
4.74 0.0005359228839904338 0.8
4.75 0.0005064726598188972 0.8
4.76 0.0004797373730428334 0.8
4.77 0.00044718150185138234 0.8
4.779999999999999 0.00041756704632511663 0.8
4.790000000000001 0.0003840566061882474 0.8
4.800000000000001 0.0003533737188404877 0.8
4.8100000000000005 0.00032061433358761965 0.8
4.82 0.00029041718823907115 0.8
4.83 0.0002596579303049136 0.8
4.84 0.00023117551431442213 0.8
4.85 0.00020325861997374267 0.8
4.859999999999999 0.00017738371642574157 0.8
4.870000000000001 0.00015282217305723596 0.8
4.880000000000001 0.00013014204962710104 0.8
4.890000000000001 0.00010920334255332153 0.8
4.9 9.005499984431201e-05 0.8
4.91 7.283878994736479e-05 0.8
4.92 5.7373864571588015e-05 0.8
4.93 4.3877936874775445e-05 0.8
4.9399999999999995 3.212630430598863e-05 0.8
4.950000000000001 2.229902299847961e-05 0.8
4.960000000000001 1.4224288145447586e-05 0.8
4.970000000000001 8.003735032173229e-06 0.8
4.98 3.547213101219393e-06 0.8
4.99 8.878803064182506e-07 0.8
