-5.0 6.48650596026001e-07 0.8
-4.99 2.6007333468178145e-06 0.8
-4.98 5.846311346231218e-06 0.8
-4.97 1.0424430593587406e-05 0.8
-4.96 1.6285011831624294e-05 0.8
-4.95 2.3531362968605373e-05 0.8
-4.94 3.204319455472978e-05 0.8
-4.93 4.200779776798002e-05 0.8
-4.92 5.321747223763553e-05 0.8
-4.91 6.594435774134445e-05 0.8
-4.9 7.989671602021774e-05 0.8
-4.89 9.54051617544395e-05 0.8
-4.88 0.00011212668022623952 0.8
-4.87 0.00013038757274855264 0.8
-4.86 0.00014986498852039717 0.8
-4.85 0.000170772891497658 0.8
-4.84 0.00019292695957935283 0.8
-4.83 0.0002162692684453514 0.8
-4.82 0.00024092389863620927 0.8
-4.81 0.000266349529165311 0.8
-4.8 0.0002931972185144104 0.8
-4.79 0.00032018854203627806 0.8
-4.78 0.0003487541219771495 0.8
-4.77 0.0003766071393079965 0.8
-4.76 0.00040621351179759605 0.8
-4.75 0.00043403225689425293 0.8
-4.74 0.0004637740514953617 0.8
-4.73 0.000490485553504854 0.8
-4.72 0.0005192193696662468 0.8
-4.71 0.0005436147964325836 0.8
-4.7 0.0005699774404808137 0.8
-4.69 0.0005907830593172797 0.8
-4.68 0.0006132509874632232 0.8
-4.67 0.0006292293830685114 0.8
-4.66 0.0006462319035831709 0.8
-4.65 0.0006563099706921373 0.8
-4.64 0.0006664037507478203 0.8
-4.63 0.0006698201143321874 0.8
-4.62 0.0006719215254811817 0.8
-4.61 0.0006683828943417999 0.8
-4.6 0.0006620373839863295 0.8
-4.59 0.000651870759268416 0.8
-4.58 0.000637517074318229 0.8
-4.57 0.0006218011584493583 0.8
-4.56 0.0006009687247384407 0.8
-4.55 0.0005816206157047904 0.8
-4.54 0.0005569894510525697 0.8
-4.53 0.0005367698431619774 0.8
-4.52 0.0005120326842462003 0.8
-4.51 0.0004944168433825314 0.8
-4.5 0.0004739160483463437 0.8
-4.49 0.000462769484620899 0.8
-4.48 0.0004509300017695228 0.8
-4.47 0.0004499459178702756 0.8
-4.46 0.0004505733646252109 0.8
-4.45 0.0004624925010090765 0.8
-4.4399999999999995 0.0004780338393118213 0.8
-4.43 0.0005037778747579623 0.8
-4.42 0.000534646736088674 0.8
-4.41 0.000572619897716829 0.8
-4.4 0.0006166892153688553 0.8
-4.39 0.000662567723103172 0.8
-4.38 0.0007149624930247026 0.8
-4.37 0.0007622209327840827 0.8
-4.36 0.0008156112871753801 0.8
-4.35 0.0008568080543367285 0.8
-4.34 0.0009024441231950592 0.8
-4.33 0.0009309893682025818 0.8
-4.32 0.0009606047412261644 0.8
-4.31 0.0009725288463546583 0.8
-4.3 0.0009808712162473142 0.8
-4.29 0.0009761231391824533 0.8
-4.28 0.0009633394637392495 0.8
-4.27 0.0009463192143078967 0.8
-4.26 0.0009190690668415246 0.8
-4.25 0.0008982254846681365 0.8
-4.24 0.0008686194147637208 0.8
-4.23 0.0008548992593173379 0.8
-4.22 0.0008372261934735289 0.8
-4.21 0.0008411730285621294 0.8
-4.2 0.0008474080078031615 0.8
-4.1899999999999995 0.0008752377388992419 0.8
-4.18 0.0009108150369505717 0.8
-4.17 0.0009608910620014296 0.8
-4.16 0.001022010801696516 0.8
-4.15 0.0010839367098272074 0.8
-4.14 0.0011573200131228187 0.8
-4.13 0.0012151293502622334 0.8
-4.12 0.0012811055297099279 0.8
-4.11 0.0013196868150273785 0.8
-4.1 0.00135907319941751 0.8
-4.09 0.0013708119651430622 0.8
-4.08 0.001374012357405413 0.8
-4.07 0.0013625960259001986 0.8
-4.06 0.001336358385323421 0.8
-4.05 0.0013163640045808986 0.8
-4.04 0.0012829761598282421 0.8
-4.03 0.0012750564421344726 0.8
-4.02 0.0012627267892370943 0.8
-4.01 0.0012846923623467785 0.8
-4.0 0.0013137123181326147 0.8
-3.99 0.0013700942674445826 0.8
-3.98 0.001441790463615076 0.8
-3.9699999999999998 0.0015184548293138737 0.8
-3.96 0.0016120672834675225 0.8
-3.95 0.0016821847799700393 0.8
-3.94 0.0017625323414020672 0.8
-3.9299999999999997 0.001802164120558762 0.8
-3.92 0.0018380335575240076 0.8
-3.91 0.0018410024220117084 0.8
-3.9 0.0018265340965323243 0.8
-3.8899999999999997 0.0018093357831315507 0.8
-3.88 0.0017722324305921983 0.8
-3.87 0.001766287636301583 0.8
-3.86 0.0017527181435592347 0.8
-3.8499999999999996 0.0017865206240815685 0.8
-3.84 0.0018306779934186034 0.8
-3.83 0.0019082613364914743 0.8
-3.8200000000000003 0.0020082301153853165 0.8
-3.81 0.002102166583310356 0.8
-3.8 0.002216402428972973 0.8
-3.79 0.002285028808233503 0.8
-3.7800000000000002 0.002357691980776301 0.8
-3.77 0.002378958960599779 0.8
-3.76 0.0023815682035590803 0.8
-3.75 0.0023694432167711012 0.8
-3.74 0.002331197455539333 0.8
-3.73 0.002330108266409505 0.8
-3.7199999999999998 0.002317973441465034 0.8
-3.71 0.0023674951853402265 0.8
-3.7 0.0024326845961616813 0.8
-3.69 0.002534271233163711 0.8
-3.6799999999999997 0.0026656674588794566 0.8
-3.67 0.0027723528218137772 0.8
-3.66 0.0028994168356232366 0.8
-3.65 0.0029586857162072007 0.8
-3.6399999999999997 0.0030092020071318133 0.8
-3.63 0.0030136294498834077 0.8
-3.62 0.0029854027274321153 0.8
-3.61 0.0029811843332238 0.8
-3.5999999999999996 0.002955073530213831 0.8
-3.59 0.0030043562745122277 0.8
-3.58 0.003066411762165221 0.8
-3.5700000000000003 0.003182294875428123 0.8
-3.56 0.0033347419856957416 0.8
-3.55 0.003460081243429787 0.8
-3.54 0.0036108381286308095 0.8
-3.5300000000000002 0.0036774062286672998 0.8
-3.52 0.003728648689046894 0.8
-3.51 0.0037335250311302617 0.8
-3.5 0.003697826211655062 0.8
-3.49 0.003712329458282518 0.8
-3.48 0.003710884980353687 0.8
-3.4699999999999998 0.0038040492638274485 0.8
-3.46 0.003927276514825053 0.8
-3.45 0.004078680193808725 0.8
-3.44 0.004274138143407427 0.8
-3.4299999999999997 0.004390591097058685 0.8
-3.42 0.004512505692227937 0.8
-3.41 0.004545528634053053 0.8
-3.4 0.004534881575747764 0.8
-3.3899999999999997 0.0045466054904330575 0.8
-3.38 0.004525037449603978 0.8
-3.37 0.004615834280998677 0.8
-3.36 0.004732812692459429 0.8
-3.3499999999999996 0.004904851354868372 0.8
-3.34 0.005130774619814435 0.8
-3.33 0.0052716907075773 0.8
-3.3200000000000003 0.005422347445746693 0.8
-3.31 0.005465927973695923 0.8
-3.3 0.005458217104237538 0.8
-3.29 0.005485373418018429 0.8
-3.2800000000000002 0.005477899956587688 0.8
-3.27 0.0056052301331181486 0.8
-3.26 0.005772943779172136 0.8
-3.25 0.005974369744394013 0.8
-3.24 0.006235203670834196 0.8
-3.23 0.006368277211539645 0.8
-3.2199999999999998 0.006487935613796126 0.8
-3.21 0.006522808535990247 0.8
-3.2 0.006490807660792148 0.8
-3.19 0.006567251736519846 0.8
-3.1799999999999997 0.006640063438271618 0.8
-3.17 0.006844985199349976 0.8
-3.16 0.007122773594435586 0.8
-3.15 0.007328734852733294 0.8
-3.1399999999999997 0.007564879851954417 0.8
-3.13 0.007643972295392244 0.8
-3.12 0.00765595439580275 0.8
-3.11 0.0077161143958183 0.8
-3.0999999999999996 0.007736363005792876 0.8
-3.09 0.007937602501316648 0.8
-3.08 0.008208587216037531 0.8
-3.0700000000000003 0.008460682751529012 0.8
-3.06 0.008770193953035278 0.8
-3.05 0.008888123999060851 0.8
-3.04 0.008941856801438585 0.8
-3.0300000000000002 0.009011683787937654 0.8
-3.02 0.009023981704000863 0.8
-3.01 0.009246741407725046 0.8
-3.0 0.009544640518701315 0.8
-2.9899999999999998 0.009829052392498459 0.8
-2.98 0.010179118713193 0.8
-2.9699999999999998 0.010310750635032126 0.8
-2.96 0.01036364696469014 0.8
-2.95 0.01046317642846795 0.8
-2.94 0.010510946264593132 0.8
-2.93 0.010792330114339815 0.8
-2.92 0.01117468227897257 0.8
-2.91 0.011471896214075685 0.8
-2.9 0.011812352917992278 0.8
-2.89 0.01193152906623069 0.8
-2.88 0.011940030870201672 0.8
-2.87 0.012111815296342634 0.8
-2.86 0.01228189463536214 0.8
-2.85 0.012645160222864497 0.8
-2.84 0.01313704186182624 0.8
-2.83 0.013393919354603533 0.8
-2.82 0.013614202332333776 0.8
-2.81 0.013737912080940598 0.8
-2.8 0.013751170593182444 0.8
-2.79 0.014071118907368237 0.8
-2.78 0.014496217376240175 0.8
-2.77 0.014881917449288016 0.8
-2.76 0.015343153503284804 0.8
-2.75 0.015512270506657327 0.8
-2.7399999999999998 0.015539623645605011 0.8
-2.73 0.01580000053787013 0.8
-2.7199999999999998 0.016083585930460276 0.8
-2.71 0.016542103919015082 0.8
-2.6999999999999997 0.01715029021817741 0.8
-2.69 0.01740325065165523 0.8
-2.68 0.017540191139358022 0.8
-2.67 0.01777315043225407 0.8
-2.66 0.017954350642340425 0.8
-2.65 0.018455918733423806 0.8
-2.64 0.01914219894710434 0.8
-2.63 0.01947495114053561 0.8
-2.62 0.0197212750842415 0.8
-2.61 0.019961776158744764 0.8
-2.6 0.020104305690778517 0.8
-2.59 0.02064901743758189 0.8
-2.58 0.02140227743867756 0.8
-2.57 0.02178435880191457 0.8
-2.56 0.022082305107259906 0.8
-2.55 0.022364443310009648 0.8
-2.54 0.02253978987561263 0.8
-2.53 0.023152945565231682 0.8
-2.52 0.024000137590571177 0.8
-2.51 0.02438690441449116 0.8
-2.5 0.024637432224494965 0.8
-2.4899999999999998 0.025000958862034416 0.8
-2.48 0.02531046392805193 0.8
-2.4699999999999998 0.025997253468147064 0.8
-2.46 0.026929671374686905 0.8
-2.4499999999999997 0.02728136141134079 0.8
-2.44 0.027396632040384648 0.8
-2.43 0.02793319019107955 0.8
-2.42 0.02856938033033706 0.8
-2.41 0.02926195524835568 0.8
-2.4 0.030095730223037607 0.8
-2.39 0.030434004692725853 0.8
-2.38 0.03049063913743203 0.8
-2.37 0.03127760103715728 0.8
-2.36 0.0323891452071014 0.8
-2.35 0.032915527873365796 0.8
-2.34 0.03326347534073361 0.8
-2.33 0.03383434390891684 0.8
-2.32 0.034403000151301065 0.8
-2.31 0.035264028893029625 0.8
-2.3 0.03636525117256043 0.8
-2.29 0.036767457619263075 0.8
-2.28 0.03679243284776977 0.8
-2.27 0.037812783195488996 0.8
-2.26 0.039314704769180385 0.8
-2.25 0.0397589630203175 0.8
-2.2399999999999998 0.039746704053208785 0.8
-2.23 0.04075672131878234 0.8
-2.2199999999999998 0.04220117370240923 0.8
-2.21 0.04281088317308294 0.8
-2.1999999999999997 0.043099045216123164 0.8
-2.19 0.044062229263709805 0.8
-2.18 0.045292910159278436 0.8
-2.17 0.04606510042642992 0.8
-2.16 0.04667703547762583 0.8
-2.15 0.0476249914228036 0.8
-2.14 0.04870343135503919 0.8
-2.13 0.049593831243399736 0.8
-2.12 0.05042981075897694 0.8
-2.11 0.05140699479306163 0.8
-2.1 0.05244523822344612 0.8
-2.09 0.05343143204920606 0.8
-2.08 0.05441449129660657 0.8
-2.07 0.05545755477143512 0.8
-2.06 0.056534857512381735 0.8
-2.05 0.057612713433323325 0.8
-2.04 0.058705159756473044 0.8
-2.03 0.05982951454267581 0.8
-2.02 0.06097782083054889 0.8
-2.01 0.06214199730504762 0.8
-2.0 0.06332494248258325 0.8
-1.9899999999999998 0.06453142158376905 0.8
-1.98 0.0657596508166891 0.8
-1.9699999999999998 0.06700868136669973 0.8
-1.96 0.06828008466380246 0.8
-1.9499999999999997 0.0695754890189847 0.8
-1.94 0.07089607790701846 0.8
-1.9299999999999997 0.07224213846158684 0.8
-1.92 0.07361554144814866 0.8
-1.9100000000000001 0.07501661585766055 0.8
-1.9 0.07644677736066828 0.8
-1.8900000000000001 0.07790624027995029 0.8
-1.88 0.07939559965200343 0.8
-1.87 0.0809145732595008 0.8
-1.8599999999999999 0.08246320280476797 0.8
-1.85 0.08404228129096833 0.8
-1.8399999999999999 0.08565080308049862 0.8
-1.83 0.08728833651974463 0.8
-1.8199999999999998 0.08895456729134942 0.8
-1.81 0.09065174056896418 0.8
-1.7999999999999998 0.09237876915228721 0.8
-1.79 0.09413474217834442 0.8
-1.7799999999999998 0.09592095734707458 0.8
-1.77 0.09774114829514234 0.8
-1.7599999999999998 0.09959536163843308 0.8
-1.75 0.10148166457523494 0.8
-1.7399999999999998 0.10340324210323021 0.8
-1.73 0.10536412494118061 0.8
-1.7199999999999998 0.10736531365556737 0.8
-1.71 0.10940472056061944 0.8
-1.6999999999999997 0.11148542573710425 0.8
-1.69 0.11360949052001368 0.8
-1.6799999999999997 0.11577822977133062 0.8
-1.67 0.11799179950637519 0.8
-1.6600000000000001 0.12025088244649058 0.8
-1.65 0.12255416452832879 0.8
-1.6400000000000001 0.1249027944871382 0.8
-1.63 0.12729974796975452 0.8
-1.62 0.1297435023419219 0.8
-1.6099999999999999 0.13223205450127434 0.8
-1.6 0.13476546120178393 0.8
-1.5899999999999999 0.13734574519631326 0.8
-1.58 0.13997200812989238 0.8
-1.5699999999999998 0.14264625242824308 0.8
-1.56 0.14536715249895749 0.8
-1.5499999999999998 0.1481335904363439 0.8
-1.54 0.15094662420909202 0.8
-1.5299999999999998 0.15381028025541507 0.8
-1.52 0.15672447248808222 0.8
-1.5099999999999998 0.15969017151358716 0.8
-1.5 0.16270852584040976 0.8
-1.4899999999999998 0.16577951962166237 0.8
-1.48 0.16890625646771745 0.8
-1.4699999999999998 0.17209309918627133 0.8
-1.46 0.1753417577455438 0.8
-1.4499999999999997 0.178652321520362 0.8
-1.44 0.18202792345002405 0.8
-1.4299999999999997 0.18546869291460452 0.8
-1.42 0.18897888864602883 0.8
-1.4100000000000001 0.19256253278043706 0.8
-1.4 0.19622194069330617 0.8
-1.3900000000000001 0.19995671491540773 0.8
-1.38 0.20377005283321295 0.8
-1.37 0.2076615179648799 0.8
-1.3599999999999999 0.21163503061617459 0.8
-1.35 0.2156943637240246 0.8
-1.3399999999999999 0.21984108980854383 0.8
-1.33 0.22407515356225435 0.8
-1.3199999999999998 0.22839830258546903 0.8
-1.31 0.23280926878155342 0.8
-1.2999999999999998 0.23731080677290697 0.8
-1.29 0.24190646731033896 0.8
-1.2799999999999998 0.24659679675183108 0.8
-1.27 0.2513831678894975 0.8
-1.2599999999999998 0.25626542140697106 0.8
-1.25 0.2612416955798219 0.8
-1.2399999999999998 0.26631338768786966 0.8
-1.23 0.2714831004043127 0.8
-1.2199999999999998 0.2767509948828859 0.8
-1.21 0.2821205800978492 0.8
-1.1999999999999997 0.28759029241060374 0.8
-1.19 0.29315889675435775 0.8
-1.1799999999999997 0.2988262772148191 0.8
-1.17 0.3045928866211595 0.8
-1.1600000000000001 0.31045912365216444 0.8
-1.15 0.3164297302664626 0.8
-1.1400000000000001 0.3225030128111639 0.8
-1.13 0.3286805026879462 0.8
-1.12 0.3349604796880868 0.8
-1.1099999999999999 0.34134149744043424 0.8
-1.1 0.34782372870940803 0.8
-1.0899999999999999 0.3544100828678291 0.8
-1.08 0.36110004204346957 0.8
-1.0699999999999998 0.3678984770128787 0.8
-1.06 0.3748030163359949 0.8
-1.0499999999999998 0.38181379135970867 0.8
-1.04 0.38892940376376645 0.8
-1.0299999999999998 0.39614896242862013 0.8
-1.02 0.4034726660867895 0.8
-1.0099999999999998 0.41090458888772086 0.8
-1.0 0.41844364158306474 0
-0.9900000000000002 0.42602686591119887 0
-0.9799999999999995 0.4336490988618274 0
-0.9699999999999998 0.44130740950361824 0
-0.96 0.44899777738536184 0
-0.9500000000000002 0.4567167326707494 0
-0.9399999999999995 0.4644616520859837 0
-0.9299999999999997 0.4722339970502526 0
-0.9199999999999999 0.48002973563851875 0
-0.9100000000000001 0.48785093120598294 0
-0.9000000000000004 0.4956917016627468 0
-0.8899999999999997 0.5035489599323129 0
-0.8799999999999999 0.5114176619884401 0
-0.8700000000000001 0.5192931033321514 0
-0.8600000000000003 0.5271718711934661 0
-0.8499999999999996 0.5350537856831395 0
-0.8399999999999999 0.5429345845452974 0
-0.8300000000000001 0.550816300238162 0
-0.8200000000000003 0.5586925484477849 0
-0.8099999999999996 0.5665609972119596 0
-0.7999999999999998 0.5744152986357034 0
-0.79 0.5822492104077467 0
-0.7800000000000002 0.5900583672054994 0
-0.7699999999999996 0.5978391284935245 0
-0.7599999999999998 0.6055877568008482 0
-0.75 0.6133049694543198 0
-0.7400000000000002 0.6209854257897076 0
-0.7299999999999995 0.6286285331152459 0
-0.7199999999999998 0.6362279610622479 0
-0.71 0.6437777872177969 0
-0.7000000000000002 0.6512733238240035 0
-0.6899999999999995 0.6587070510636585 0
-0.6799999999999997 0.666076769277172 0
-0.6699999999999999 0.673379106428524 0
-0.6600000000000001 0.6806124385701945 0
-0.6499999999999995 0.6877769921775332 0
-0.6399999999999997 0.6948700759931533 0
-0.6299999999999999 0.7018898078585214 0
-0.6200000000000001 0.7088334959386676 0
-0.6100000000000003 0.7156945166215344 0
-0.5999999999999996 0.7224724815287228 0
-0.5899999999999999 0.7291600581703452 0
-0.5800000000000001 0.7357595765443065 0
-0.5700000000000003 0.7422682922106091 0
-0.5599999999999996 0.7486891940073396 0
-0.5499999999999998 0.7550240109229377 0
-0.54 0.7612743292803223 0
-0.5300000000000002 0.7674413369265907 0
-0.5199999999999996 0.7735253536132234 0
-0.5099999999999998 0.7795235072751985 0
-0.5 0.7854364981237658 0
-0.4900000000000002 0.7912594702078616 0
-0.47999999999999954 0.7969942020859407 0
-0.46999999999999975 0.802638784208255 0
-0.45999999999999996 0.8081946300558785 0
-0.4500000000000002 0.8136647384363815 0
-0.4399999999999995 0.8190479280038517 0
-0.4299999999999997 0.8243488980117581 0
-0.41999999999999993 0.8295631104960741 0
-0.41000000000000014 0.8346920113230197 0
-0.39999999999999947 0.8397291580201764 0
-0.3899999999999997 0.8446709963005755 0
-0.3799999999999999 0.849511507097515 0
-0.3700000000000001 0.8542449612146918 0
-0.3600000000000003 0.8588670819668307 0
-0.34999999999999964 0.8633742326792855 0
-0.33999999999999986 0.8677635754781478 0
-0.33000000000000007 0.8720351620118112 0
-0.3200000000000003 0.8761866561839872 0
-0.3099999999999996 0.8802195508040704 0
-0.2999999999999998 0.8841318179175044 0
-0.29000000000000004 0.8879227800755864 0
-0.28000000000000025 0.8915916426594325 0
-0.2699999999999996 0.8951340768174869 0
-0.2599999999999998 0.8985516434166946 0
-0.25 0.9018383767201087 0
-0.2400000000000002 0.904998198452589 0
-0.22999999999999954 0.9080273221416786 0
-0.21999999999999975 0.9109304027774046 0
-0.20999999999999996 0.9137083602341861 0
-0.20000000000000018 0.9163640655162255 0
-0.1899999999999995 0.9189024403921193 0
-0.17999999999999972 0.9213226415402642 0
-0.16999999999999993 0.9236301828551595 0
-0.16000000000000014 0.9258203523801515 0
-0.14999999999999947 0.9278955116397772 0
-0.13999999999999968 0.929848866562581 0
-0.1299999999999999 0.9316779479364159 0
-0.1200000000000001 0.9333767072026917 0
-0.11000000000000032 0.9349391199743955 0
-0.09999999999999964 0.9363623546126774 0
-0.08999999999999986 0.9376400875123905 0
-0.08000000000000007 0.9387736673258081 0
-0.07000000000000028 0.9397597099514919 0
-0.05999999999999961 0.9406028110574963 0
-0.04999999999999982 0.9413040000680946 0
-0.040000000000000036 0.9418687680130524 0
-0.03000000000000025 0.9423016695581217 0
-0.019999999999999574 0.9426064025383664 0
-0.009999999999999787 0.942788468124717 0
0.0 0.9428479612156229 0
0.009999999999999787 0.942788468127949 0
0.020000000000000462 0.9426064025444328 0
0.03000000000000025 0.9423016695660994 0
0.040000000000000036 0.9418687680220402 0
0.04999999999999982 0.9413040000767705 0
0.0600000000000005 0.9406028110648208 0
0.07000000000000028 0.9397597099564753 0
0.08000000000000007 0.9387736673277884 0
0.08999999999999986 0.9376400875112647 0
0.10000000000000053 0.9363623546084613 0
0.11000000000000032 0.9349391199679393 0
0.1200000000000001 0.9333767071944948 0
0.1299999999999999 0.9316779479278336 0
0.13999999999999968 0.9298488665543934 0
0.15000000000000036 0.927895511633069 0
0.16000000000000014 0.9258203523756608 0
0.16999999999999993 0.923630182853064 0
0.17999999999999972 0.9213226415408464 0
0.1900000000000004 0.9189024403947584 0
0.20000000000000018 0.9163640655207813 0
0.20999999999999996 0.9137083602396928 0
0.21999999999999975 0.910930402783633 0
0.23000000000000043 0.9080273221477564 0
0.2400000000000002 0.9049981984583174 0
0.25 0.9018383767253609 0
0.2599999999999998 0.8985516434212144 0
0.27000000000000046 0.8951340768215577 0
0.28000000000000025 0.8915916426628561 0
0.29000000000000004 0.8879227800784745 0
0.2999999999999998 0.884131817919483 0
0.3100000000000005 0.8802195508047681 0
0.3200000000000003 0.8761866561830535 0
0.33000000000000007 0.8720351620085897 0
0.33999999999999986 0.8677635754724897 0
0.35000000000000053 0.863374232671035 0
0.3600000000000003 0.8588670819564312 0
0.3700000000000001 0.854244961202724 0
0.3799999999999999 0.8495115070849625 0
0.3899999999999997 0.8446709962886215 0
0.40000000000000036 0.8397291580098503 0
0.41000000000000014 0.8346920113151874 0
0.41999999999999993 0.8295631104913683 0
0.4299999999999997 0.8243488980105459 0
0.4400000000000004 0.8190479280058617 0
0.4500000000000002 0.8136647384411072 0
0.45999999999999996 0.8081946300628184 0
0.46999999999999975 0.8026387842168445 0
0.4800000000000004 0.7969942020959527 0
0.4900000000000002 0.7912594702190271 0
0.5 0.7854364981362958 0
0.5099999999999998 0.7795235072890884 0
0.5200000000000005 0.7735253536285658 0
0.5300000000000002 0.7674413369430954 0
0.54 0.7612743292975067 0
0.5499999999999998 0.7550240109397682 0
0.5600000000000005 0.7486891940230086 0
0.5700000000000003 0.7422682922239312 0
0.5800000000000001 0.7357595765545636 0
0.5899999999999999 0.7291600581768731 0
0.6000000000000005 0.7224724815316372 0
0.6100000000000003 0.715694516620963 0
0.6200000000000001 0.7088334959349041 0
0.6299999999999999 0.7018898078520928 0
0.6399999999999997 0.6948700759839271 0
0.6500000000000004 0.6877769921654441 0
0.6600000000000001 0.680612438554763 0
0.6699999999999999 0.6733791064094147 0
0.6799999999999997 0.6660767692541398 0
0.6900000000000004 0.6587070510368397 0
0.7000000000000002 0.6512733237941019 0
0.71 0.6437777871855913 0
0.7199999999999998 0.6362279610285007 0
0.7300000000000004 0.6286285330809361 0
0.7400000000000002 0.620985425755034 0
0.75 0.613304969419469 0
0.7599999999999998 0.6055877567659987 0
0.7700000000000005 0.5978391284582907 0
0.7800000000000002 0.5900583671704717 0
0.79 0.5822492103733486 0
0.7999999999999998 0.5744152986027674 0
0.8100000000000005 0.5665609971816332 0
0.8200000000000003 0.5586925484206211 0
0.8300000000000001 0.550816300214721 0
0.8399999999999999 0.5429345845257855 0
0.8500000000000005 0.535053785667278 0
0.8600000000000003 0.5271718711814306 0
0.8700000000000001 0.519293103323937 0
0.8799999999999999 0.5114176619845743 0
0.8899999999999997 0.5035489599336312 0
0.9000000000000004 0.4956917016698067 0
0.9100000000000001 0.4878509312195266 0
0.9199999999999999 0.4800297356586231 0
0.9299999999999997 0.47223399707666486 0
0.9400000000000004 0.46446165211874985 0
0.9500000000000002 0.4567167327094624 0
0.96 0.44899777743043034 0
0.9699999999999998 0.44130740955559095 0
0.9800000000000004 0.4336490989212065 0
0.9900000000000002 0.4260268659785795 0
1.0 0.4184436416583225 0
1.0099999999999998 0.4109045889624474 0.8
1.0200000000000005 0.40347266615280597 0.8
1.0300000000000002 0.3961489624858906 0.8
1.04 0.3889294038128922 0.8
1.0499999999999998 0.3818137914015079 0.8
1.0600000000000005 0.37480301637105606 0.8
1.0700000000000003 0.36789847704206163 0.8
1.08 0.36110004206693713 0.8
1.0899999999999999 0.3544100828855496 0.8
1.1000000000000005 0.3478237287215115 0.8
1.1100000000000003 0.3413414974470431 0.8
1.12 0.33496047968985704 0.8
1.13 0.32868050268576793 0.8
1.1400000000000006 0.3225030128055115 0.8
1.1500000000000004 0.31642973025785104 0.8
1.1600000000000001 0.31045912364063233 0.8
1.17 0.30459288660662465 0.8
1.1799999999999997 0.2988262771975494 0.8
1.1900000000000004 0.2931588967349331 0.8
1.2000000000000002 0.28759029238954253 0.8
1.21 0.28212058007599133 0.8
1.2199999999999998 0.2767509948605712 0.8
1.2300000000000004 0.2714831003814577 0.8
1.2400000000000002 0.26631338766466855 0.8
1.25 0.2612416955562269 0.8
1.2599999999999998 0.25626542138350605 0.8
1.2700000000000005 0.25138316786697384 0.8
1.2800000000000002 0.24659679673047674 0.8
1.29 0.2419064672904351 0.8
1.2999999999999998 0.23731080675448066 0.8
1.3100000000000005 0.2328092687642655 0.8
1.3200000000000003 0.22839830256964958 0.8
1.33 0.22407515354830754 0.8
1.3399999999999999 0.21984108979674297 0.8
1.3500000000000005 0.21569436371462614 0.8
1.3600000000000003 0.21163503060898686 0.8
1.37 0.20766151795943666 0.8
1.38 0.20377005282955726 0.8
1.3900000000000006 0.1999567149135971 0.8
1.4000000000000004 0.19622194069340598 0.8
1.4100000000000001 0.1925625327826288 0.8
1.42 0.18897888864988657 0.8
1.4299999999999997 0.18546869291945117 0.8
1.4400000000000004 0.1820279234557405 0.8
1.4500000000000002 0.17865232152678606 0.8
1.46 0.1753417577526586 0.8
1.4699999999999998 0.17209309919409327 0.8
1.4800000000000004 0.16890625647575286 0.8
1.4900000000000002 0.16577951962922793 0.8
1.5 0.1627085258472847 0.8
1.5099999999999998 0.15969017151983889 0.8
1.5200000000000005 0.15672447249364632 0.8
1.5300000000000002 0.1538102802603165 0.8
1.54 0.15094662421297955 0.8
1.5499999999999998 0.1481335904387063 0.8
1.5600000000000005 0.1453671524999497 0.8
1.5700000000000003 0.14264625242830728 0.8
1.58 0.13997200812902763 0.8
1.5899999999999999 0.13734574519457876 0.8
1.6000000000000005 0.13476546119917862 0.8
1.6100000000000003 0.13223205449773298 0.8
1.62 0.12974350233783724 0.8
1.63 0.12729974796584248 0.8
1.6400000000000006 0.12490279448344706 0.8
1.6500000000000004 0.12255416452454736 0.8
1.6600000000000001 0.120250882442852 0.8
1.67 0.11799179950347623 0.8
1.6799999999999997 0.11577822976948886 0.8
1.6900000000000004 0.11360949051891552 0.8
1.7000000000000002 0.11148542573590238 0.8
1.71 0.1094047205606263 0.8
1.7199999999999998 0.10736531365929151 0.8
1.7300000000000004 0.10536412494355388 0.8
1.7400000000000002 0.10340324209677948 0.8
1.75 0.10148166457588595 0.8
1.7599999999999998 0.09959536166788747 0.8
1.7700000000000005 0.09774114830305573 0.8
1.7800000000000002 0.09592095726856313 0.8
1.79 0.0941347421634812 0.8
1.7999999999999998 0.09237876938826592 0.8
1.8100000000000005 0.09065174061926891 0.8
1.8200000000000003 0.08895456662629593 0.8
1.83 0.0872883363738495 0.8
1.8399999999999999 0.08565080491415406 0.8
1.8500000000000005 0.08404228170265708 0.8
1.8600000000000003 0.08246319787361325 0.8
1.87 0.08091457211313674 0.8
1.88 0.07939561253740315 0.8
1.8900000000000006 0.07790624336269973 0.8
1.9000000000000004 0.076446744600552 0.8
1.9100000000000001 0.07501660778038204 0.8
1.92 0.07361562235185198 0.8
1.9299999999999997 0.0722421589981245 0.8
1.9400000000000004 0.07089588398028714 0.8
1.9500000000000002 0.06957543838230387 0.8
1.96 0.06828053536278098 0.8
1.9699999999999998 0.06700880233090563 0.8
1.9800000000000004 0.06575863647863572 0.8
1.9900000000000002 0.06453114196256278 0.8
2.0 0.06332715030949711 0.8
2.01 0.06214262219837724 0.8
2.0200000000000005 0.06097318007137894 0.8
2.0300000000000002 0.059828166298061564 0.8
2.04 0.05871456515119307 0.8
2.05 0.057615518782910734 0.8
2.0600000000000005 0.05651651327813383 0.8
2.0700000000000003 0.05545193900240627 0.8
2.08 0.0544488576019121 0.8
2.09 0.05344223637241623 0.8
2.1000000000000005 0.05238357060091049 0.8
2.1100000000000003 0.05138710812885265 0.8
2.12 0.05053555584129777 0.8
2.13 0.049628862393622915 0.8
2.1400000000000006 0.04853095280676228 0.8
2.1500000000000004 0.047566433685851124 0.8
2.16 0.046943877929592634 0.8
2.17 0.04615829320027174 0.8
2.1799999999999997 0.04490445450990431 0.8
2.1900000000000004 0.04392313201137649 0.8
2.2 0.04362890045591642 0.8
2.21 0.04300659347110171 0.8
2.2199999999999998 0.04153358665714691 0.8
2.2300000000000004 0.04050296619310805 0.8
2.24 0.04051480580240642 0.8
2.25 0.040061318051436264 0.8
2.26 0.03853101415959059 0.8
2.2700000000000005 0.03749167691763342 0.8
2.2800000000000002 0.03746703826097326 0.8
2.29 0.03705841451626128 0.8
2.3 0.0359369581278603 0.8
2.3100000000000005 0.03506044874769254 0.8
2.3200000000000003 0.03448098066892757 0.8
2.33 0.03389909825843556 0.8
2.34 0.03354385293718097 0.8
2.3500000000000005 0.033006382015052925 0.8
2.3600000000000003 0.03187293322982556 0.8
2.37 0.031070045717441395 0.8
2.38 0.031012222574089598 0.8
2.3900000000000006 0.030667523848723746 0.8
2.4000000000000004 0.029818463922749446 0.8
2.41 0.02911362755384469 0.8
2.42 0.02846596209340669 0.8
2.4299999999999997 0.027920042094730584 0.8
2.4400000000000004 0.027802638898970566 0.8
2.45 0.027444167922162335 0.8
2.46 0.026493397879860728 0.8
2.4699999999999998 0.025792628920903397 0.8
2.4800000000000004 0.02547669025123014 0.8
2.49 0.02510552391765187 0.8
2.5 0.02485029389306241 0.8
2.51 0.02445642400992303 0.8
2.5200000000000005 0.023593677657523106 0.8
2.5300000000000002 0.022969715563783865 0.8
2.54 0.022791400806187332 0.8
2.55 0.022504340590388586 0.8
2.5600000000000005 0.02220046020290433 0.8
2.5700000000000003 0.021810577203032304 0.8
2.58 0.02104241797667952 0.8
2.59 0.020486545110057784 0.8
2.6000000000000005 0.02034116980064208 0.8
2.6100000000000003 0.020096021246276467 0.8
2.62 0.01984542822337109 0.8
2.63 0.019507068448512847 0.8
2.6400000000000006 0.018808095588986617 0.8
2.6500000000000004 0.01829746726486327 0.8
2.66 0.018112646824798823 0.8
2.67 0.01787486456902253 0.8
2.6799999999999997 0.01773485576376058 0.8
2.6900000000000004 0.0174763601638447 0.8
2.7 0.016856516620165338 0.8
2.71 0.01638926795679005 0.8
2.7199999999999998 0.01610067083703932 0.8
2.7300000000000004 0.015835997857787852 0.8
2.74 0.01580838164943072 0.8
2.75 0.015636357530379712 0.8
2.76 0.015166057760994481 0.8
2.7700000000000005 0.014772494633569892 0.8
2.7800000000000002 0.014338956620775393 0.8
2.79 0.014012429388041474 0.8
2.8 0.013999037554941151 0.8
2.8100000000000005 0.013873286163642055 0.8
2.8200000000000003 0.01364917347766113 0.8
2.83 0.01338797828002767 0.8
2.84 0.012886693895689843 0.8
2.8500000000000005 0.012516362771479276 0.8
2.8600000000000003 0.01234270042023269 0.8
2.87 0.012167066947313456 0.8
2.88 0.01215834298327304 0.8
2.8900000000000006 0.01203691043639282 0.8
2.9000000000000004 0.011690294098997512 0.8
2.91 0.011387975135974403 0.8
2.92 0.010998422703829981 0.8
2.9300000000000006 0.01071173121794861 0.8
2.9400000000000004 0.010662767408428786 0.8
2.95 0.010560813380723486 0.8
2.96 0.010506801469449292 0.8
2.9699999999999998 0.010372576433687521 0.8
2.9800000000000004 0.010016123861060613 0.8
2.99 0.009726794351820724 0.8
3.0 0.0094233036341685 0.8
3.01 0.009196363554997035 0.8
3.0199999999999996 0.009183575993995155 0.8
3.0299999999999994 0.009111930289912218 0.8
3.040000000000001 0.009057111164920379 0.8
3.0500000000000007 0.00893692148826052 0.8
3.0600000000000005 0.008621779072752349 0.8
3.0700000000000003 0.008365344255941817 0.8
3.08 0.008089196384800889 0.8
3.09 0.007884046988305592 0.8
3.0999999999999996 0.007863175402541384 0.8
3.1099999999999994 0.007801438093034024 0.8
3.120000000000001 0.007789280691499774 0.8
3.130000000000001 0.007708873834568369 0.8
3.1400000000000006 0.007468446190926051 0.8
3.1500000000000004 0.007258910721622182 0.8
3.16 0.006975689619974137 0.8
3.17 0.006766562281883574 0.8
3.1799999999999997 0.00669221894281939 0.8
3.1899999999999995 0.006614104369977601 0.8
3.1999999999999993 0.006646894708575959 0.8
3.210000000000001 0.006611752848771167 0.8
3.2200000000000006 0.006489864139754829 0.8
3.2300000000000004 0.006354268891171919 0.8
3.24 0.0060882546349668954 0.8
3.25 0.0058826173026717155 0.8
3.26 0.0057117831736822906 0.8
3.2699999999999996 0.005582226310798864 0.8
3.2799999999999994 0.005589986009864036 0.8
3.290000000000001 0.005562552501775151 0.8
3.3000000000000007 0.005570251548416462 0.8
3.3100000000000005 0.005525477823605283 0.8
3.3200000000000003 0.0053719294907713915 0.8
3.33 0.005228357035460272 0.8
3.34 0.004998305691172738 0.8
3.3499999999999996 0.004823299941583286 0.8
3.3599999999999994 0.004703974468185019 0.8
3.370000000000001 0.004611172483444889 0.8
3.380000000000001 0.004633088232792184 0.8
3.3900000000000006 0.004621072615858913 0.8
3.4000000000000004 0.004632085356852297 0.8
3.41 0.004598772134974441 0.8
3.42 0.004474431823351706 0.8
3.4299999999999997 0.00435550474931261 0.8
3.4399999999999995 0.004156266674077804 0.8
3.4499999999999993 0.004001917221029321 0.8
3.460000000000001 0.003876495391474177 0.8
3.4700000000000006 0.0037818547139415893 0.8
3.4800000000000004 0.003783222162245783 0.8
3.49 0.0037681695801057183 0.8
3.5 0.0038045272739844135 0.8
3.51 0.003799576661540636 0.8
3.5199999999999996 0.0037474857667990536 0.8
3.5299999999999994 0.003679895066755833 0.8
3.540000000000001 0.0035261154294354657 0.8
3.5500000000000007 0.0033980709425841965 0.8
3.5600000000000005 0.003242790112299219 0.8
3.5700000000000003 0.0031248773893271134 0.8
3.58 0.00306168432670087 0.8
3.59 0.003011519921190079 0.8
3.5999999999999996 0.003038010790023705 0.8
3.6099999999999994 0.0030420494616414367 0.8
3.620000000000001 0.0030709416882704933 0.8
3.630000000000001 0.0030667583890957844 0.8
3.6400000000000006 0.0030151920330227337 0.8
3.6500000000000004 0.0029545549853175345 0.8
3.66 0.0028250803350018056 0.8
3.67 0.002716420401504547 0.8
3.6799999999999997 0.0025825924149297888 0.8
3.6899999999999995 0.0024791949802653924 0.8
3.700000000000001 0.0024126415680752254 0.8
3.710000000000001 0.002361913807001438 0.8
3.7200000000000006 0.002374412775457529 0.8
3.7300000000000004 0.002375863682663472 0.8
3.74 0.002414712944706333 0.8
3.75 0.0024267121999134206 0.8
3.76 0.002424166890368979 0.8
3.7699999999999996 0.002402811983343571 0.8
3.7799999999999994 0.0023286670109186314 0.8
3.790000000000001 0.0022584866322640793 0.8
3.8000000000000007 0.0021421476440872077 0.8
3.8100000000000005 0.00204659389434698 0.8
3.8200000000000003 0.0019446731005748742 0.8
3.83 0.0018654980968067839 0.8
3.84 0.0018205253172318585 0.8
3.8499999999999996 0.0017861508882966982 0.8
3.8599999999999994 0.0017999659301127875 0.8
3.870000000000001 0.001805979266201874 0.8
3.880000000000001 0.001843796273532551 0.8
3.8900000000000006 0.0018613489046812835 0.8
3.9000000000000004 0.001876089053597815 0.8
3.91 0.001873048734328513 0.8
3.92 0.0018364981894628742 0.8
3.9299999999999997 0.0017961190022854694 0.8
3.9399999999999995 0.0017142391618975032 0.8
3.950000000000001 0.0016427818994364052 0.8
3.960000000000001 0.0015473864239426626 0.8
3.9700000000000006 0.0014692630257942339 0.8
3.9800000000000004 0.0013962004511242916 0.8
3.99 0.0013387434268138584 0.8
4.0 0.0013091706272839506 0.8
4.01 0.0012867868690439683 0.8
4.02 0.001299351418270936 0.8
4.029999999999999 0.001307421884005425 0.8
4.040000000000001 0.0013414459100726227 0.8
4.050000000000001 0.0013618213303057906 0.8
4.0600000000000005 0.0013885588975497086 0.8
4.07 0.0014001927270331145 0.8
4.08 0.0013969313567997056 0.8
4.09 0.0013849689324196485 0.8
4.1 0.0013448320802517712 0.8
4.109999999999999 0.0013055156643060426 0.8
4.120000000000001 0.001238282377740587 0.8
4.130000000000001 0.0011793715452230727 0.8
4.140000000000001 0.0011045899990662677 0.8
4.15 0.001041484156509584 0.8
4.16 0.0009791998436820882 0.8
4.17 0.0009281696721311984 0.8
4.18 0.0008919144855797184 0.8
4.1899999999999995 0.0008635544877872381 0.8
4.200000000000001 0.0008572007074920496 0.8
4.210000000000001 0.0008531786695775233 0.8
4.220000000000001 0.0008711884773445964 0.8
4.23 0.0008851700561039607 0.8
4.24 0.0009153402389364576 0.8
4.25 0.0009365809739328737 0.8
4.26 0.0009643503446713968 0.8
4.27 0.0009816948972854074 0.8
4.279999999999999 0.0009947221523924077 0.8
4.290000000000001 0.000999560699135853 0.8
4.300000000000001 0.000991059374042879 0.8
4.3100000000000005 0.0009789080674674887 0.8
4.32 0.0009487284042511627 0.8
4.33 0.0009196392592301493 0.8
4.34 0.0008731336424501445 0.8
4.35 0.000831151913652777 0.8
4.359999999999999 0.0007767442614793254 0.8
4.370000000000001 0.0007285853612059059 0.8
4.380000000000001 0.0006751922633307042 0.8
4.390000000000001 0.0006284395882538703 0.8
4.4 0.0005835305754995563 0.8
4.41 0.0005448338746940114 0.8
4.42 0.0005133768392529076 0.8
4.43 0.0004871422779345906 0.8
4.4399999999999995 0.000471304815562683 0.8
4.450000000000001 0.0004591585724074382 0.8
4.460000000000001 0.0004585191703056964 0.8
4.470000000000001 0.0004595220049018791 0.8
4.48 0.0004715870768093441 0.8
4.49 0.0004829460267358016 0.8
4.5 0.0005038374431407384 0.8
4.51 0.0005217889355659512 0.8
4.52 0.0005469974353665552 0.8
4.529999999999999 0.0005676023068970324 0.8
4.540000000000001 0.0005927027928232573 0.8
4.550000000000001 0.0006124195599899389 0.8
4.5600000000000005 0.0006336489341004239 0.8
4.57 0.0006496643004323036 0.8
4.58 0.0006642914799492375 0.8
4.59 0.000674651819147494 0.8
4.6 0.0006811182366154038 0.8
4.609999999999999 0.0006847242926974323 0.8
4.620000000000001 0.0006825828413397617 0.8
4.630000000000001 0.0006791013824931113 0.8
4.640000000000001 0.0006688152759355927 0.8
4.65 0.0006585451817186424 0.8
4.66 0.0006412186958242703 0.8
4.67 0.0006249358484757207 0.8
4.68 0.0006020398172803754 0.8
4.6899999999999995 0.0005808377689736784 0.8
4.700000000000001 0.0005539728121074371 0.8
4.710000000000001 0.0005291125558062618 0.8
4.720000000000001 0.0004998312466040465 0.8
4.73 0.00047261078465003206 0.8
4.74 0.0004423022910247493 0.8
4.75 0.00041395348861660903 0.8
4.76 0.0003837829974303814 0.8
4.77 0.00035539926976569736 0.8
4.779999999999999 0.0003262894023504063 0.8
4.790000000000001 0.0002987837871756257 0.8
4.800000000000001 0.00027142454297359776 0.8
4.8100000000000005 0.0002455144534468725 0.8
4.82 0.00022039005486924754 0.8
4.83 0.00019660298253717116 0.8
4.84 0.00017402679168379608 0.8
4.85 0.00015272051031763208 0.8
4.859999999999999 0.00013287197260583133 0.8
4.870000000000001 0.00011426313773123228 0.8
4.880000000000001 9.722300808189147e-05 0.8
4.890000000000001 8.141906501192846e-05 0.8
4.9 6.72008590283423e-05 0.8
4.91 5.423147593184656e-05 0.8
4.92 4.280821275077598e-05 0.8
4.93 3.265374436645877e-05 0.8
4.9399999999999995 2.397972866463946e-05 0.8
4.950000000000001 1.6595305828418277e-05 0.8
4.960000000000001 1.0623057298142117e-05 0.8
4.970000000000001 5.957706740553166e-06 0.8
4.98 2.6502876211948508e-06 0.8
4.99 6.610099598379298e-07 0.8
