-5.0 3.823021923833876e-06 0.8
-4.99 1.5298656279366922e-05 0.8
-4.98 3.445803889564425e-05 0.8
-4.97 6.151335562074522e-05 0.8
-4.96 9.548652751378775e-05 0.8
-4.95 0.00013832953008009966 0.8
-4.94 0.00018404732567011886 0.8
-4.93 0.00024085576726539165 0.8
-4.92 0.00029049467198325975 0.8
-4.91 0.00035342329815686785 0.8
-4.9 0.0003942793724479447 0.8
-4.89 0.00044471689410252997 0.8
-4.88 0.00046333126403030596 0.8
-4.87 0.00047371929850881 0.8
-4.86 0.0004622205268476652 0.8
-4.85 0.0004160393561435426 0.8
-4.84 0.0003771449506106045 0.8
-4.83 0.0002993137479243813 0.8
-4.82 0.00025605447065765366 0.8
-4.81 0.0002100690621108289 0.8
-4.8 0.00020855867856572858 0.8
-4.79 0.00024580544560478575 0.8
-4.78 0.00029691467829680713 0.8
-4.77 0.0003972275688704005 0.8
-4.76 0.0004354053552955184 0.8
-4.75 0.00046734491118298265 0.8
-4.74 0.0004507632317239958 0.8
-4.73 0.0003544601227129979 0.8
-4.72 0.00031896190028919024 0.8
-4.71 0.0002881140734931623 0.8
-4.7 0.000324208598411647 0.8
-4.69 0.0004518182583415414 0.8
-4.68 0.0004822303006626033 0.8
-4.67 0.00047272291607792545 0.8
-4.66 0.0004432793544005824 0.8
-4.65 0.000330255999948734 0.8
-4.64 0.0003571577113727229 0.8
-4.63 0.0005337933071330497 0.8
-4.62 0.0005437105599101803 0.8
-4.61 0.0004182306947163074 0.8
-4.6 0.00041471880812300537 0.8
-4.59 0.0004965494478213783 0.8
-4.58 0.0005130489914775703 0.8
-4.57 0.000489173606099719 0.8
-4.56 0.0004944006705457314 0.8
-4.55 0.0005160364901304769 0.8
-4.54 0.0005274555343379553 0.8
-4.53 0.0005336782852498655 0.8
-4.52 0.0005433184833963401 0.8
-4.51 0.0005547038727398771 0.8
-4.5 0.0005654206263117766 0.8
-4.49 0.0005759485393836891 0.8
-4.48 0.0005868868057765783 0.8
-4.47 0.0005981212232332832 0.8
-4.46 0.0006095254750306498 0.8
-4.45 0.0006211295059567182 0.8
-4.4399999999999995 0.0006329630181859181 0.8
-4.43 0.0006450251601462651 0.8
-4.42 0.0006573156971640304 0.8
-4.41 0.0006698399018462562 0.8
-4.4 0.0006826029665526978 0.8
-4.39 0.0006956092952202765 0.8
-4.38 0.0007088634139132692 0.8
-4.37 0.0007223700655264375 0.8
-4.36 0.0007361340765836284 0.8
-4.35 0.0007501603479180902 0.8
-4.34 0.0007644538747813386 0.8
-4.33 0.0007790197498067366 0.8
-4.32 0.0007938631625192287 0.8
-4.31 0.000808989401070675 0.8
-4.3 0.0008244038543908729 0.8
-4.29 0.0008401120141174124 0.8
-4.28 0.0008561194765233504 0.8
-4.27 0.0008724319445099908 0.8
-4.26 0.0008890552296420859 0.8
-4.25 0.0009059952542175495 0.8
-4.24 0.0009232580533779569 0.8
-4.23 0.0009408497772577933 0.8
-4.22 0.0009587766931762302 0.8
-4.21 0.0009770451878696768 0.8
-4.2 0.0009956617697670965 0.8
-4.1899999999999995 0.0010146330713087914 0.8
-4.18 0.0010339658513095337 0.8
-4.17 0.0010536669973659658 0.8
-4.16 0.001073743528311112 0.8
-4.15 0.0010942025967142024 0.8
-4.14 0.001115051491429565 0.8
-4.13 0.0011362976401929116 0.8
-4.12 0.001157948612267781 0.8
-4.11 0.0011800121211421233 0.8
-4.1 0.001202496027276493 0.8
-4.09 0.001225408340904362 0.8
-4.08 0.0012487572248858938 0.8
-4.07 0.0012725509976157319 0.8
-4.06 0.0012967981359875407 0.8
-4.05 0.001321507278412782 0.8
-4.04 0.0013466872278992796 0.8
-4.03 0.0013723469551868363 0.8
-4.02 0.0013984956019434064 0.8
-4.01 0.001425142484022138 0.8
-4.0 0.0014522970947797183 0.8
-3.99 0.0014799691084593186 0.8
-3.98 0.001508168383636409 0.8
-3.9699999999999998 0.0015369049667315737 0.8
-3.96 0.001566189095589668 0.8
-3.95 0.0015960312031265422 0.8
-3.94 0.0016264419210469587 0.8
-3.9299999999999997 0.001657432083631534 0.8
-3.92 0.0016890127315967183 0.8
-3.91 0.001721195116028793 0.8
-3.9 0.001753990702391378 0.8
-3.8899999999999997 0.0017874111746107796 0.8
-3.88 0.001821468439238465 0.8
-3.87 0.0018561746296925882 0.8
-3.86 0.0018915421105814613 0.8
-3.8499999999999996 0.0019275834821077375 0.8
-3.84 0.0019643115845581235 0.8
-3.83 0.0020017395028774816 0.8
-3.8200000000000003 0.0020398805713307917 0.8
-3.81 0.0020787483782536546 0.8
-3.8 0.0021183567708933752 0.8
-3.79 0.0021587198603418047 0.8
-3.7800000000000002 0.0021998520265634966 0.8
-3.77 0.0022417679235179674 0.8
-3.76 0.002284482484380917 0.8
-3.75 0.0023280109268640544 0.8
-3.74 0.0023723687586368826 0.8
-3.73 0.0024175717828513426 0.8
-3.7199999999999998 0.002463636103772322 0.8
-3.71 0.0025105781325142846 0.8
-3.7 0.002558414592888954 0.8
-3.69 0.002607162527362408 0.8
-3.6799999999999997 0.0026568393031278525 0.8
-3.67 0.002707462618291637 0.8
-3.66 0.0027590505081797785 0.8
-3.65 0.002811621351762323 0.8
-3.6399999999999997 0.00286519387820159 0.8
-3.63 0.0029197871735247597 0.8
-3.62 0.0029754206874232528 0.8
-3.61 0.003032114240182444 0.8
-3.5999999999999996 0.003089888029742357 0.8
-3.59 0.0031487626388942134 0.8
-3.58 0.0032087590426124477 0.8
-3.5700000000000003 0.003269898615528121 0.8
-3.56 0.0033322031395439087 0.8
-3.55 0.003395694811593721 0.8
-3.54 0.0034603962515509464 0.8
-3.5300000000000002 0.003526330510287663 0.8
-3.52 0.0035935210778858593 0.8
-3.51 0.00366199189200681 0.8
-3.5 0.003731767346419147 0.8
-3.49 0.003802872299689682 0.8
-3.48 0.003875332084038892 0.8
-3.4699999999999998 0.0039491725143667045 0.8
-3.46 0.004024419897449218 0.8
-3.45 0.004101101041310889 0.8
-3.44 0.00417924326477499 0.8
-3.4299999999999997 0.004258874407196713 0.8
-3.42 0.0043400228383814465 0.8
-3.41 0.004422717468691666 0.8
-3.4 0.004506987759346671 0.8
-3.3899999999999997 0.004592863732918859 0.8
-3.38 0.004680375984029681 0.8
-3.37 0.004769555690249 0.8
-3.36 0.004860434623203159 0.8
-3.3499999999999996 0.004953045159893958 0.8
-3.34 0.005047420294233048 0.8
-3.33 0.005143593648797145 0.8
-3.3200000000000003 0.005241599486806009 0.8
-3.31 0.005341472724329573 0.8
-3.3 0.005443248942727311 0.8
-3.29 0.005546964401324495 0.8
-3.2800000000000002 0.0056526560503303 0.8
-3.27 0.0057603615440016956 0.8
-3.26 0.005870119254058343 0.8
-3.25 0.005981968283353215 0.8
-3.24 0.006095948479803942 0.8
-3.23 0.006212100450588371 0.8
-3.2199999999999998 0.006330465576612216 0.8
-3.21 0.00645108602725122 0.8
-3.2 0.006574004775375166 0.8
-3.19 0.006699265612656697 0.8
-3.1799999999999997 0.0068269131651738976 0.8
-3.17 0.006956992909308224 0.8
-3.16 0.007089551187946334 0.8
-3.15 0.007224635226990735 0.8
-3.1399999999999997 0.007362293152183612 0.8
-3.13 0.007502574006254344 0.8
-3.12 0.007645527766390145 0.8
-3.11 0.007791205362041557 0.8
-3.0999999999999996 0.007939658693067364 0.8
-3.09 0.00809094064822361 0.8
-3.08 0.008245105124006674 0.8
-3.0700000000000003 0.008402207043855662 0.8
-3.06 0.008562302377718102 0.8
-3.05 0.008725448161990662 0.8
-3.04 0.008891702519840198 0.8
-3.0300000000000002 0.009061124681909042 0.8
-3.02 0.009233775007418288 0.8
-3.01 0.009409715005672267 0.8
-3.0 0.009589007357969736 0.8
-2.9899999999999998 0.00977171593993783 0.8
-2.98 0.009957905844286205 0.8
-2.9699999999999998 0.010147643404000097 0.8
-2.96 0.010340996215970101 0.8
-2.95 0.010538033165074154 0.8
-2.94 0.01073882444872257 0.8
-2.93 0.010943441601863276 0.8
-2.92 0.011151957522466494 0.8
-2.91 0.011364446497501653 0.8
-2.9 0.011580984229395425 0.8
-2.89 0.011801647863007548 0.8
-2.88 0.012026516013113997 0.8
-2.87 0.012255668792409339 0.8
-2.86 0.012489187840058966 0.8
-2.85 0.01272715635077143 0.8
-2.84 0.012969659104447803 0.8
-2.83 0.013216782496382301 0.8
-2.82 0.01346861456803854 0.8
-2.81 0.013725245038423897 0.8
-2.8 0.013986765336042888 0.8
-2.79 0.014253268631480447 0.8
-2.78 0.014524849870585025 0.8
-2.77 0.01480160580830422 0.8
-2.76 0.015083635043148403 0.8
-2.75 0.015371038052320013 0.8
-2.7399999999999998 0.01566391722751257 0.8
-2.73 0.01596237691138329 0.8
-2.7199999999999998 0.016266523434735076 0.8
-2.71 0.016576465154389743 0.8
-2.6999999999999997 0.01689231249179663 0.8
-2.69 0.01721417797237542 0.8
-2.68 0.017542176265593647 0.8
-2.67 0.017876424225832462 0.8
-2.66 0.018217040934010203 0.8
-2.65 0.01856414774000672 0.8
-2.64 0.018917868305900202 0.8
-2.63 0.01927832865002079 0.8
-2.62 0.019645657191845866 0.8
-2.61 0.02001998479775486 0.8
-2.6 0.02040144482764768 0.8
-2.59 0.02079017318246096 0.8
-2.58 0.021186308352581652 0.8
-2.57 0.021589991467186258 0.8
-2.56 0.022001366344523564 0.8
-2.55 0.022420579543147457 0.8
-2.54 0.02284778041413531 0.8
-2.53 0.023283121154291514 0.8
-2.52 0.023726756860373833 0.8
-2.51 0.024178845584348154 0.8
-2.5 0.024639548389699117 0.8
-2.4899999999999998 0.02510902940880394 0.8
-2.48 0.02558745590141221 0.8
-2.4699999999999998 0.026074998314237086 0.8
-2.46 0.026571830341679033 0.8
-2.4499999999999997 0.027078128987699172 0.8
-2.44 0.027594074628890745 0.8
-2.43 0.028119851078730333 0.8
-2.42 0.028655645653073776 0.8
-2.41 0.02920164923688475 0.8
-2.4 0.0297580563522429 0.8
-2.39 0.030325065227641584 0.8
-2.38 0.030902877868615595 0.8
-2.37 0.03149170012970327 0.8
-2.36 0.03209174178778852 0.8
-2.35 0.03270321661683219 0.8
-2.34 0.03332634246404381 0.8
-2.33 0.03396134132748194 0.8
-2.32 0.03460843943513973 0.8
-2.31 0.035267867325561794 0.8
-2.3 0.035939859929960356 0.8
-2.29 0.03662465665591909 0.8
-2.28 0.03732250147268291 0.8
-2.27 0.03803364299807764 0.8
-2.26 0.03875833458708525 0.8
-2.25 0.03949683442210298 0.8
-2.2399999999999998 0.04024940560492602 0.8
-2.23 0.041016316250478885 0.8
-2.2199999999999998 0.04179783958234453 0.8
-2.21 0.04259425403008718 0.8
-2.1999999999999997 0.0434058433284689 0.8
-2.19 0.04423289661851235 0.8
-2.18 0.045075708550530905 0.8
-2.17 0.045934579389086946 0.8
-2.16 0.04680981511997825 0.8
-2.15 0.04770172755924035 0.8
-2.14 0.04861063446424191 0.8
-2.13 0.049536859646888524 0.8
-2.12 0.050480733088981836 0.8
-2.11 0.051442591059786984 0.8
-2.1 0.05242277623583468 0.8
-2.09 0.05342163782299446 0.8
-2.08 0.0544395316808933 0.8
-2.07 0.05547682044970033 0.8
-2.06 0.05653387367930451 0.8
-2.05 0.05761106796099614 0.8
-2.04 0.058708787061615274 0.8
-2.03 0.059827422060279585 0.8
-2.02 0.06096737148772034 0.8
-2.01 0.0621290414682495 0.8
-2.0 0.0633128458644622 0.8
-1.9899999999999998 0.06451920642467604 0.8
-1.98 0.06574855293318188 0.8
-1.9699999999999998 0.06700132336336186 0.8
-1.96 0.06827796403373222 0.8
-1.9499999999999997 0.06957892976695074 0.8
-1.94 0.07090468405183187 0.8
-1.9299999999999997 0.07225569920849295 0.8
-1.92 0.07363245655663757 0.8
-1.9100000000000001 0.07503544658699787 0.8
-1.9 0.07646516913610525 0.8
-1.8900000000000001 0.07792213356435436 0.8
-1.88 0.07940685893747951 0.8
-1.87 0.0809198742114693 0.8
-1.8599999999999999 0.08246171842101202 0.8
-1.85 0.08403294087156864 0.8
-1.8399999999999999 0.08563410133500209 0.8
-1.83 0.08726577024910478 0.8
-1.8199999999999998 0.08892852892069682 0.8
-1.81 0.09062296973288386 0.8
-1.7999999999999998 0.09234969635592204 0.8
-1.79 0.09410932396246757 0.8
-1.7799999999999998 0.09590247944657751 0.8
-1.77 0.09772980164717776 0.8
-1.7599999999999998 0.09959194157556803 0.8
-1.75 0.10148956264743086 0.8
-1.7399999999999998 0.10342334091911459 0.8
-1.73 0.10539396532853203 0.8
-1.7199999999999998 0.10740213794060072 0.8
-1.71 0.10944857419733263 0.8
-1.6999999999999997 0.1115340031727669 0.8
-1.69 0.11365916783269432 0.8
-1.6799999999999997 0.11582482529932037 0.8
-1.67 0.11803174712106733 0.8
-1.6600000000000001 0.12028071954736878 0.8
-1.65 0.12257254380885654 0.8
-1.6400000000000001 0.1249080364027708 0.8
-1.63 0.1272880293838231 0.8
-1.62 0.12971337066078042 0.8
-1.6099999999999999 0.1321849242985028 0.8
-1.6 0.13470357082511633 0.8
-1.5899999999999999 0.1372702075453433 0.8
-1.58 0.13988574886590874 0.8
-1.5699999999999998 0.142551126623238 0.8
-1.56 0.14526729037548913 0.8
-1.5499999999999998 0.1480352077311759 0.8
-1.54 0.15085586494826095 0.8
-1.5299999999999998 0.15373026732398332 0.8
-1.52 0.1566594380831507 0.8
-1.5099999999999998 0.15964441865354737 0.8
-1.5 0.16268627669127841 0.8
-1.4899999999999998 0.1657861062254411 0.8
-1.48 0.16894499244152597 0.8
-1.4699999999999998 0.17216401644450394 0.8
-1.46 0.17544440209084916 0.8
-1.4499999999999997 0.17878748474598136 0.8
-1.44 0.1821941861513478 0.8
-1.4299999999999997 0.1856651786538584 0.8
-1.42 0.18920250333075186 0.8
-1.4100000000000001 0.19280890595263014 0.8
-1.4 0.1964836694030362 0.8
-1.3900000000000001 0.20022476484345614 0.8
-1.38 0.20403751317616556 0.8
-1.37 0.20792910350501778 0.8
-1.3599999999999999 0.21189500330253877 0.8
-1.35 0.21592950464947733 0.8
-1.3399999999999999 0.2200395323703787 0.8
-1.33 0.224230822146362 0.8
-1.3199999999999998 0.22850396924970706 0.8
-1.31 0.23286302154413147 0.8
-1.2999999999999998 0.23730495887600986 0.8
-1.29 0.24182538537647968 0.8
-1.2799999999999998 0.24642927393332126 0.8
-1.27 0.2511181386231983 0.8
-1.2599999999999998 0.2558972760608999 0.8
-1.25 0.260774216508805 0.8
-1.2399999999999998 0.2657476349297252 0.8
-1.23 0.2708204847686667 0.8
-1.2199999999999998 0.27599014614038087 0.8
-1.21 0.2812533636625867 0.8
-1.1999999999999997 0.28661246002531526 0.8
-1.19 0.2920647925093746 0.8
-1.1799999999999997 0.29761682212181906 0.8
-1.17 0.3032713488844656 0.8
-1.1600000000000001 0.309034389711011 0.8
-1.15 0.3149131710404477 0.8
-1.1400000000000001 0.3209102536194101 0.8
-1.13 0.3270334431746589 0.8
-1.12 0.3332819042633429 0.8
-1.1099999999999999 0.33966098498015895 0.8
-1.1 0.34616819299200136 0.8
-1.0899999999999999 0.3528054409348808 0.8
-1.08 0.35957032919079196 0.8
-1.0699999999999998 0.3664618515300863 0.8
-1.06 0.3734786924158025 0.8
-1.0499999999999998 0.3806179555322747 0.8
-1.04 0.3878796426731573 0.8
-1.0299999999999998 0.39525985735222047 0.8
-1.02 0.40275968190380484 0.8
-1.0099999999999998 0.41037474253402795 0.8
-1.0 0.4181067540157793 0
-0.9900000000000002 0.4258835339344448 0
-0.9799999999999995 0.4337044005231726 0
-0.9699999999999998 0.4415618659139152 0
-0.96 0.44945472952258386 0
-0.9500000000000002 0.4573751360239534 0
-0.9399999999999995 0.46532075069145096 0
-0.9299999999999997 0.47328351735471275 0
-0.9199999999999999 0.4812593542521302 0
-0.9100000000000001 0.48924056830046947 0
-0.9000000000000004 0.49722091776390864 0
-0.8899999999999997 0.5051941749631816 0
-0.8799999999999999 0.5131521274868195 0
-0.8700000000000001 0.5210915070838606 0
-0.8600000000000003 0.5290034304607885 0
-0.8499999999999996 0.5368887414701071 0
-0.8399999999999999 0.5447404673338265 0
-0.8300000000000001 0.5525630003944842 0
-0.8200000000000003 0.5603541822820318 0
-0.8099999999999996 0.5681184966077724 0
-0.7999999999999998 0.5758592944495465 0
-0.79 0.5835758709584449 0
-0.7800000000000002 0.5912729948505702 0
-0.7699999999999996 0.59894253001175 0
-0.7599999999999998 0.6065833998072524 0
-0.75 0.6141860612175403 0
-0.7400000000000002 0.6217415002205399 0
-0.7299999999999995 0.6292489886937858 0
-0.7199999999999998 0.6367011561030596 0
-0.71 0.6441047644016462 0
-0.7000000000000002 0.651463571933434 0
-0.6899999999999995 0.6587755630404837 0
-0.6799999999999997 0.666044633567448 0
-0.6699999999999999 0.6732589507740345 0
-0.6600000000000001 0.6804085196601465 0
-0.6499999999999995 0.6874953613044037 0
-0.6399999999999997 0.6945156359326622 0
-0.6299999999999999 0.7014749254836482 0
-0.6200000000000001 0.7083815300182799 0
-0.6100000000000003 0.7152207203608963 0
-0.5999999999999996 0.7219793070391327 0
-0.5899999999999999 0.7286660804149271 0
-0.5800000000000001 0.7352868802373469 0
-0.5700000000000003 0.7418335359929434 0
-0.5599999999999996 0.7483002187710299 0
-0.5499999999999998 0.7546879702586384 0
-0.54 0.7609966115499834 0
-0.5300000000000002 0.7672232759432487 0
-0.5199999999999996 0.7733656371150391 0
-0.5099999999999998 0.7794222930709231 0
-0.5 0.785391689451204 0
-0.4900000000000002 0.791272039684098 0
-0.47999999999999954 0.7970616336577018 0
-0.46999999999999975 0.8027588510648554 0
-0.45999999999999996 0.8083620849531382 0
-0.4500000000000002 0.813869740908475 0
-0.4399999999999995 0.819280254472253 0
-0.4299999999999997 0.8245920915296261 0
-0.41999999999999993 0.8298037454030146 0
-0.41000000000000014 0.8349137373434813 0
-0.39999999999999947 0.839920617543111 0
-0.3899999999999997 0.8448229655273063 0
-0.3799999999999999 0.849619390462664 0
-0.3700000000000001 0.854308531555191 0
-0.3600000000000003 0.858889058450824 0
-0.34999999999999964 0.8633596716117978 0
-0.33999999999999986 0.8677191026836749 0
-0.33000000000000007 0.8719661148551401 0
-0.3200000000000003 0.8760995032093196 0
-0.3099999999999996 0.8801180950653344 0
-0.2999999999999998 0.884020750311315 0
-0.29000000000000004 0.8878063617275642 0
-0.28000000000000025 0.8914738553007823 0
-0.2699999999999996 0.895022190528932 0
-0.2599999999999998 0.8984503607162646 0
-0.25 0.9017573932589391 0
-0.2400000000000002 0.9049423499209761 0
-0.22999999999999954 0.908004327100519 0
-0.21999999999999975 0.9109424560860857 0
-0.20999999999999996 0.9137559033031541 0
-0.20000000000000018 0.9164438705504457 0
-0.1899999999999995 0.9190055952266974 0
-0.17999999999999972 0.9214403505466923 0
-0.16999999999999993 0.9237474457476618 0
-0.16000000000000014 0.9259262262852201 0
-0.14999999999999947 0.9279760740190148 0
-0.13999999999999968 0.9298964073880995 0
-0.1299999999999999 0.931686681576133 0
-0.1200000000000001 0.9333463886654757 0
-0.11000000000000032 0.9348750577818423 0
-0.09999999999999964 0.9362722552276046 0
-0.08999999999999986 0.9375375846047331 0
-0.08000000000000007 0.9386706869275847 0
-0.07000000000000028 0.9396712407244392 0
-0.05999999999999961 0.9405389621287927 0
-0.04999999999999982 0.9412736049600567 0
-0.040000000000000036 0.9418749607932402 0
-0.03000000000000025 0.9423428590180812 0
-0.019999999999999574 0.9426771668874389 0
-0.009999999999999787 0.9428777895551338 0
0.0 0.9429446701025509 0
0.009999999999999787 0.9428777895551285 0
0.020000000000000462 0.9426771668874399 0
0.03000000000000025 0.9423428590180629 0
0.040000000000000036 0.9418749607932282 0
0.04999999999999982 0.9412736049600785 0
0.0600000000000005 0.9405389621288078 0
0.07000000000000028 0.9396712407244291 0
0.08000000000000007 0.9386706869275937 0
0.08999999999999986 0.9375375846047551 0
0.10000000000000053 0.9362722552275963 0
0.11000000000000032 0.9348750577818498 0
0.1200000000000001 0.933346388665475 0
0.1299999999999999 0.9316866815761226 0
0.13999999999999968 0.9298964073881161 0
0.15000000000000036 0.9279760740190153 0
0.16000000000000014 0.9259262262852375 0
0.16999999999999993 0.9237474457476577 0
0.17999999999999972 0.9214403505466985 0
0.1900000000000004 0.9190055952267111 0
0.20000000000000018 0.9164438705504485 0
0.20999999999999996 0.9137559033031423 0
0.21999999999999975 0.9109424560860709 0
0.23000000000000043 0.9080043271004946 0
0.2400000000000002 0.904942349920967 0
0.25 0.9017573932589336 0
0.2599999999999998 0.8984503607162491 0
0.27000000000000046 0.8950221905289657 0
0.28000000000000025 0.891473855300763 0
0.29000000000000004 0.8878063617275256 0
0.2999999999999998 0.8840207503113204 0
0.3100000000000005 0.8801180950653394 0
0.3200000000000003 0.8760995032093251 0
0.33000000000000007 0.8719661148551473 0
0.33999999999999986 0.8677191026836747 0
0.35000000000000053 0.8633596716118154 0
0.3600000000000003 0.8588890584508353 0
0.3700000000000001 0.8543085315551852 0
0.3799999999999999 0.8496193904626363 0
0.3899999999999997 0.8448229655273105 0
0.40000000000000036 0.8399206175430898 0
0.41000000000000014 0.8349137373434738 0
0.41999999999999993 0.8298037454030673 0
0.4299999999999997 0.8245920915295935 0
0.4400000000000004 0.8192802544722443 0
0.4500000000000002 0.8138697409084772 0
0.45999999999999996 0.8083620849531258 0
0.46999999999999975 0.8027588510648538 0
0.4800000000000004 0.7970616336577434 0
0.4900000000000002 0.791272039684097 0
0.5 0.7853916894511895 0
0.5099999999999998 0.7794222930709231 0
0.5200000000000005 0.7733656371150683 0
0.5300000000000002 0.7672232759432736 0
0.54 0.7609966115499217 0
0.5499999999999998 0.7546879702585833 0
0.5600000000000005 0.7483002187711019 0
0.5700000000000003 0.7418335359931473 0
0.5800000000000001 0.7352868802371154 0
0.5899999999999999 0.728666080414352 0
0.6000000000000005 0.7219793070395102 0
0.6100000000000003 0.71522072036206 0
0.6200000000000001 0.7083815300179694 0
0.6299999999999999 0.7014749254819017 0
0.6399999999999997 0.6945156359324113 0
0.6500000000000004 0.6874953613059835 0
0.6600000000000001 0.6804085196613531 0
0.6699999999999999 0.6732589507741732 0
0.6799999999999997 0.6660446335662535 0
0.6900000000000004 0.658775563038388 0
0.7000000000000002 0.6514635719326377 0
0.71 0.6441047644026272 0
0.7199999999999998 0.6367011561050957 0
0.7300000000000004 0.6292489886961928 0
0.7400000000000002 0.621741500221399 0
0.75 0.6141860612164871 0
0.7599999999999998 0.6065833998046942 0
0.7700000000000005 0.5989425300083001 0
0.7800000000000002 0.5912729948480594 0
0.79 0.583575870957624 0
0.7999999999999998 0.5758592944510346 0
0.8100000000000005 0.5681184966114974 0
0.8200000000000003 0.5603541822869336 0
0.8300000000000001 0.5525630003997115 0
0.8399999999999999 0.5447404673378768 0
0.8500000000000005 0.5368887414721473 0
0.8600000000000003 0.5290034304599711 0
0.8700000000000001 0.5210915070798684 0
0.8799999999999999 0.5131521274798431 0
0.8899999999999997 0.5051941749535636 0
0.9000000000000004 0.4972209177526271 0
0.9100000000000001 0.4892405682883405 0
0.9199999999999999 0.48125935424034205 0
0.9299999999999997 0.4732835173443051 0
0.9400000000000004 0.4653207506835909 0
0.9500000000000002 0.45737513601958685 0
0.96 0.4494547295227013 0
0.9699999999999998 0.44156186591936364 0
0.9800000000000004 0.43370440053468506 0
0.9900000000000002 0.4258835339527362 0
1.0 0.41810675404148195 0
1.0099999999999998 0.4103747425594547 0.8
1.0200000000000005 0.40275968192159295 0.8
1.0300000000000002 0.39525985736319824 0.8
1.04 0.3878796426782393 0.8
1.0499999999999998 0.38061795553239425 0.8
1.0600000000000005 0.3734786924118594 0.8
1.0700000000000003 0.3664618515231056 0.8
1.08 0.35957032918171294 0.8
1.0899999999999999 0.3528054409248148 0.8
1.1000000000000005 0.3461681929818 0.8
1.1100000000000003 0.3396609849708405 0.8
1.12 0.3332819042555675 0.8
1.13 0.3270334431690795 0.8
1.1400000000000006 0.3209102536162919 0.8
1.1500000000000004 0.3149131710397934 0.8
1.1600000000000001 0.30903438971257274 0.8
1.17 0.3032713488875083 0.8
1.1799999999999997 0.297616822125695 0.8
1.1900000000000004 0.2920647925129289 0.8
1.2000000000000002 0.2866124600279418 0.8
1.21 0.28125336366363557 0.8
1.2199999999999998 0.27599014613981243 0.8
1.2300000000000004 0.2708204847669529 0.8
1.2400000000000002 0.26574763492745224 0.8
1.25 0.26077421650710647 0.8
1.2599999999999998 0.25589727606021684 0.8
1.2700000000000005 0.2511181386237679 0.8
1.2800000000000002 0.24642927393480002 0.8
1.29 0.24182538537774642 0.8
1.2999999999999998 0.2373049588766056 0.8
1.3100000000000005 0.23286302154367414 0.8
1.3200000000000003 0.2285039692484724 0.8
1.33 0.22423082214564935 0.8
1.3399999999999999 0.22003953237046484 0.8
1.3500000000000005 0.21592950465016064 0.8
1.3600000000000003 0.21189500330342045 0.8
1.37 0.20792910350487243 0.8
1.38 0.20403751317519803 0.8
1.3900000000000006 0.20022476484327545 0.8
1.4000000000000004 0.19648366940364861 0.8
1.4100000000000001 0.19280890595283032 0.8
1.42 0.1892025033304573 0.8
1.4299999999999997 0.18566517865374568 0.8
1.4400000000000004 0.18219418615145455 0.8
1.4500000000000002 0.17878748474603412 0.8
1.46 0.1754444020908044 0.8
1.4699999999999998 0.17216401644448567 0.8
1.4800000000000004 0.16894499244153702 0.8
1.4900000000000002 0.1657861062254495 0.8
1.5 0.16268627669128666 0.8
1.5099999999999998 0.15964441865354684 0.8
1.5200000000000005 0.15665943808313954 0.8
1.5300000000000002 0.1537302673239813 0.8
1.54 0.15085586494826328 0.8
1.5499999999999998 0.14803520773118659 0.8
1.5600000000000005 0.14526729037548847 0.8
1.5700000000000003 0.14255112662324143 0.8
1.58 0.13988574886591087 0.8
1.5899999999999999 0.13727020754534294 0.8
1.6000000000000005 0.13470357082511553 0.8
1.6100000000000003 0.13218492429850334 0.8
1.62 0.12971337066077837 0.8
1.63 0.12728802938382974 0.8
1.6400000000000006 0.12490803640277073 0.8
1.6500000000000004 0.12257254380885678 0.8
1.6600000000000001 0.12028071954736559 0.8
1.67 0.11803174712106863 0.8
1.6799999999999997 0.11582482529932697 0.8
1.6900000000000004 0.11365916783269189 0.8
1.7000000000000002 0.11153400317275979 0.8
1.71 0.10944857419733311 0.8
1.7199999999999998 0.10740213794059898 0.8
1.7300000000000004 0.10539396532853715 0.8
1.7400000000000002 0.10342334091911444 0.8
1.75 0.10148956264742984 0.8
1.7599999999999998 0.09959194157556978 0.8
1.7700000000000005 0.09772980164717272 0.8
1.7800000000000002 0.09590247944657886 0.8
1.79 0.09410932396247003 0.8
1.7999999999999998 0.09234969635592173 0.8
1.8100000000000005 0.09062296973288009 0.8
1.8200000000000003 0.08892852892069861 0.8
1.83 0.08726577024910298 0.8
1.8399999999999999 0.08563410133500117 0.8
1.8500000000000005 0.08403294087156905 0.8
1.8600000000000003 0.08246171842101406 0.8
1.87 0.08091987421146747 0.8
1.88 0.07940685893747969 0.8
1.8900000000000006 0.07792213356435465 0.8
1.9000000000000004 0.0764651691361034 0.8
1.9100000000000001 0.07503544658699736 0.8
1.92 0.0736324565566388 0.8
1.9299999999999997 0.0722556992084963 0.8
1.9400000000000004 0.07090468405182676 0.8
1.9500000000000002 0.06957892976695008 0.8
1.96 0.0682779640337336 0.8
1.9699999999999998 0.06700132336336129 0.8
1.9800000000000004 0.0657485529331816 0.8
1.9900000000000002 0.0645192064246759 0.8
2.0 0.06331284586446301 0.8
2.01 0.062129041468247714 0.8
2.0200000000000005 0.060967371487719864 0.8
2.0300000000000002 0.05982742206027888 0.8
2.04 0.058708787061614455 0.8
2.05 0.057611067960995604 0.8
2.0600000000000005 0.05653387367930423 0.8
2.0700000000000003 0.05547682044970005 0.8
2.08 0.05443953168089404 0.8
2.09 0.05342163782299397 0.8
2.1000000000000005 0.05242277623583463 0.8
2.1100000000000003 0.05144259105978634 0.8
2.12 0.050480733088981086 0.8
2.13 0.04953685964688629 0.8
2.1400000000000006 0.04861063446424076 0.8
2.1500000000000004 0.04770172755923975 0.8
2.16 0.04680981511997748 0.8
2.17 0.045934579389086926 0.8
2.1799999999999997 0.045075708550531356 0.8
2.1900000000000004 0.0442328966185133 0.8
2.2 0.043405843328469695 0.8
2.21 0.04259425403008805 0.8
2.2199999999999998 0.04179783958234575 0.8
2.2300000000000004 0.04101631625047846 0.8
2.24 0.04024940560492634 0.8
2.25 0.03949683442210275 0.8
2.26 0.03875833458708473 0.8
2.2700000000000005 0.038033642998078064 0.8
2.2800000000000002 0.03732250147268295 0.8
2.29 0.03662465665591973 0.8
2.3 0.03593985992996127 0.8
2.3100000000000005 0.03526786732556213 0.8
2.3200000000000003 0.034608439435138 0.8
2.33 0.03396134132748042 0.8
2.34 0.03332634246404443 0.8
2.3500000000000005 0.032703216616832224 0.8
2.3600000000000003 0.03209174178778823 0.8
2.37 0.031491700129702885 0.8
2.38 0.030902877868617264 0.8
2.3900000000000006 0.03032506522764289 0.8
2.4000000000000004 0.029758056352243215 0.8
2.41 0.0292016492368855 0.8
2.42 0.028655645653073457 0.8
2.4299999999999997 0.0281198510787297 0.8
2.4400000000000004 0.02759407462888936 0.8
2.45 0.02707812898769864 0.8
2.46 0.02657183034167918 0.8
2.4699999999999998 0.026074998314238252 0.8
2.4800000000000004 0.025587455901412398 0.8
2.49 0.025109029408802445 0.8
2.5 0.024639548389697976 0.8
2.51 0.02417884558434901 0.8
2.5200000000000005 0.023726756860374395 0.8
2.5300000000000002 0.023283121154290886 0.8
2.54 0.022847780414134936 0.8
2.55 0.02242057954314788 0.8
2.5600000000000005 0.022001366344523664 0.8
2.5700000000000003 0.021589991467186077 0.8
2.58 0.021186308352581507 0.8
2.59 0.020790173182461066 0.8
2.6000000000000005 0.020401444827647774 0.8
2.6100000000000003 0.020019984797754964 0.8
2.62 0.019645657191846317 0.8
2.63 0.019278328650021076 0.8
2.6400000000000006 0.01891786830590045 0.8
2.6500000000000004 0.018564147740007045 0.8
2.66 0.018217040934010796 0.8
2.67 0.017876424225832528 0.8
2.6799999999999997 0.017542176265594105 0.8
2.6900000000000004 0.017214177972375247 0.8
2.7 0.016892312491796922 0.8
2.71 0.0165764651543898 0.8
2.7199999999999998 0.01626652343473502 0.8
2.7300000000000004 0.015962376911383396 0.8
2.74 0.01566391722751297 0.8
2.75 0.0153710380523198 0.8
2.76 0.015083635043148656 0.8
2.7700000000000005 0.014801605808304438 0.8
2.7800000000000002 0.014524849870584985 0.8
2.79 0.014253268631480093 0.8
2.8 0.01398676533604291 0.8
2.8100000000000005 0.013725245038423763 0.8
2.8200000000000003 0.013468614568038556 0.8
2.83 0.013216782496382216 0.8
2.84 0.012969659104447967 0.8
2.8500000000000005 0.012727156350771266 0.8
2.8600000000000003 0.012489187840058867 0.8
2.87 0.01225566879240928 0.8
2.88 0.012026516013113832 0.8
2.8900000000000006 0.011801647863007522 0.8
2.9000000000000004 0.011580984229395293 0.8
2.91 0.011364446497501745 0.8
2.92 0.011151957522466272 0.8
2.9300000000000006 0.010943441601862919 0.8
2.9400000000000004 0.010738824448722586 0.8
2.95 0.010538033165073905 0.8
2.96 0.010340996215970106 0.8
2.9699999999999998 0.010147643403999986 0.8
2.9800000000000004 0.009957905844286194 0.8
2.99 0.00977171593993769 0.8
3.0 0.009589007357969692 0.8
3.01 0.009409715005672172 0.8
3.0199999999999996 0.00923377500741825 0.8
3.0299999999999994 0.009061124681908976 0.8
3.040000000000001 0.008891702519840143 0.8
3.0500000000000007 0.008725448161990591 0.8
3.0600000000000005 0.008562302377718144 0.8
3.0700000000000003 0.008402207043855662 0.8
3.08 0.008245105124006577 0.8
3.09 0.00809094064822353 0.8
3.0999999999999996 0.007939658693067354 0.8
3.1099999999999994 0.0077912053620415155 0.8
3.120000000000001 0.00764552776639008 0.8
3.130000000000001 0.007502574006254366 0.8
3.1400000000000006 0.0073622931521836145 0.8
3.1500000000000004 0.007224635226990688 0.8
3.16 0.007089551187946316 0.8
3.17 0.006956992909308146 0.8
3.1799999999999997 0.006826913165173937 0.8
3.1899999999999995 0.006699265612656742 0.8
3.1999999999999993 0.006574004775375163 0.8
3.210000000000001 0.006451086027251233 0.8
3.2200000000000006 0.006330465576612213 0.8
3.2300000000000004 0.006212100450588439 0.8
3.24 0.006095948479803968 0.8
3.25 0.005981968283353305 0.8
3.26 0.005870119254058294 0.8
3.2699999999999996 0.005760361544001763 0.8
3.2799999999999994 0.005652656050330346 0.8
3.290000000000001 0.005546964401324561 0.8
3.3000000000000007 0.005443248942727317 0.8
3.3100000000000005 0.0053414727243296396 0.8
3.3200000000000003 0.005241599486805947 0.8
3.33 0.005143593648797088 0.8
3.34 0.005047420294233021 0.8
3.3499999999999996 0.004953045159893886 0.8
3.3599999999999994 0.0048604346232031794 0.8
3.370000000000001 0.004769555690249039 0.8
3.380000000000001 0.004680375984029683 0.8
3.3900000000000006 0.0045928637329188836 0.8
3.4000000000000004 0.004506987759346676 0.8
3.41 0.004422717468691622 0.8
3.42 0.004340022838381486 0.8
3.4299999999999997 0.004258874407196703 0.8
3.4399999999999995 0.0041792432647748505 0.8
3.4499999999999993 0.004101101041310859 0.8
3.460000000000001 0.004024419897449288 0.8
3.4700000000000006 0.003949172514366758 0.8
3.4800000000000004 0.00387533208403883 0.8
3.49 0.003802872299689682 0.8
3.5 0.0037317673464192526 0.8
3.51 0.00366199189200686 0.8
3.5199999999999996 0.0035935210778858147 0.8
3.5299999999999994 0.0035263305102876427 0.8
3.540000000000001 0.003460396251551012 0.8
3.5500000000000007 0.003395694811593674 0.8
3.5600000000000005 0.0033322031395439148 0.8
3.5700000000000003 0.0032698986155281547 0.8
3.58 0.0032087590426123818 0.8
3.59 0.0031487626388942086 0.8
3.5999999999999996 0.003089888029742398 0.8
3.6099999999999994 0.00303211424018244 0.8
3.620000000000001 0.0029754206874233347 0.8
3.630000000000001 0.0029197871735247437 0.8
3.6400000000000006 0.0028651938782016 0.8
3.6500000000000004 0.0028116213517622667 0.8
3.66 0.002759050508179762 0.8
3.67 0.0027074626182916365 0.8
3.6799999999999997 0.0026568393031278217 0.8
3.6899999999999995 0.002607162527362387 0.8
3.700000000000001 0.0025584145928889378 0.8
3.710000000000001 0.0025105781325142546 0.8
3.7200000000000006 0.0024636361037722984 0.8
3.7300000000000004 0.0024175717828513552 0.8
3.74 0.00237236875863689 0.8
3.75 0.002328010926864032 0.8
3.76 0.002284482484380927 0.8
3.7699999999999996 0.002241767923518006 0.8
3.7799999999999994 0.002199852026563479 0.8
3.790000000000001 0.0021587198603418016 0.8
3.8000000000000007 0.002118356770893368 0.8
3.8100000000000005 0.0020787483782536502 0.8
3.8200000000000003 0.0020398805713308064 0.8
3.83 0.002001739502877443 0.8
3.84 0.0019643115845581075 0.8
3.8499999999999996 0.001927583482107754 0.8
3.8599999999999994 0.0018915421105814751 0.8
3.870000000000001 0.0018561746296925684 0.8
3.880000000000001 0.0018214684392385153 0.8
3.8900000000000006 0.0017874111746107972 0.8
3.9000000000000004 0.0017539907023913837 0.8
3.91 0.0017211951160288218 0.8
3.92 0.0016890127315967532 0.8
3.9299999999999997 0.001657432083631561 0.8
3.9399999999999995 0.0016264419210469676 0.8
3.950000000000001 0.0015960312031265101 0.8
3.960000000000001 0.0015661890955897104 0.8
3.9700000000000006 0.0015369049667316025 0.8
3.9800000000000004 0.001508168383636447 0.8
3.99 0.0014799691084593635 0.8
4.0 0.0014522970947797131 0.8
4.01 0.0014251424840221521 0.8
4.02 0.0013984956019433925 0.8
4.029999999999999 0.0013723469551867875 0.8
4.040000000000001 0.0013466872278992332 0.8
4.050000000000001 0.0013215072784127588 0.8
4.0600000000000005 0.0012967981359875687 0.8
4.07 0.0012725509976157566 0.8
4.08 0.0012487572248858277 0.8
4.09 0.001225408340904363 0.8
4.1 0.0012024960272765503 0.8
4.109999999999999 0.001180012121142088 0.8
4.120000000000001 0.0011579486122677654 0.8
4.130000000000001 0.0011362976401929248 0.8
4.140000000000001 0.001115051491429647 0.8
4.15 0.0010942025967142681 0.8
4.16 0.0010737435283111306 0.8
4.17 0.0010536669973660218 0.8
4.18 0.0010339658513095443 0.8
4.1899999999999995 0.0010146330713088777 0.8
4.200000000000001 0.0009956617697671262 0.8
4.210000000000001 0.0009770451878696976 0.8
4.220000000000001 0.0009587766931762655 0.8
4.23 0.0009408497772577648 0.8
4.24 0.000923258053377954 0.8
4.25 0.0009059952542175747 0.8
4.26 0.0008890552296420867 0.8
4.27 0.0008724319445099354 0.8
4.279999999999999 0.0008561194765234373 0.8
4.290000000000001 0.0008401120141180889 0.8
4.300000000000001 0.0008244038543898641 0.8
4.3100000000000005 0.0008089894010636189 0.8
4.32 0.0007938631625291087 0.8
4.33 0.000779019749874308 0.8
4.34 0.000764453874693011 0.8
4.35 0.0007501603473174428 0.8
4.359999999999999 0.0007361340773163229 0.8
4.370000000000001 0.0007223700704763108 0.8
4.380000000000001 0.0007088634083092477 0.8
4.390000000000001 0.0006956092575492437 0.8
4.4 0.0006826030058927041 0.8
4.41 0.0006698401654902075 0.8
4.42 0.000657315445046901 0.8
4.43 0.0006450234714918109 0.8
4.4399999999999995 0.000632964483970112 0.8
4.450000000000001 0.0006211393502795406 0.8
4.460000000000001 0.0006095178023016371 0.8
4.470000000000001 0.0005980693246813993 0.8
4.48 0.0005869226409761576 0.8
4.49 0.0005761941294484697 0.8
4.5 0.0005652731792610695 0.8
4.51 0.0005536708531415703 0.8
4.52 0.0005438469710257158 0.8
4.529999999999999 0.0005375056520538718 0.8
4.540000000000001 0.000525869029811967 0.8
4.550000000000001 0.0005038209621438711 0.8
4.5600000000000005 0.0004984943014101048 0.8
4.57 0.0005228246074711887 0.8
4.58 0.0005060106821372833 0.8
4.59 0.0004226208445435174 0.8
4.6 0.00042619964649015285 0.8
4.609999999999999 0.0005540704002621468 0.8
4.620000000000001 0.0005439641845263955 0.8
4.630000000000001 0.0003639629808378735 0.8
4.640000000000001 0.00033654868522924573 0.8
4.65 0.0004517255823900187 0.8
4.66 0.000481730160570589 0.8
4.67 0.0004914186984834787 0.8
4.68 0.00046042718626083007 0.8
4.6899999999999995 0.000330386056728607 0.8
4.700000000000001 0.0002936037881093898 0.8
4.710000000000001 0.0003250393882335552 0.8
4.720000000000001 0.00036121399243721654 0.8
4.73 0.0004593520572167759 0.8
4.74 0.0004762496833612322 0.8
4.75 0.0004437015523820403 0.8
4.76 0.0004047963278640166 0.8
4.77 0.0003025720792931225 0.8
4.779999999999999 0.00025048901322884945 0.8
4.790000000000001 0.00021253254771384976 0.8
4.800000000000001 0.00021407171005257121 0.8
4.8100000000000005 0.0002609333228265301 0.8
4.82 0.0003050168607154568 0.8
4.83 0.00038433105617341045 0.8
4.84 0.0004239665542271299 0.8
4.85 0.0004710276591960565 0.8
4.859999999999999 0.0004827455280124878 0.8
4.870000000000001 0.0004721595603173637 0.8
4.880000000000001 0.00045319051289116526 0.8
4.890000000000001 0.0004017919566169826 0.8
4.9 0.00036015741223950816 0.8
4.91 0.0002960297464165623 0.8
4.92 0.0002454450238960572 0.8
4.93 0.00018755415641527376 0.8
4.9399999999999995 0.0001409652556868812 0.8
4.950000000000001 9.730592417874738e-05 0.8
4.960000000000001 6.268542876038284e-05 0.8
4.970000000000001 3.511460105886675e-05 0.8
4.98 1.5590156294648727e-05 0.8
4.99 3.895865638244804e-06 0.8
