-2.0 1.0199304280225189e-102 0.0
-1.99 1.3715520923783125e-101 0.0
-1.98 2.0735024336971336e-100 0.0
-1.97 3.0337132260181738e-99 0.0
-1.96 4.330837848996732e-98 0.0
-1.95 6.020097525741074e-97 0.0
-1.94 8.13688659359715e-96 0.0
-1.93 1.0678086172941934e-94 0.0
-1.92 1.3584273509446665e-93 0.0
-1.91 1.6724831776684344e-92 0.0
-1.9 1.9891304856708807e-91 0.0
-1.89 2.280434730501445e-90 0.0
-1.88 2.5138259982260308e-89 0.0
-1.87 2.6563872637352755e-88 0.0
-1.8599999999999999 2.680574734623936e-87 0.0
-1.85 2.5704317197718503e-86 0.0
-1.84 2.3269228677192898e-85 0.0
-1.83 1.9708616471043206e-84 0.0
-1.82 1.542168341543657e-83 0.0
-1.81 1.0949083387745424e-82 0.0
-1.8 6.885995277826527e-82 0.0
-1.79 3.7737601317463274e-81 0.0
-1.78 1.9940647978437405e-80 0.0
-1.77 1.6917707418446754e-79 0.0
-1.76 2.747067381193954e-78 0.0
-1.75 4.805560065349316e-77 0.0
-1.74 7.359497628383504e-76 0.0
-1.73 9.859380215898466e-75 0.0
-1.72 1.182724169494162e-73 0.0
-1.71 1.2943616638418527e-72 0.0
-1.7 1.3089222686206128e-71 0.0
-1.69 1.2336453861141696e-70 0.0
-1.68 1.0899992621449869e-69 0.0
-1.67 9.065588698694627e-69 0.0
-1.66 7.118703562670319e-68 0.0
-1.65 5.290464862386831e-67 0.0
-1.6400000000000001 3.7297924221519005e-66 0.0
-1.63 2.5012888187137033e-65 0.0
-1.62 1.6016808038468327e-64 0.0
-1.6099999999999999 9.848205000491335e-64 0.0
-1.6 5.862688073649506e-63 0.0
-1.5899999999999999 3.417966232205029e-62 0.0
-1.58 1.979226333695298e-61 0.0
-1.57 1.1548065166041436e-60 0.0
-1.56 6.860931467162597e-60 0.0
-1.55 4.1645726129458024e-59 0.0
-1.54 2.573046076656165e-58 0.0
-1.53 1.6064144124807568e-57 0.0
-1.52 1.0066659770943385e-56 0.0
-1.51 6.306182634899257e-56 0.0
-1.5 3.942659822873016e-55 0.0
-1.49 2.458387740239148e-54 0.0
-1.48 1.526881604945025e-53 0.0
-1.47 9.422412233692193e-53 0.0
-1.46 5.7567042253993e-52 0.0
-1.45 3.468600738129275e-51 0.0
-1.44 2.0538842505395927e-50 0.0
-1.43 1.1918199903773021e-49 0.0
-1.42 6.762298969946942e-49 0.0
-1.4100000000000001 3.744381939658725e-48 0.0
-1.4 2.0191217700476875e-47 0.0
-1.3900000000000001 1.05764756031022e-46 0.0
-1.38 5.3648568275005765e-46 0.0
-1.37 2.6255062185943598e-45 0.0
-1.3599999999999999 1.2345961148951306e-44 0.0
-1.35 5.554098056606302e-44 0.0
-1.3399999999999999 2.3799574287411376e-43 0.0
-1.33 9.671565608996274e-43 0.0
-1.3199999999999998 3.7113532464762506e-42 0.0
-1.31 1.339169742179029e-41 0.0
-1.2999999999999998 4.524464306647376e-41 0.0
-1.29 1.425129808545217e-40 0.0
-1.28 4.1663323120431915e-40 0.0
-1.27 1.125154358132226e-39 0.0
-1.26 2.7927372273883364e-39 0.0
-1.25 6.336356748368845e-39 0.0
-1.24 1.306501643468581e-38 0.0
-1.23 2.433508098895566e-38 0.0
-1.22 4.072072277602551e-38 0.0
-1.21 6.103113801233754e-38 0.0
-1.2 8.236693531852258e-38 0.0
-1.19 1.031738196428655e-37 0.0
-1.18 1.3204420105547525e-37 0.0
-1.17 2.1331219837415983e-37 0.0
-1.1600000000000001 5.45543796475141e-37 0.0
-1.15 2.1473208166146737e-36 0.0
-1.1400000000000001 1.0310761578520039e-35 0.0
-1.13 4.992878550799955e-35 0.0
-1.12 2.2266682781054175e-34 0.0
-1.1099999999999999 8.847443814265025e-34 0.0
-1.1 3.1028441505360906e-33 0.0
-1.0899999999999999 9.59851220120532e-33 0.0
-1.08 2.626348330486422e-32 0.0
-1.0699999999999998 6.387411910099672e-32 0.0
-1.06 1.391264849540476e-31 0.0
-1.0499999999999998 2.7462211777394697e-31 0.0
-1.04 4.9984509785617044e-31 0.0
-1.03 8.568620397945152e-31 0.0
-1.02 1.4072610200446862e-30 0.0
-1.01 2.216391909109617e-30 0.0
-1.0 3.2798491615610446e-30 0.0
-0.99 4.4059238916328894e-30 0.0
-0.98 5.1790583992636875e-30 0.0
-0.97 5.162698929681895e-30 0.0
-0.96 4.289889343940195e-30 0.0
-0.95 3.0892218328937875e-30 0.0
-0.94 2.438783518497736e-30 0.0
-0.9299999999999999 3.0337445789149316e-30 0.0
-0.9199999999999999 5.472793433815564e-30 0.0
-0.9099999999999999 1.2599280366215621e-29 0.0
-0.8999999999999999 3.429467244684606e-29 0.0
-0.8899999999999999 8.681853059445445e-29 0.0
-0.8799999999999999 1.7160741393412743e-28 0.0
-0.8699999999999999 2.4882978917727537e-28 0.0
-0.8599999999999999 2.522008373696523e-28 0.0
-0.8499999999999999 1.2656781055559452e-28 0.0
-0.8400000000000001 2.5923588561537024e-31 0.0
-0.8300000000000001 7.705879073069151e-29 0.0
-0.8200000000000001 1.0923280621597076e-29 0.0
-0.81 2.01207245115706e-27 0.0
-0.8 9.242968293850835e-27 0.0
-0.79 3.851813968193714e-26 0.0
-0.78 2.3302674201289595e-25 0.0
-0.77 1.2460584865101847e-24 0.0
-0.76 6.719008860124528e-24 0.0
-0.75 3.5523617036901826e-23 0.0
-0.74 1.8260941588462734e-22 0.0
-0.73 9.255537431841527e-22 0.0
-0.72 4.597790269469916e-21 0.0
-0.71 2.241781884847952e-20 0.0
-0.7 1.0721520840331586e-19 0.0
-0.69 5.027543315367698e-19 0.0
-0.6799999999999999 2.3108718328397055e-18 0.0
-0.6699999999999999 1.0409635366768506e-17 0.0
-0.6599999999999999 4.5943203916217495e-17 0.0
-0.6499999999999999 1.9860131202127401e-16 0.0
-0.6399999999999999 8.406131250827638e-16 0.0
-0.6299999999999999 3.482733487107325e-15 0.0
-0.6199999999999999 1.4119216544489035e-14 0.0
-0.6099999999999999 5.5990621061521493e-14 0.0
-0.5999999999999999 2.171087915571773e-13 0.0
-0.5900000000000001 8.228745682196932e-13 0.0
-0.5800000000000001 3.0472959093063617e-12 0.0
-0.5700000000000001 1.1021612167600647e-11 0.0
-0.56 3.8917405343499345e-11 0.0
-0.55 1.340985126363878e-10 0.0
-0.54 4.507056212999652e-10 0.0
-0.53 1.4769079037883575e-09 0.0
-0.52 4.716318465308419e-09 0.0
-0.51 1.4670193296983218e-08 0.0
-0.5 4.4426474960663856e-08 0.0
-0.49 1.3092085075387647e-07 0.0
-0.48 3.752516353493205e-07 0.0
-0.47 1.0456064919964889e-06 0.0
-0.45999999999999996 2.8309438872898267e-06 0.0
-0.44999999999999996 7.443864716790006e-06 0.0
-0.43999999999999995 1.9000260368018952e-05 0.0
-0.42999999999999994 4.705526040617172e-05 0.0
-0.41999999999999993 0.00011301689407159575 0.0
-0.4099999999999999 0.00026313022811341583 0.0
-0.3999999999999999 0.0005936135433747121 0.0
-0.3899999999999999 0.001297074969208444 0.0
-0.3799999999999999 0.0027440196584547737 0.0
-0.3699999999999999 0.005618416391852903 0.0
-0.3599999999999999 0.011130143129077534 0.0
-0.34999999999999987 0.021326311768629536 0.0
-0.33999999999999986 0.039512997776857565 0.0
-0.33000000000000007 0.07077302499965324 0.0
-0.32000000000000006 0.12251995728093971 0.0
-0.31000000000000005 0.2049643943947481 0.0
-0.30000000000000004 0.33129661803467464 0.0
-0.29000000000000004 0.5173327445457773 0.0
-0.28 0.7803644440666193 0.0
-0.27 1.1370296595328666 0.0
-0.26 1.600207906440289 0.0
-0.25 2.175236309497853 0.0
-0.24 2.856059288299091 0.0
-0.22999999999999998 3.622197531709231 0.0
-0.21999999999999997 4.437584884280925 0.0
-0.20999999999999996 5.251985288380664 0.0
-0.19999999999999996 6.005320874359936 0.0
-0.18999999999999995 6.63499842728907 0.0
-0.17999999999999994 7.084188927202487 0.0
-0.16999999999999993 7.309982850450624 0.0
-0.15999999999999992 7.291789460528568 0.0
-0.1499999999999999 7.0322117267302175 0.0
-0.1399999999999999 6.556208656490122 0.0
-0.1299999999999999 5.913780541752648 0.0
-0.11999999999999988 5.15940501220272 0.0
-0.10999999999999988 4.350522278850028 0.0
-0.09999999999999987 3.557862292075212 0.0
-0.08999999999999986 2.8118813157885305 0.0
-0.08000000000000007 2.143235958325983 0.0
-0.07000000000000006 1.6011182423795762 0.0
-0.06000000000000005 1.143174651414501 0.0
-0.050000000000000044 0.7826695199724464 0.0
-0.040000000000000036 0.551771151786238 0.0
-0.030000000000000027 0.3434406022290522 0.0
-0.020000000000000018 0.20837065224723356 0.0
-0.010000000000000009 0.16018559889361872 0.0
0.0 0.06813488762915829 0.0
0.010000000000000231 0.04187766298328993 -2.0
0.020000000000000018 0.025069258964876124 -2.0
0.03000000000000025 0.014616514010026256 -2.0
0.040000000000000036 0.0083002643765556 -2.0
0.04999999999999982 0.004590851207180925 -2.0
0.06000000000000005 0.002473199920012014 -2.0
0.06999999999999984 0.0012977919043432532 -2.0
0.08000000000000007 0.0006633593419524096 -2.0
0.08999999999999986 0.00033030198996683146 -2.0
0.10000000000000009 0.00016021924240147212 -2.0
0.10999999999999988 7.571526402107433e-05 -2.0
0.1200000000000001 3.4861236244405823e-05 -2.0
0.1299999999999999 1.5639353394849832e-05 -2.0
0.14000000000000012 6.8365666336592604e-06 -2.0
0.1499999999999999 2.9122413656461848e-06 -2.0
0.16000000000000014 1.208964516148376e-06 -2.0
0.16999999999999993 4.89128824426967e-07 -2.0
0.18000000000000016 1.9287804785916526e-07 -2.0
0.18999999999999995 7.413411413401821e-08 -2.0
0.20000000000000018 2.777503316048718e-08 -2.0
0.20999999999999996 1.014418498771211e-08 -2.0
0.2200000000000002 3.6118541426937243e-09 -2.0
0.22999999999999998 1.2537691801908018e-09 -2.0
0.2400000000000002 4.243290250997306e-10 -2.0
0.25 1.4002600807033228e-10 -2.0
0.26000000000000023 4.5056587324849754e-11 -2.0
0.27 1.4137549975115708e-11 -2.0
0.28000000000000025 4.325923829633367e-12 -2.0
0.29000000000000004 1.2909070023670335e-12 -2.0
0.30000000000000027 3.7570312863798107e-13 -2.0
0.31000000000000005 1.0664750123662291e-13 -2.0
0.31999999999999984 2.952806109660269e-14 -2.0
0.33000000000000007 7.974819504086145e-15 -2.0
0.33999999999999986 2.101041130697708e-15 -2.0
0.3500000000000001 5.400174718319223e-16 -2.0
0.3599999999999999 1.3541977949327274e-16 -2.0
0.3700000000000001 3.3136962387287824e-17 -2.0
0.3799999999999999 7.913553463769057e-18 -2.0
0.3900000000000001 1.8447899610357358e-18 -2.0
0.3999999999999999 4.1989214558130597e-19 -2.0
0.41000000000000014 9.333420777953852e-20 -2.0
0.41999999999999993 2.026425880176062e-20 -2.0
0.43000000000000016 4.297694233470853e-21 -2.0
0.43999999999999995 8.902222970682416e-22 -2.0
0.4500000000000002 1.800614688666515e-22 -2.0
0.45999999999999996 3.5518604954143385e-23 -2.0
0.4700000000000002 6.850701703697582e-24 -2.0
0.48 1.2685389574512179e-24 -2.0
0.4900000000000002 2.4322741828271644e-25 -2.0
0.5 3.854682311416278e-26 0.0
0.5100000000000002 5.9612336649182e-27 0.0
0.52 8.986450191824707e-28 0.0
0.5300000000000002 1.3189403388511197e-28 0.0
0.54 1.8823592262012572e-29 0.0
0.5500000000000003 2.6090146083962018e-30 0.0
0.56 3.5077314366405535e-31 0.0
0.5699999999999998 4.569526694216846e-32 0.0
0.5800000000000001 5.762127786242429e-33 0.0
0.5899999999999999 7.0273923923757075e-34 0.0
0.6000000000000001 8.283342184407243e-35 0.0
0.6099999999999999 9.43172178729894e-36 0.0
0.6200000000000001 1.0370626259730844e-36 0.0
0.6299999999999999 1.101015575363313e-37 0.0
0.6400000000000001 1.1287791537951204e-38 0.0
0.6499999999999999 1.1179771190418111e-39 0.0
0.6600000000000001 1.0705456985442158e-40 0.0
0.6699999999999999 9.92341874289194e-42 0.0
0.6800000000000002 8.920165530973006e-43 0.0
0.69 7.794417502530971e-44 0.0
0.7000000000000002 6.640846178284012e-45 0.0
0.71 5.537012941182594e-46 0.0
0.7200000000000002 4.535950740231949e-47 0.0
0.73 3.664992053472888e-48 0.0
0.7400000000000002 2.9297169607339526e-49 0.0
0.75 2.3208163657227544e-50 0.0
0.7600000000000002 1.8214582515883485e-51 0.0
0.77 1.4132863609801986e-52 0.0
0.7800000000000002 1.0801178721513844e-53 0.0
0.79 8.093376929000769e-55 0.0
0.8000000000000003 5.9161969843201325e-56 0.0
0.81 4.1983296219591233e-57 0.0
0.8199999999999998 2.8787687521375302e-58 0.0
0.8300000000000001 1.8989038636819675e-59 0.0
0.8399999999999999 1.1996193970206504e-60 0.0
0.8500000000000001 7.223901465138211e-62 0.0
0.8599999999999999 4.123742672986773e-63 0.0
0.8700000000000001 2.2160174511326163e-64 0.0
0.8799999999999999 1.1104953519634521e-65 0.0
0.8900000000000001 5.120168275496051e-67 0.0
0.8999999999999999 2.1299635708763977e-68 0.0
0.9100000000000001 7.784670640268335e-70 0.0
0.9199999999999999 2.4618972593056066e-71 0.0
0.9300000000000002 7.833909031739253e-73 0.0
0.94 4.666683484351509e-74 0.0
0.9500000000000002 5.080584698163642e-75 0.0
0.96 5.5003359964096415e-76 0.0
0.9700000000000002 5.170613790775546e-77 0.0
0.98 4.299807367707843e-78 0.0
0.9900000000000002 3.2533710404054467e-79 0.0
1.0 2.287570893467892e-80 0.0
1.0100000000000002 1.5175435665191246e-81 0.0
1.02 9.604798998575827e-83 0.0
1.0300000000000002 5.850170348391424e-84 0.0
1.04 3.4529895365749193e-85 0.0
1.0500000000000003 1.9862900142715837e-86 0.0
1.06 1.1187798593878816e-87 0.0
1.0700000000000003 6.19350185592586e-89 0.0
1.08 3.3796332461057895e-90 0.0
1.0899999999999999 1.8214959376903583e-91 0.0
1.1 9.708603883073382e-93 0.0
1.1099999999999999 5.12047648882903e-94 0.0
1.12 2.6725168577567245e-95 0.0
1.13 1.3799626526693635e-96 0.0
1.1400000000000001 7.046088005703778e-98 0.0
1.15 3.555748723177047e-99 0.0
1.1600000000000001 1.7725280775300727e-100 0.0
1.17 8.724455354565587e-102 0.0
1.1800000000000002 4.23839189470453e-103 0.0
1.19 2.0315954047174563e-104 0.0
1.2000000000000002 9.60520961895886e-106 0.0
1.21 4.477697464432853e-107 0.0
1.2200000000000002 2.0572758477813185e-108 0.0
1.23 9.310836549280823e-110 0.0
1.2400000000000002 4.148323871005372e-111 0.0
1.25 1.8182728150877263e-112 0.0
1.2600000000000002 7.836097178087805e-114 0.0
1.27 3.319493410560696e-115 0.0
1.2800000000000002 1.382638730208191e-116 0.0
1.29 5.670006823942001e-118 0.0
1.3000000000000003 2.2958098232615014e-119 0.0
1.31 9.223615062878247e-121 0.0
1.3200000000000003 3.7036221915120904e-122 0.0
1.33 1.4999006011419477e-123 0.0
1.3399999999999999 6.183098639992777e-125 0.0
1.35 2.6112326398462215e-126 0.0
1.3599999999999999 1.13075482794619e-127 0.0
1.37 4.994025609991567e-129 0.0
1.38 2.227774544896284e-130 0.0
1.3900000000000001 9.927799547226288e-132 0.0
1.4 4.376774784687374e-133 0.0
1.4100000000000001 1.8949504067129043e-134 0.0
1.42 8.019930907150044e-136 0.0
1.4300000000000002 3.310833803306132e-137 0.0
1.44 1.3333540312965444e-138 0.0
1.4500000000000002 5.250401218635393e-140 0.0
1.46 2.03072669140467e-141 0.0
1.4700000000000002 7.767432752427959e-143 0.0
1.48 2.9637851382225315e-144 0.0
1.4900000000000002 1.1388015822976415e-145 0.0
1.5 4.4418987167584466e-147 0.0
1.5100000000000002 1.7662156613026814e-148 0.0
1.52 7.152267228065282e-150 0.0
1.5300000000000002 2.9330063723088297e-151 0.0
1.54 1.2080448154210238e-152 0.0
1.5500000000000003 4.955422029617981e-154 0.0
1.56 2.0099715594918433e-155 0.0
1.5700000000000003 8.018508228477551e-157 0.0
1.58 3.1349921782470558e-158 0.0
1.5899999999999999 1.1985967051860975e-159 0.0
1.6 4.4761008824008225e-161 0.0
1.6099999999999999 1.631977203978114e-162 0.0
1.62 5.809097852288341e-164 0.0
1.63 2.0192906463387577e-165 0.0
1.6400000000000001 6.857604510266295e-167 0.0
1.65 2.2764476923270646e-168 0.0
1.6600000000000001 7.39097858219269e-170 0.0
1.67 2.348325929792556e-171 0.0
1.6800000000000002 7.30596074619375e-173 0.0
1.69 2.226902130286982e-174 0.0
1.7000000000000002 6.653662571867159e-176 0.0
1.71 1.9497282619917147e-177 0.0
1.7200000000000002 5.6058915878172837e-179 0.0
1.73 1.5822006481827055e-180 0.0
1.7400000000000002 4.385295955909108e-182 0.0
1.75 1.1940332928064665e-183 0.0
1.7600000000000002 3.1949176580946404e-185 0.0
1.77 8.403505615013173e-187 0.0
1.7800000000000002 2.1733905984085102e-188 0.0
1.79 5.528382894919831e-190 0.0
1.8000000000000003 1.3833642566874393e-191 0.0
1.81 3.405943800748874e-193 0.0
1.8200000000000003 8.252308889356916e-195 0.0
1.83 1.9679597014641764e-196 0.0
1.8399999999999999 4.619737278765882e-198 0.0
1.85 1.067650658729339e-199 0.0
1.8599999999999999 2.4293832611560374e-201 0.0
1.87 5.443227767463229e-203 0.0
1.88 1.2010040566267907e-204 0.0
1.8900000000000001 2.6096950021612795e-206 0.0
1.9 5.584942727644293e-208 0.0
1.9100000000000001 1.1772125348917537e-209 0.0
1.92 2.444101903016059e-211 0.0
1.9300000000000002 4.998401360658428e-213 0.0
1.94 1.0069497462810543e-214 0.0
1.9500000000000002 1.998321828948652e-216 0.0
1.96 3.9067795345278623e-218 0.0
1.9700000000000002 7.524674332770274e-220 0.0
1.98 1.4268585782330579e-221 0.0
1.9900000000000002 2.7675654735586882e-223 0.0
