-2.0 1.311809581172029e-19 0.0
-1.99 1.8214624020569363e-19 0.0
-1.98 6.490595147361503e-19 0.0
-1.97 1.7605574675773796e-18 0.0
-1.96 4.94531445269525e-18 0.0
-1.95 1.3725210237808796e-17 0.0
-1.94 3.7433590320364585e-17 0.0
-1.93 1.0118909803362666e-16 0.0
-1.92 2.697523414669747e-16 0.0
-1.91 7.106158638984486e-16 0.0
-1.9 1.8482487033315125e-15 0.0
-1.89 4.7469120142275996e-15 0.0
-1.88 1.2036880143597233e-14 0.0
-1.87 3.01324717718491e-14 0.0
-1.8599999999999999 7.446133546637301e-14 0.0
-1.85 1.8161865224514995e-13 0.0
-1.84 4.372017670001535e-13 0.0
-1.83 1.0386110918415784e-12 0.0
-1.82 2.434619971833091e-12 0.0
-1.81 5.630848621575081e-12 0.0
-1.8 1.2848073809887842e-11 0.0
-1.79 2.891881964054404e-11 0.0
-1.78 6.420342998106219e-11 0.0
-1.77 1.4058135289579131e-10 0.0
-1.76 3.0356084320344185e-10 0.0
-1.75 6.463520507705086e-10 0.0
-1.74 1.3569219044636937e-09 0.0
-1.73 2.8084078616506267e-09 0.0
-1.72 5.7298434913814096e-09 0.0
-1.71 1.1522872090133375e-08 0.0
-1.7 2.2838780479729527e-08 0.0
-1.69 4.461067944780644e-08 0.0
-1.68 8.586556752674075e-08 0.0
-1.67 1.6284528298928857e-07 0.0
-1.66 3.042777792134126e-07 0.0
-1.65 5.60104090238629e-07 0.0
-1.6400000000000001 1.015633526272909e-06 0.0
-1.63 1.8140258410992788e-06 0.0
-1.62 3.1912349518531107e-06 0.0
-1.6099999999999999 5.52912380709944e-06 0.0
-1.6 9.434358993806943e-06 0.0
-1.5899999999999999 1.5852825338297627e-05 0.0
-1.58 2.623146126212182e-05 0.0
-1.57 4.274125326331438e-05 0.0
-1.56 6.857611894606296e-05 0.0
-1.55 0.00010834185844555245 0.0
-1.54 0.0001685464429155009 0.0
-1.53 0.0002581967878412915 0.0
-1.52 0.00038949711670384514 0.0
-1.51 0.0005786297015392616 0.0
-1.5 0.0008465804218501366 0.0
-1.49 0.0012199502981895985 0.0
-1.48 0.0017316719962111537 0.0
-1.47 0.0024215302863710903 0.0
-1.46 0.0033363713326617266 0.0
-1.45 0.004529881463768149 0.0
-1.44 0.006061825303459383 0.0
-1.43 0.007996658125009402 0.0
-1.42 0.010401468403403297 0.0
-1.4100000000000001 0.013343261668102109 0.0
-1.4 0.016885661259242252 0.0
-1.3900000000000001 0.021085168668795732 0.0
-1.38 0.02598718774398993 0.0
-1.37 0.03162206501952227 0.0
-1.3599999999999999 0.038001425943384036 0.0
-1.35 0.04511508925206145 0.0
-1.3399999999999999 0.052928817809936 0.0
-1.33 0.06138311570673381 0.0
-1.3199999999999998 0.07039321307527352 0.0
-1.31 0.07985029884711964 0.0
-1.2999999999999998 0.08962397550313744 0.0
-1.29 0.09956582683403672 0.0
-1.28 0.10951391695305139 0.0
-1.27 0.11929798188861412 0.0
-1.26 0.12874503766851864 0.0
-1.25 0.13768511245902107 0.0
-1.24 0.14595681465836402 0.0
-1.23 0.15341247180851816 0.0
-1.22 0.15992261345346523 0.0
-1.21 0.1653796204873774 0.0
-1.2 0.16970041959343116 0.0
-1.19 0.17282815962471307 0.0
-1.18 0.17473286318325196 0.0
-1.17 0.17541109783276204 0.0
-1.1600000000000001 0.17488475477323323 0.0
-1.15 0.17319905673035738 0.0
-1.1400000000000001 0.17041994045551834 0.0
-1.13 0.16663097256147041 0.0
-1.12 0.16192996105920024 0.0
-1.1099999999999999 0.15642542004454105 0.0
-1.1 0.15023303299020443 0.0
-1.0899999999999999 0.14347224269932057 0.0
-1.08 0.13626307488982098 0.0
-1.0699999999999998 0.12872327925475552 0.0
-1.06 0.12096584817891155 0.0
-1.0499999999999998 0.1130969503628113 0.0
-1.04 0.1052142954259811 0.0
-1.03 0.09740592687985429 0.0
-1.02 0.089749425164167 0.0
-1.01 0.08231148997423432 0.0
-1.0 0.07514786190184752 0.0
-0.99 0.06830353733197266 0.0
-0.98 0.06181322731192163 0.0
-0.97 0.055702010372633844 0.0
-0.96 0.049986130606000524 0.0
-0.95 0.044673895239657674 0.0
-0.94 0.03976663006802838 0.0
-0.9299999999999999 0.03525965600619769 0.0
-0.9199999999999999 0.03114325543048264 0.0
-0.9099999999999999 0.02740360266945159 0.0
-0.8999999999999999 0.024023638923232813 0.0
-0.8899999999999999 0.02098387796071704 0.0
-0.8799999999999999 0.018263135002668938 0.0
-0.8699999999999999 0.015839176753226176 0.0
-0.8599999999999999 0.01368929461045531 0.0
-0.8499999999999999 0.011790804253715155 0.0
-0.8400000000000001 0.010121471716768068 0.0
-0.8300000000000001 0.008659858475882978 0.0
-0.8200000000000001 0.00738556833610866 0.0
-0.81 0.006279372974245904 0.0
-0.8 0.005323200065931259 0.0
-0.79 0.004499996978014786 0.0
-0.78 0.00379353620315241 0.0
-0.77 0.0031882932159452357 0.0
-0.76 0.0026695704890206525 0.0
-0.75 0.0022240154432922273 0.0
-0.74 0.001840543125878976 0.0
-0.73 0.00151142411613825 0.0
-0.72 0.0012330062713682684 0.0
-0.71 0.001005360675862143 0.0
-0.7 0.0008302743515495802 0.0
-0.69 0.0007075907846711341 0.0
-0.6799999999999999 0.0006308649593603256 0.0
-0.6699999999999999 0.0005843058237265276 0.0
-0.6599999999999999 0.0005434352529335763 0.0
-0.6499999999999999 0.0004812006206270777 0.0
-0.6399999999999999 0.00037921846593822237 0.0
-0.6299999999999999 0.00024091368632848644 0.0
-0.6199999999999999 0.00010086266418266823 0.0
-0.6099999999999999 2.4324140639230065e-05 0.0
-0.5999999999999999 9.389937262752011e-05 0.0
-0.5900000000000001 0.00038616614869299007 0.0
-0.5800000000000001 0.0009477256843871397 0.0
-0.5700000000000001 0.0017838412296887912 0.0
-0.56 0.0028705879367006857 0.0
-0.55 0.0041924877478031215 0.0
-0.54 0.005794944423519905 0.0
-0.53 0.007830352886610848 0.0
-0.52 0.01057469231395084 0.0
-0.51 0.0144005488243121 0.0
-0.5 0.019710002248488186 0.0
-0.49 0.026848749612296687 0.0
-0.48 0.03603202899533681 0.0
-0.47 0.04730794367455092 0.0
-0.45999999999999996 0.06056650110491363 0.0
-0.44999999999999996 0.07558166408855944 0.0
-0.43999999999999995 0.09205983095407827 0.0
-0.42999999999999994 0.10966854668660707 0.0
-0.41999999999999993 0.1280332856926611 0.0
-0.4099999999999999 0.14670992333787708 0.0
-0.3999999999999999 0.1651553924096821 0.0
-0.3899999999999999 0.18272156438409906 0.0
-0.3799999999999999 0.19868710930926214 0.0
-0.3699999999999999 0.21232502401772851 0.0
-0.3599999999999999 0.22298838762590314 0.0
-0.34999999999999987 0.23019031091823564 0.0
-0.33999999999999986 0.23365758872646025 0.0
-0.33000000000000007 0.23334801625225815 0.0
-0.32000000000000006 0.229433184478769 0.0
-0.31000000000000005 0.2222570737699992 0.0
-0.30000000000000004 0.2122837930697175 0.0
-0.29000000000000004 0.20004599161186332 0.0
-0.28 0.18610104537890826 0.0
-0.27 0.17099750833238866 0.0
-0.26 0.15525110365324538 0.0
-0.25 0.13932816783053084 0.0
-0.24 0.12363453692659701 0.0
-0.22999999999999998 0.10850860333616397 0.0
-0.21999999999999997 0.09421799252490363 0.0
-0.20999999999999996 0.08095966963815893 0.0
-0.19999999999999996 0.06886327594191809 0.0
-0.18999999999999995 0.05799728146423174 0.0
-0.17999999999999994 0.048377297438862835 0.0
-0.16999999999999993 0.03997572210593007 0.0
-0.15999999999999992 0.03273183605072725 0.0
-0.1499999999999999 0.026561532441716485 0.0
-0.1399999999999999 0.021366056328432956 0.0
-0.1299999999999999 0.01703938898490367 0.0
-0.11999999999999988 0.013474164871130914 0.0
-0.10999999999999988 0.010566175444304611 0.0
-0.09999999999999987 0.008217581322943599 0.0
-0.08999999999999986 0.006338971906436899 0.0
-0.08000000000000007 0.004850440088085908 0.0
-0.07000000000000006 0.0036818909971695762 0.0
-0.06000000000000005 0.0027728346458857855 0.0
-0.050000000000000044 0.0020718777434475927 0.0
-0.040000000000000036 0.001536038577518195 0.0
-0.030000000000000027 0.001129923436579363 0.0
-0.020000000000000018 0.000824782547321777 0.0
-0.010000000000000009 0.0005975063454558852 0.0
0.0 0.0004296684791454932 0.0
0.010000000000000231 0.0003067095579789643 -2.0
0.020000000000000018 8.723146041963103e-05 -2.0
0.03000000000000025 0.0003583074056316933 -2.0
0.040000000000000036 9.368264331040622e-05 -2.0
0.04999999999999982 0.00011919502357178873 -2.0
0.06000000000000005 0.0003034758559608834 -2.0
0.06999999999999984 1.5750296966196266e-05 -2.0
0.08000000000000007 0.0002478629323927779 -2.0
0.08999999999999986 0.0002547973450325601 -2.0
0.10000000000000009 9.379499174916247e-05 -2.0
0.10999999999999988 0.0004124908331982201 -2.0
0.1200000000000001 0.0002699421039922105 -2.0
0.1299999999999999 0.00033582868098498545 -2.0
0.14000000000000012 0.0006046513153691909 -2.0
0.1499999999999999 0.0004454378879505322 -2.0
0.16000000000000014 0.0007401659845704928 -2.0
0.16999999999999993 0.0008888442792110368 -2.0
0.18000000000000016 0.0008852738450446683 -2.0
0.18999999999999995 0.0013242303615212878 -2.0
0.20000000000000018 0.0014002709560489894 -2.0
0.20999999999999996 0.0016820867877015188 -2.0
0.2200000000000002 0.002154126907116678 -2.0
0.22999999999999998 0.0023209879191011993 -2.0
0.2400000000000002 0.0029008471842360338 -2.0
0.25 0.003365784077959956 -2.0
0.26000000000000023 0.0038122831240748004 -2.0
0.27 0.004570343718537454 -2.0
0.28000000000000025 0.0051532360518487495 -2.0
0.29000000000000004 0.005846415669909599 -2.0
0.30000000000000027 0.006814745035807369 -2.0
0.31000000000000005 0.007379197915943645 -2.0
0.31999999999999984 0.008512023332437843 -2.0
0.33000000000000007 0.009206457394726546 -2.0
0.33999999999999986 0.010117746483646883 -2.0
0.3500000000000001 0.011075981816792538 -2.0
0.3599999999999999 0.011525579140707384 -2.0
0.3700000000000001 0.012711103097468734 -2.0
0.3799999999999999 0.012426745890822695 -2.0
0.3900000000000001 0.013923764214732976 -2.0
0.3999999999999999 0.012477821839229237 -2.0
0.41000000000000014 0.014469925137782209 -2.0
0.41999999999999993 0.011620823100580586 -2.0
0.43000000000000016 0.01404060450736311 -2.0
0.43999999999999995 0.010137447374636276 -2.0
0.4500000000000002 0.012491484257854237 -2.0
0.45999999999999996 0.008452778988295068 -2.0
0.4700000000000002 0.010017360570570849 -2.0
0.48 0.006928064540828679 -2.0
0.4900000000000002 0.007090506069712626 -2.0
0.5 0.005744961726215115 0.0
0.5100000000000002 0.004545951503214208 0.0
0.52 0.0035085610653835925 0.0
0.5300000000000002 0.002634829975261609 0.0
0.54 0.0019195549600838024 0.0
0.5500000000000003 0.0013538651207630793 0.0
0.56 0.0009259076688060536 0.0
0.5699999999999998 0.0006197172777546892 0.0
0.5800000000000001 0.00041428503891920355 0.0
0.5899999999999999 0.00028451450436943823 0.0
0.6000000000000001 0.00020443029422336287 0.0
0.6099999999999999 0.00015152581765764207 0.0
0.6200000000000001 0.00011036636063420859 0.0
0.6299999999999999 7.38875631090865e-05 0.0
0.6400000000000001 4.197621264124983e-05 0.0
0.6499999999999999 1.8192016128119796e-05 0.0
0.6600000000000001 6.207099146422957e-06 0.0
0.6699999999999999 7.416845445927552e-06 0.0
0.6800000000000002 2.0406690690828154e-05 0.0
0.69 4.20327102330178e-05 0.0
0.7000000000000002 6.925875352903879e-05 0.0
0.71 0.00010080481597649782 0.0
0.7200000000000002 0.00013801240230203583 0.0
0.73 0.0001848502120597231 0.0
0.7400000000000002 0.00024739125618396463 0.0
0.75 0.00033324355944274847 0.0
0.7600000000000002 0.0004513245128485944 0.0
0.77 0.0006121520044464666 0.0
0.7800000000000002 0.0008286186752047066 0.0
0.79 0.001117103937966392 0.0
0.8000000000000003 0.0014987759243429207 0.0
0.81 0.0020010047325605415 0.0
0.8199999999999998 0.0026588953774156114 0.0
0.8300000000000001 0.003517012791530652 0.0
0.8399999999999999 0.004631396276931774 0.0
0.8500000000000001 0.006071952516484397 0.0
0.8599999999999999 0.007925290118972483 0.0
0.8700000000000001 0.010298029206041923 0.0
0.8799999999999999 0.013320594444095623 0.0
0.8900000000000001 0.01715147958045636 0.0
0.8999999999999999 0.021981951808585594 0.0
0.9100000000000001 0.028041139813625163 0.0
0.9199999999999999 0.03560141592438125 0.0
0.9300000000000002 0.04498393822509499 0.0
0.94 0.05656416241130182 0.0
0.9500000000000002 0.07077706655566539 0.0
0.96 0.08812175656208247 0.0
0.9700000000000002 0.10916503841782683 0.0
0.98 0.13454345876350793 0.0
0.9900000000000002 0.16496323233516896 0.0
1.0 0.2011973995304598 0.0
1.0100000000000002 0.2440794974459013 0.0
1.02 0.29449299269104157 0.0
1.0300000000000002 0.3533557251587259 0.0
1.04 0.4215986609743179 0.0
1.0500000000000003 0.5001383628535839 0.0
1.06 0.5898427694289518 0.0
1.0700000000000003 0.6914901424831126 0.0
1.08 0.8057214000485315 0.0
1.0899999999999999 0.9329865066483786 0.0
1.1 1.0734861352245677 0.0
1.1099999999999999 1.22711043501082 0.0
1.12 1.3933774112585584 0.0
1.13 1.5713741095402598 0.0
1.1400000000000001 1.7597044496715621 0.0
1.15 1.956448109690733 0.0
1.1600000000000001 2.1591352450440526 0.0
1.17 2.364741960646441 0.0
1.1800000000000002 2.5697112509777926 0.0
1.19 2.7700035104115535 0.0
1.2000000000000002 2.961179634411676 0.0
1.21 3.1385181512075535 0.0
1.2200000000000002 3.2971657499473817 0.0
1.23 3.4323180615961046 0.0
1.2400000000000002 3.5394247215822 0.0
1.25 3.6144097879364936 0.0
1.2600000000000002 3.6538957645804913 0.0
1.27 3.655417099213034 0.0
1.2800000000000002 3.6176074258033766 0.0
1.29 3.540344328889433 0.0
1.3000000000000003 3.4248363020143877 0.0
1.31 3.273639060893046 0.0
1.3200000000000003 3.0905925445363156 0.0
1.33 2.8806757176856435 0.0
1.3399999999999999 2.6497833624325065 0.0
1.35 2.404436808161291 0.0
1.3599999999999999 2.1514480880899933 0.0
1.37 1.8975632032323935 0.0
1.38 1.6491138720074583 0.0
1.3900000000000001 1.4117074391063986 0.0
1.4 1.189981111489435 0.0
1.4100000000000001 0.9874396657700698 0.0
1.42 0.8063862061735323 0.0
1.4300000000000002 0.6479449411844135 0.0
1.44 0.5121649867709996 0.0
1.4500000000000002 0.39818642187003955 0.0
1.46 0.3044452564525229 0.0
1.4700000000000002 0.2288929926365874 0.0
1.48 0.1692087555094189 0.0
1.4900000000000002 0.12298670343372271 0.0
1.5 0.08788747469787585 0.0
1.5100000000000002 0.06174864861125276 0.0
1.52 0.04265465786300089 0.0
1.5300000000000002 0.028970682591944217 0.0
1.54 0.019347548691367945 0.0
1.5500000000000003 0.012705622981434404 0.0
1.56 0.008205442144043907 0.0
1.5700000000000003 0.005211729727956304 0.0
1.58 0.003255948473942471 0.0
1.5899999999999999 0.0020009404537789954 0.0
1.6 0.0012097619800596352 0.0
1.6099999999999999 0.0007196566113271902 0.0
1.62 0.00042127216369177215 0.0
1.63 0.0002426980306643761 0.0
1.6400000000000001 0.00013762299047688706 0.0
1.65 7.682332453201955e-05 0.0
1.6600000000000001 4.2221080635863154e-05 0.0
1.67 2.2848459765258633e-05 0.0
1.6800000000000002 1.2176802791074251e-05 0.0
1.69 6.391692152976617e-06 0.0
1.7000000000000002 3.3049282904337785e-06 0.0
1.71 1.683561570569482e-06 0.0
1.7200000000000002 8.450328006822839e-07 0.0
1.73 4.1797675967352665e-07 0.0
1.7400000000000002 2.0376078892962286e-07 0.0
1.75 9.791164423821515e-08 0.0
1.7600000000000002 4.6381848028482485e-08 0.0
1.77 2.166285979282511e-08 0.0
1.7800000000000002 9.976792238583355e-09 0.0
1.79 4.5313343169397565e-09 0.0
1.8000000000000003 2.0298933098713833e-09 0.0
1.81 8.969812704534294e-10 0.0
1.8200000000000003 3.910271887680173e-10 0.0
1.83 1.681874232126256e-10 0.0
1.8399999999999999 7.138251352714794e-11 0.0
1.85 2.989854476350327e-11 0.0
1.8599999999999999 1.2359894012962405e-11 0.0
1.87 5.043527888030638e-12 0.0
1.88 2.031651541976947e-12 0.0
1.8900000000000001 8.080071196011011e-13 0.0
1.9 3.172958101192667e-13 0.0
1.9100000000000001 1.2302957522056136e-13 0.0
1.92 4.713574565363258e-14 0.0
1.9300000000000002 1.7801414859478116e-14 0.0
1.94 6.679947125232598e-15 0.0
1.9500000000000002 2.441522870346983e-15 0.0
1.96 9.03122023672727e-16 0.0
1.9700000000000002 3.2849195244955696e-16 0.0
1.98 9.992504910780763e-17 0.0
1.9900000000000002 7.03204898244381e-17 0.0
