-2.0 6.206041932486905e-57 0.0
-1.99 4.553460228406545e-56 0.0
-1.98 4.2421879091495686e-55 0.0
-1.97 3.795271909415095e-54 0.0
-1.96 3.3630338719626933e-53 0.0
-1.95 2.941542176092289e-52 0.0
-1.94 2.5402747390154317e-51 0.0
-1.93 2.165632335729739e-50 0.0
-1.92 1.822391154191078e-49 0.0
-1.91 1.5135724972031793e-48 0.0
-1.9 1.240569397466937e-47 0.0
-1.89 1.0033344931262915e-46 0.0
-1.88 8.006210858979215e-46 0.0
-1.87 6.302512438993663e-45 0.0
-1.8599999999999999 4.893883112802444e-44 0.0
-1.85 3.747946446449068e-43 0.0
-1.84 2.8306009291634412e-42 0.0
-1.83 2.1079183995435582e-41 0.0
-1.82 1.547611652112373e-40 0.0
-1.81 1.1200698673211015e-39 0.0
-1.8 7.989943482184425e-39 0.0
-1.79 5.616903017833279e-38 0.0
-1.78 3.890831973985956e-37 0.0
-1.77 2.6553181482938702e-36 0.0
-1.76 1.7850641446741042e-35 0.0
-1.75 1.181917799908045e-34 0.0
-1.74 7.706340827983128e-34 0.0
-1.73 4.947276486409599e-33 0.0
-1.72 3.126575141708537e-32 0.0
-1.71 1.9448317458310811e-31 0.0
-1.7 1.190500038942534e-30 0.0
-1.69 7.17022253762077e-30 0.0
-1.68 4.248260251152665e-29 0.0
-1.67 2.4756084238874664e-28 0.0
-1.66 1.4185995535708784e-27 0.0
-1.65 7.99202503348398e-27 0.0
-1.6400000000000001 4.425704801252591e-26 0.0
-1.63 2.408481209148128e-25 0.0
-1.62 1.2877837738219335e-24 0.0
-1.6099999999999999 6.76366404042512e-24 0.0
-1.6 3.488652590796618e-23 0.0
-1.5899999999999999 1.7667039205450008e-22 0.0
-1.58 8.78193508069698e-22 0.0
-1.57 4.283741052665693e-21 0.0
-1.56 2.0499568989500465e-20 0.0
-1.55 9.62126931519631e-20 0.0
-1.54 4.427504810637522e-19 0.0
-1.53 1.997067106526378e-18 0.0
-1.52 8.826648159045625e-18 0.0
-1.51 3.821425658835555e-17 0.0
-1.5 1.6200643572571968e-16 0.0
-1.49 6.722961784689153e-16 0.0
-1.48 2.7299065757216216e-15 0.0
-1.47 1.0842348585763523e-14 0.0
-1.46 4.2102596991880896e-14 0.0
-1.45 1.5977800524119138e-13 0.0
-1.44 5.92312300518204e-13 0.0
-1.43 2.143891352848583e-12 0.0
-1.42 7.57276163900934e-12 0.0
-1.4100000000000001 2.6089999175967757e-11 0.0
-1.4 8.76228149397737e-11 0.0
-1.3900000000000001 2.8669738012510767e-10 0.0
-1.38 9.133074758225999e-10 0.0
-1.37 2.8307528964721695e-09 0.0
-1.3599999999999999 8.530271637274945e-09 0.0
-1.35 2.4972437735546663e-08 0.0
-1.3399999999999999 7.096291673714135e-08 0.0
-1.33 1.9556012516486248e-07 0.0
-1.3199999999999998 5.221315572201051e-07 0.0
-1.31 1.3491633174003581e-06 0.0
-1.2999999999999998 3.3699544519972267e-06 0.0
-1.29 8.126378998396583e-06 0.0
-1.28 1.8891307912743228e-05 0.0
-1.27 4.2269387629947114e-05 0.0
-1.26 9.086792265054374e-05 0.0
-1.25 0.000187298534806448 0.0
-1.24 0.0003693081857937334 0.0
-1.23 0.0006947170110840368 0.0
-1.22 0.0012428674289253726 0.0
-1.21 0.002106755186611529 0.0
-1.2 0.0033682765571773562 0.0
-1.19 0.005050944532364745 0.0
-1.18 0.007053809081738467 0.0
-1.17 0.009089287605822583 0.0
-1.1600000000000001 0.01067156763959643 0.0
-1.15 0.0112147748991009 0.0
-1.1400000000000001 0.010274425243398042 0.0
-1.13 0.007881014570066736 0.0
-1.12 0.004788516248951572 0.0
-1.1099999999999999 0.0023774368967198504 0.0
-1.1 0.002043724202301292 0.0
-1.0899999999999999 0.004245153428888017 0.0
-1.08 0.007825469526528952 0.0
-1.0699999999999998 0.010387295037831602 0.0
-1.06 0.009916730276288655 0.0
-1.0499999999999998 0.006676100855896786 0.0
-1.04 0.00354447300173823 0.0
-1.03 0.0037784486777998247 0.0
-1.02 0.007664681936353419 0.0
-1.01 0.011550591872908397 0.0
-1.0 0.01127700135576468 0.0
-0.99 0.007154572050650139 0.0
-0.98 0.004433994341944809 0.0
-0.97 0.007247844339374339 0.0
-0.96 0.012689421225811522 0.0
-0.95 0.013749875439374941 0.0
-0.94 0.009056240855980228 0.0
-0.9299999999999999 0.005932339694390911 0.0
-0.9199999999999999 0.010157262097123988 0.0
-0.9099999999999999 0.016227799332001434 0.0
-0.8999999999999999 0.0149158475992353 0.0
-0.8899999999999999 0.008764947415760626 0.0
-0.8799999999999999 0.009289165902227017 0.0
-0.8699999999999999 0.01715203369640126 0.0
-0.8599999999999999 0.019403507318672242 0.0
-0.8499999999999999 0.01254576839349483 0.0
-0.8400000000000001 0.010651106430839004 0.0
-0.8300000000000001 0.019312192576762567 0.0
-0.8200000000000001 0.02317058230882484 0.0
-0.81 0.01561298648855377 0.0
-0.8 0.013778385043174137 0.0
-0.79 0.02384243079923271 0.0
-0.78 0.02642684073003868 0.0
-0.77 0.017803381911284846 0.0
-0.76 0.019536575523050503 0.0
-0.75 0.030436596747095337 0.0
-0.74 0.028093631616016655 0.0
-0.73 0.021111615828078724 0.0
-0.72 0.029516330068681654 0.0
-0.71 0.03613160710573203 0.0
-0.7 0.02857385880344846 0.0
-0.69 0.030580277109524205 0.0
-0.6799999999999999 0.041323760330897415 0.0
-0.6699999999999999 0.0375007759312965 0.0
-0.6599999999999999 0.03545974089554053 0.0
-0.6499999999999999 0.04720252321250277 0.0
-0.6399999999999999 0.046822430481323125 0.0
-0.6299999999999999 0.042981439620738984 0.0
-0.6199999999999999 0.055797405942810734 0.0
-0.6099999999999999 0.05807757031403068 0.0
-0.5999999999999999 0.053168931293517234 0.0
-0.5900000000000001 0.06785750474980885 0.0
-0.5800000000000001 0.07264250642824265 0.0
-0.5700000000000001 0.06768310811128986 0.0
-0.56 0.0849057008964803 0.0
-0.55 0.0914354283075861 0.0
-0.54 0.08881447216061131 0.0
-0.53 0.10958106325104519 0.0
-0.52 0.11591032552513102 0.0
-0.51 0.11943711276082221 0.0
-0.5 0.1445211515829415 0.0
-0.49 0.14871780999406187 0.0
-0.48 0.16340240801155942 0.0
-0.47 0.1910641047384158 0.0
-0.45999999999999996 0.19427898801002882 0.0
-0.44999999999999996 0.22450320825676012 0.0
-0.43999999999999995 0.24910723754193445 0.0
-0.42999999999999994 0.2593316425070336 0.0
-0.41999999999999993 0.30304421949425514 0.0
-0.4099999999999999 0.32000818967766603 0.0
-0.3999999999999999 0.3502679887837134 0.0
-0.3899999999999999 0.39342725561735337 0.0
-0.3799999999999999 0.4111788848543643 0.0
-0.3699999999999999 0.46385474704913676 0.0
-0.3599999999999999 0.491011780559554 0.0
-0.34999999999999987 0.5307061277781319 0.0
-0.33999999999999986 0.5819848875544792 0.0
-0.33000000000000007 0.6043120560738124 0.0
-0.32000000000000006 0.6661763153476669 0.0
-0.31000000000000005 0.6930029875155241 0.0
-0.30000000000000004 0.7382616158370823 0.0
-0.29000000000000004 0.7807577167128411 0.0
-0.28 0.8072285930435301 0.0
-0.27 0.8603297674487009 0.0
-0.26 0.8772587371571463 0.0
-0.25 0.9218325005496822 0.0
-0.24 0.9233515042663893 0.0
-0.22999999999999998 0.9356262047428306 0.0
-0.21999999999999997 0.9501962338939112 0.0
-0.20999999999999996 0.9688644970299771 0.0
-0.19999999999999996 1.001526881711198 0.0
-0.18999999999999995 0.9736652434300741 0.0
-0.17999999999999994 0.9250097714455363 0.0
-0.16999999999999993 0.8434886649942134 0.0
-0.15999999999999992 0.8274411442582854 0.0
-0.1499999999999999 0.8300103590156586 0.0
-0.1399999999999999 0.836584740410239 0.0
-0.1299999999999999 0.7835115820521699 0.0
-0.11999999999999988 0.696853461861848 0.0
-0.10999999999999988 0.5997017150778835 0.0
-0.09999999999999987 0.4948927086815599 0.0
-0.08999999999999986 0.3917403435700268 0.0
-0.08000000000000007 0.3131170509275911 0.0
-0.07000000000000006 0.2812036691441228 0.0
-0.06000000000000005 0.26252462973217233 0.0
-0.050000000000000044 0.23907539650442383 0.0
-0.040000000000000036 0.20251783445751956 0.0
-0.030000000000000027 0.15815443205754312 0.0
-0.020000000000000018 0.09663748087319618 0.0
-0.010000000000000009 0.03902542098801655 0.0
0.0 0.025463896472332492 0.0
0.010000000000000231 0.12709109777714944 -2.0
0.020000000000000018 0.21307743812382735 -2.0
0.03000000000000025 0.14804975322688205 -2.0
0.040000000000000036 0.0411547406414797 -2.0
0.04999999999999982 0.13686470806352566 -2.0
0.06000000000000005 0.4365348567742594 -2.0
0.06999999999999984 0.8052792099642956 -2.0
0.08000000000000007 1.0682853599048365 -2.0
0.08999999999999986 0.8795838767509522 -2.0
0.10000000000000009 0.3931999744785207 -2.0
0.10999999999999988 0.42480287516139725 -2.0
0.1200000000000001 1.2923853844932065 -2.0
0.1299999999999999 2.119988987967178 -2.0
0.14000000000000012 2.29873224842707 -2.0
0.1499999999999999 1.7982249999586708 -2.0
0.16000000000000014 0.7995602867189914 -2.0
0.16999999999999993 0.33703732369901257 -2.0
0.18000000000000016 1.7293543215109737 -2.0
0.18999999999999995 3.6962902048221875 -2.0
0.20000000000000018 4.088339028164582 -2.0
0.20999999999999996 2.748455025711971 -2.0
0.2200000000000002 0.9737451992480999 -2.0
0.22999999999999998 0.07743025847141445 -2.0
0.2400000000000002 0.9793912947766436 -2.0
0.25 3.4938943157721916 -2.0
0.26000000000000023 5.0305092755462795 -2.0
0.27 3.8223177766336045 -2.0
0.28000000000000025 1.312171748115778 -2.0
0.29000000000000004 0.10493998620812602 -2.0
0.30000000000000027 0.5616768001727722 -2.0
0.31000000000000005 1.5621429326215766 -2.0
0.31999999999999984 2.4066719593991457 -2.0
0.33000000000000007 2.374749147096815 -2.0
0.33999999999999986 1.6966783090120465 -2.0
0.3500000000000001 1.0741545096708165 -2.0
0.3599999999999999 0.8339394748323422 -2.0
0.3700000000000001 0.6767064402094186 -2.0
0.3799999999999999 0.5923427541210116 -2.0
0.3900000000000001 0.8823461594045824 -2.0
0.3999999999999999 1.3645311863916034 -2.0
0.41000000000000014 1.66715955437514 -2.0
0.41999999999999993 1.5071816360476165 -2.0
0.43000000000000016 0.6355880151838734 -2.0
0.43999999999999995 0.007616914028337002 -2.0
0.4500000000000002 0.8350545240672037 -2.0
0.45999999999999996 2.2884791415315116 -2.0
0.4700000000000002 2.5646184464997104 -2.0
0.48 1.357868182946683 -2.0
0.4900000000000002 0.3008236573845269 -2.0
0.5 0.00862576004375953 0.0
0.5100000000000002 0.05639359188656507 0.0
0.52 0.12452337276665651 0.0
0.5300000000000002 0.17048805742189868 0.0
0.54 0.2071718874097711 0.0
0.5500000000000003 0.21911452442311072 0.0
0.56 0.2192898293919307 0.0
0.5699999999999998 0.22764852425015805 0.0
0.5800000000000001 0.2237169902057443 0.0
0.5899999999999999 0.20841175005990784 0.0
0.6000000000000001 0.20498159187586798 0.0
0.6099999999999999 0.1995445147396304 0.0
0.6200000000000001 0.1801186976180627 0.0
0.6299999999999999 0.16837033237914548 0.0
0.6400000000000001 0.16481128042363125 0.0
0.6499999999999999 0.1495900378983328 0.0
0.6600000000000001 0.1323397018105735 0.0
0.6699999999999999 0.12774343404005808 0.0
0.6800000000000002 0.12120395173633526 0.0
0.69 0.1048098588747772 0.0
0.7000000000000002 0.094800137001197 0.0
0.71 0.09358412321214044 0.0
0.7200000000000002 0.08564846629123504 0.0
0.73 0.07236265048492269 0.0
0.7400000000000002 0.06756747497910866 0.0
0.75 0.06772501758271442 0.0
0.7600000000000002 0.060599879766716935 0.0
0.77 0.050409809054813494 0.0
0.7800000000000002 0.047976754590344436 0.0
0.79 0.049240301934541965 0.0
0.8000000000000003 0.044221248818538075 0.0
0.81 0.03593043875796703 0.0
0.8199999999999998 0.033640634344486525 0.0
0.8300000000000001 0.03584166395001443 0.0
0.8399999999999999 0.03383950013763466 0.0
0.8500000000000001 0.02709229702976181 0.0
0.8599999999999999 0.023265457095242584 0.0
0.8700000000000001 0.02505928901731408 0.0
0.8799999999999999 0.026448671818669896 0.0
0.8900000000000001 0.022736402629471745 0.0
0.8999999999999999 0.017359981845972743 0.0
0.9100000000000001 0.016062727963960886 0.0
0.9199999999999999 0.018600873965014333 0.0
0.9300000000000002 0.019714418393318663 0.0
0.94 0.0165708311833425 0.0
0.9500000000000002 0.012064276929492952 0.0
0.96 0.010596790037303518 0.0
0.9700000000000002 0.012706742827666533 0.0
0.98 0.014932673339776893 0.0
0.9900000000000002 0.014078172092512112 0.0
1.0 0.010493964272632486 0.0
1.0100000000000002 0.007237961638051352 0.0
1.02 0.006793501428454822 0.0
1.0300000000000002 0.008921674502018579 0.0
1.04 0.011285994762113786 0.0
1.0500000000000003 0.01166787171995436 0.0
1.06 0.009618304392015404 0.0
1.0700000000000003 0.006452689505647899 0.0
1.08 0.004045413796013663 0.0
1.0899999999999999 0.0035724682706901752 0.0
1.1 0.005004975498909535 0.0
1.1099999999999999 0.007411786585514061 0.0
1.12 0.0096328137139454 0.0
1.13 0.010844216085251795 0.0
1.1400000000000001 0.010781448643007892 0.0
1.15 0.009651468105575722 0.0
1.1600000000000001 0.007897830640233763 0.0
1.17 0.005975543227662315 0.0
1.1800000000000002 0.00421682832359843 0.0
1.19 0.002794355815583017 0.0
1.2000000000000002 0.0017482870542719624 0.0
1.21 0.0010372596126187207 0.0
1.2200000000000002 0.0005857140241946983 0.0
1.23 0.00031574467884002246 0.0
1.2400000000000002 0.00016291923464011217 0.0
1.25 8.064430913703193e-05 0.0
1.2600000000000002 3.8370288695168425e-05 0.0
1.27 1.7578833763048572e-05 0.0
1.2800000000000002 7.766561513011335e-06 0.0
1.29 3.3136874350787817e-06 0.0
1.3000000000000003 1.3670353694928346e-06 0.0
1.31 5.459146334467392e-07 0.0
1.3200000000000003 2.1124906693467213e-07 0.0
1.33 7.928682733372689e-08 0.0
1.3399999999999999 2.8888310765981215e-08 0.0
1.35 1.0226061534437418e-08 0.0
1.3599999999999999 3.519532906927374e-09 0.0
1.37 1.1785690921689528e-09 0.0
1.38 3.842392074896561e-10 0.0
1.3900000000000001 1.2203669292657932e-10 0.0
1.4 3.778077723670565e-11 0.0
1.4100000000000001 1.1407178822111702e-11 0.0
1.42 3.3607379018924023e-12 0.0
1.4300000000000002 9.666076995594396e-13 0.0
1.44 2.715340414818215e-13 0.0
1.4500000000000002 7.453255208016096e-14 0.0
1.46 1.9998432024733798e-14 0.0
1.4700000000000002 5.247446303253755e-15 0.0
1.48 1.3470142610308107e-15 0.0
1.4900000000000002 3.384059185087612e-16 0.0
1.5 8.323671151644714e-17 0.0
1.5100000000000002 2.0052302152869708e-17 0.0
1.52 4.7326744307396985e-18 0.0
1.5300000000000002 1.0943242047417348e-18 0.0
1.54 2.4775698886000837e-19 0.0
1.5500000000000003 5.482942495147937e-20 0.0
1.56 1.1821502464690983e-20 0.0
1.5700000000000003 2.470844429185559e-21 0.0
1.58 4.982130398747568e-22 0.0
1.5899999999999999 9.706076828058832e-23 0.0
1.6 1.8730223059363312e-23 0.0
1.6099999999999999 3.9872195361900745e-24 0.0
1.62 1.3947807627027404e-24 0.0
1.63 1.1675723245857254e-24 0.0
1.6400000000000001 1.3803153201170112e-24 0.0
1.65 1.5576241069752109e-24 0.0
1.6600000000000001 1.5653088512415072e-24 0.0
1.67 1.406945184490831e-24 0.0
1.6800000000000002 1.146793761423487e-24 0.0
1.69 8.583570224457135e-25 0.0
1.7000000000000002 5.9590614945793195e-25 0.0
1.71 3.867510178878324e-25 0.0
1.7200000000000002 2.361205177572199e-25 0.0
1.73 1.362893735231526e-25 0.0
1.7400000000000002 7.467938573493195e-26 0.0
1.75 3.89796337281877e-26 0.0
1.7600000000000002 1.9437165735712353e-26 0.0
1.77 9.282564345864475e-27 0.0
1.7800000000000002 4.254835760801987e-27 0.0
1.79 1.875438856753774e-27 0.0
1.8000000000000003 7.962693131517767e-28 0.0
1.81 3.2614285114523212e-28 0.0
1.8200000000000003 1.2904319036751369e-28 0.0
1.83 4.938269568736611e-29 0.0
1.8399999999999999 1.8298381625142874e-29 0.0
1.85 6.571939288448383e-30 0.0
1.8599999999999999 2.2899530185934328e-30 0.0
1.87 7.748003756215039e-31 0.0
1.88 2.5476149988333234e-31 0.0
1.8900000000000001 8.146762158720593e-32 0.0
1.9 2.535402468466412e-32 0.0
1.9100000000000001 7.684391429801218e-33 0.0
1.92 2.2694491031716728e-33 0.0
1.9300000000000002 6.5360263327173225e-34 0.0
1.94 1.835229649161324e-34 0.0
1.9500000000000002 5.042670565885631e-35 0.0
1.96 1.3388158246314593e-35 0.0
1.9700000000000002 3.6272392295095545e-36 0.0
1.98 7.993428993028767e-37 0.0
1.9900000000000002 3.4778611129012773e-37 0.0
